,C3,C4,Cz,F3,F4,F7,F8,Fp1,Fp2,Fz,O1,O2,P3,P4,Pz,T3,T4,T5,T6
C3,1.0,0.6194987345696258,0.7022409573061121,0.09087036685021217,0.6754703819814979,0.24562611862225786,0.6233852145448926,0.4723609476426796,0.8771064050323503,0.8091956178785208,0.13505096275942524,0.10772878996530902,0.778576954145861,0.7596977473404364,0.8439655480594984,0.5193821352170712,0.8841824673205575,0.7923428532737133,0.24980066179888727
C4,0.6194987345696258,1.0,0.4535417366705,0.06625099431379637,0.6487727511477897,0.2040886407851733,0.5876423806911734,0.4195060289562934,0.6503854523334281,0.5676958731453533,0.18648100518548166,0.046048256265561506,0.6956462127355264,0.6489140789656257,0.5137059414276974,0.5757787930546086,0.48261440409382445,0.38346651900320927,0.12362116673824583
Cz,0.7022409573061121,0.4535417366705,1.0,0.0831664710119175,0.4323140259798813,0.34874994904657897,0.2780144646396228,0.500076466861141,0.6544027704733899,0.6984275255009246,0.23711429133154904,0.3123791589276699,0.42381799960438815,0.5665408153769214,0.5301914473166982,0.2676508263490215,0.6254994618160519,0.7214594908744247,0.2676524600676247
F3,0.09087036685021217,0.06625099431379637,0.0831664710119175,1.0,0.18718106840249285,0.18007452759686124,0.14356993655634115,0.11260415932502922,0.09038080915462882,0.2632255884199915,0.2759886503481741,0.178146653899059,0.1688806893165517,0.059549354608499756,0.20123724226580353,0.07792521462784517,0.08050123419668723,0.12273613323571032,0.3030774464366027
F4,0.6754703819814979,0.6487727511477897,0.4323140259798813,0.18718106840249285,1.0,0.09855679957754535,0.7617039775624794,0.2569442333027886,0.6770426884728721,0.7811985311105074,0.21986596035421768,0.08750794381307198,0.8285780829432038,0.44571638492482557,0.7312252373919472,0.5778645546507627,0.5467271576289259,0.49960853709887854,0.29699815326571943
F7,0.24562611862225786,0.2040886407851733,0.34874994904657897,0.18007452759686124,0.09855679957754535,1.0,0.06265975920445693,0.5584803701690966,0.24914142743812104,0.15322634077538524,0.03122786470662859,0.055138250602835295,0.10297292422045044,0.35689868592899343,0.11061241638163026,0.10833982445883712,0.2715203160348914,0.21128968802925263,0.026071154289621427
F8,0.6233852145448926,0.5876423806911734,0.2780144646396228,0.14356993655634115,0.7617039775624794,0.06265975920445693,1.0,0.1859333818022954,0.5759987411893982,0.6046311785157577,0.1643568810665242,0.051193635597067605,0.8514390825380974,0.412828743538012,0.6995895878508591,0.6066344693010071,0.5071734940454081,0.3781767925404101,0.23134351569451247
Fp1,0.4723609476426796,0.4195060289562934,0.500076466861141,0.11260415932502922,0.2569442333027886,0.5584803701690966,0.1859333818022954,1.0,0.5314814026875054,0.32175807105531107,0.04485918175851824,0.03310208794766438,0.27272975458192344,0.6138935418740433,0.25954957605956414,0.276098842765695,0.5168235522821008,0.407177976607165,0.0631415899199466
Fp2,0.8771064050323503,0.6503854523334281,0.6544027704733899,0.09038080915462882,0.6770426884728721,0.24914142743812104,0.5759987411893982,0.5314814026875054,1.0,0.7529470297694703,0.10679841367750609,0.06670194060733849,0.7391856975642931,0.7447567224121346,0.7227487495558659,0.5235997495947555,0.8641185872290214,0.7285706074511228,0.2248448579756864
Fz,0.8091956178785208,0.5676958731453533,0.6984275255009246,0.2632255884199915,0.7811985311105074,0.15322634077538524,0.6046311785157577,0.32175807105531107,0.7529470297694703,1.0,0.2585618831525161,0.1983183249952648,0.7710260438264477,0.5328927658623863,0.8077949357598869,0.4894607517243632,0.683664365543779,0.716692584863511,0.37113883814645754
O1,0.13505096275942524,0.18648100518548166,0.23711429133154904,0.2759886503481741,0.21986596035421768,0.03122786470662859,0.1643568810665242,0.04485918175851824,0.10679841367750609,0.2585618831525161,1.0,0.31966619965550863,0.1668297928095165,0.09424529367089489,0.19210022710397662,0.05698899768439781,0.06298253850327491,0.09862169725721212,0.08342446443130044
O2,0.10772878996530902,0.046048256265561506,0.3123791589276699,0.178146653899059,0.08750794381307198,0.055138250602835295,0.051193635597067605,0.03310208794766438,0.06670194060733849,0.1983183249952648,0.31966619965550863,1.0,0.052888169830394294,0.04073251976034856,0.13884486868550205,0.04401225018810813,0.08819110525041182,0.17330537498031542,0.2603354361945351
P3,0.778576954145861,0.6956462127355264,0.42381799960438815,0.1688806893165517,0.8285780829432038,0.10297292422045044,0.8514390825380974,0.27272975458192344,0.7391856975642931,0.7710260438264477,0.1668297928095165,0.052888169830394294,1.0,0.5825139208141445,0.8118131050328624,0.6662589709657135,0.6426596138936429,0.5192999086791766,0.21818415986087858
P4,0.7596977473404364,0.6489140789656257,0.5665408153769214,0.059549354608499756,0.44571638492482557,0.35689868592899343,0.412828743538012,0.6138935418740433,0.7447567224121346,0.5328927658623863,0.09424529367089489,0.04073251976034856,0.5825139208141445,1.0,0.5196034831832126,0.4851400236074682,0.649657288552338,0.5543630687977308,0.09312183371105849
Pz,0.8439655480594984,0.5137059414276974,0.5301914473166982,0.20123724226580353,0.7312252373919472,0.11061241638163026,0.6995895878508591,0.25954957605956414,0.7227487495558659,0.8077949357598869,0.19210022710397662,0.13884486868550205,0.8118131050328624,0.5196034831832126,1.0,0.4483952854731703,0.7365686631930003,0.6602283585704798,0.2814219004300724
T3,0.5193821352170712,0.5757787930546086,0.2676508263490215,0.07792521462784517,0.5778645546507627,0.10833982445883712,0.6066344693010071,0.276098842765695,0.5235997495947555,0.4894607517243632,0.05698899768439781,0.04401225018810813,0.6662589709657135,0.4851400236074682,0.4483952854731703,1.0,0.4340626515275637,0.33306840157353107,0.13016139263714993
T4,0.8841824673205575,0.48261440409382445,0.6254994618160519,0.08050123419668723,0.5467271576289259,0.2715203160348914,0.5071734940454081,0.5168235522821008,0.8641185872290214,0.683664365543779,0.06298253850327491,0.08819110525041182,0.6426596138936429,0.649657288552338,0.7365686631930003,0.4340626515275637,1.0,0.8053329364876164,0.29027637719323696
T5,0.7923428532737133,0.38346651900320927,0.7214594908744247,0.12273613323571032,0.49960853709887854,0.21128968802925263,0.3781767925404101,0.407177976607165,0.7285706074511228,0.716692584863511,0.09862169725721212,0.17330537498031542,0.5192999086791766,0.5543630687977308,0.6602283585704798,0.33306840157353107,0.8053329364876164,1.0,0.38692221678654515
T6,0.24980066179888727,0.12362116673824583,0.2676524600676247,0.3030774464366027,0.29699815326571943,0.026071154289621427,0.23134351569451247,0.0631415899199466,0.2248448579756864,0.37113883814645754,0.08342446443130044,0.2603354361945351,0.21818415986087858,0.09312183371105849,0.2814219004300724,0.13016139263714993,0.29027637719323696,0.38692221678654515,1.0
