,C3,C4,Cz,F3,F4,F7,F8,Fp1,Fp2,Fz,O1,O2,P3,P4,Pz,T3,T4,T5,T6
C3,0.0,0.10974087458431594,0.11247765642171281,0.10353159478846359,0.12083942931171349,0.0735044894756481,0.11378333091600946,0.09158023958438104,0.09286098458331553,0.07070171603648764,0.05780471795086249,0.02943576613756739,0.10323362470029845,0.04149218158000832,0.10787654771944816,0.00141545588473902,0.06013717559356973,0.05145259037574837,0.04034620632914653
C4,0.10974087458431594,0.0,0.08644733782759045,0.09203403547751339,0.07834425757566303,0.06266988222815051,0.05985426385337181,0.09985981155865378,0.09285816332191071,0.0938440438555345,0.08920187060784497,0.044237095570968596,0.09027781618341146,0.08310641998120853,0.08496948812636029,0.05612893996342817,0.07950962845759076,0.09642034910079822,0.07588793663788314
Cz,0.11247765642171281,0.08644733782759045,0.0,0.058614795558903934,0.07889844494789094,0.012773448462355041,0.10766119205425558,0.11251714643332125,0.00691240035537243,0.05268109912349503,0.0653083181452853,0.011939352212118316,0.006657236367751431,0.06631500560578689,0.05064678202058963,0.05261129361444282,0.014025527383907112,0.09343586286799267,0.032012323460959405
F3,0.10353159478846359,0.09203403547751339,0.058614795558903934,0.0,0.0870345299506908,0.014399993162243326,0.11152767691075255,0.1022862538801286,0.029838762208239947,0.00884607912634662,0.034616594206552824,0.024069665715932123,0.021208531400559952,0.026769893622178374,0.08005771425359917,0.04096336113044688,0.020273251008579973,0.07256156921257954,0.0008273239144454986
F4,0.12083942931171349,0.07834425757566303,0.07889844494789094,0.0870345299506908,0.0,0.05342997489737502,0.11875320617400585,0.12141897898464904,0.10916332492997559,0.09340827916812237,0.07546970467838522,0.021015000258642103,0.09837554867497085,0.07110676637783386,0.07734765966193224,0.04919313989177912,0.04601466876674763,0.10396941222293431,0.052210715468052574
F7,0.0735044894756481,0.06266988222815051,0.012773448462355041,0.014399993162243326,0.05342997489737502,0.0,0.08006004424654647,0.0781565934053808,0.009695830439674955,0.010193208219313821,0.024444710863953015,0.01343573688116623,0.01893228852102525,0.022508231202384356,0.03229930842939374,0.03901487025099013,0.005866562385753757,0.042791572236094144,0.021245907366192574
F8,0.11378333091600946,0.05985426385337181,0.10766119205425558,0.11152767691075255,0.11875320617400585,0.08006004424654647,0.0,0.08687822639189008,0.11947461212433579,0.11066785004845238,0.10277172445844267,0.07420895503792868,0.11312679503010847,0.100852201514482,0.10991806101763545,0.07710295824377529,0.09491657233635259,0.09797661740782959,0.09277940009192007
Fp1,0.09158023958438104,0.09985981155865378,0.11251714643332125,0.1022862538801286,0.12141897898464904,0.0781565934053808,0.08687822639189008,0.0,0.11219685015741439,0.09505892453119236,0.10382685249071244,0.0461494069195339,0.10606969471997528,0.08096210952421615,0.11496671279272702,0.052861898286214855,0.10014713884603253,0.0916779461909568,0.07465651238617652
Fp2,0.09286098458331553,0.09285816332191071,0.00691240035537243,0.029838762208239947,0.10916332492997559,0.009695830439674955,0.11947461212433579,0.11219685015741439,0.0,0.03472270387577702,0.045124330677415364,0.0077408687167945175,0.009557297810086551,0.03904715623878014,0.030361613521612978,0.03044279410073764,0.008156384866109022,0.06822519969103108,0.013342046826974506
Fz,0.07070171603648764,0.0938440438555345,0.05268109912349503,0.00884607912634662,0.09340827916812237,0.010193208219313821,0.11066785004845238,0.09505892453119236,0.03472270387577702,0.0,0.025714686496082058,0.02427456864336599,0.04732321841784504,0.030614520586521386,0.07974221999792304,0.017654954960706903,0.015619789124156725,0.059883926049855846,0.007202613521317732
O1,0.05780471795086249,0.08920187060784497,0.0653083181452853,0.034616594206552824,0.07546970467838522,0.024444710863953015,0.10277172445844267,0.10382685249071244,0.045124330677415364,0.025714686496082058,0.0,0.02483460643061024,0.040171510306055,0.02852377038547201,0.06997447111215593,0.033948395641388546,0.031019246285917346,0.03776487145030174,0.0004634265284474114
O2,0.02943576613756739,0.044237095570968596,0.011939352212118316,0.024069665715932123,0.021015000258642103,0.01343573688116623,0.07420895503792868,0.0461494069195339,0.0077408687167945175,0.02427456864336599,0.02483460643061024,0.0,0.012140714148955154,0.02296743384421237,0.010739457398519949,0.009314272678127962,0.015946364780385143,0.04506848172214337,0.018191646894069043
P3,0.10323362470029845,0.09027781618341146,0.006657236367751431,0.021208531400559952,0.09837554867497085,0.01893228852102525,0.11312679503010847,0.10606969471997528,0.009557297810086551,0.04732321841784504,0.040171510306055,0.012140714148955154,0.0,0.04472252398998504,0.047143919300440436,0.038270673489654676,0.010572886734806454,0.08958640718404728,0.0170926910441675
P4,0.04149218158000832,0.08310641998120853,0.06631500560578689,0.026769893622178374,0.07110676637783386,0.022508231202384356,0.100852201514482,0.08096210952421615,0.03904715623878014,0.030614520586521386,0.02852377038547201,0.02296743384421237,0.04472252398998504,0.0,0.06537381594251017,0.0223975176505803,0.05252956073833378,0.020648101047661883,0.03379711200435173
Pz,0.10787654771944816,0.08496948812636029,0.05064678202058963,0.08005771425359917,0.07734765966193224,0.03229930842939374,0.10991806101763545,0.11496671279272702,0.030361613521612978,0.07974221999792304,0.06997447111215593,0.010739457398519949,0.047143919300440436,0.06537381594251017,0.0,0.0464472863259931,0.029263862881808694,0.10318864044348318,0.03242614951869415
T3,0.00141545588473902,0.05612893996342817,0.05261129361444282,0.04096336113044688,0.04919313989177912,0.03901487025099013,0.07710295824377529,0.052861898286214855,0.03044279410073764,0.017654954960706903,0.033948395641388546,0.009314272678127962,0.038270673489654676,0.0223975176505803,0.0464472863259931,0.0,0.050772010718784615,0.008327393505379626,0.012915789114014609
T4,0.06013717559356973,0.07950962845759076,0.014025527383907112,0.020273251008579973,0.04601466876674763,0.005866562385753757,0.09491657233635259,0.10014713884603253,0.008156384866109022,0.015619789124156725,0.031019246285917346,0.015946364780385143,0.010572886734806454,0.05252956073833378,0.029263862881808694,0.050772010718784615,0.0,0.042571230323841205,0.03580306390856346
T5,0.05145259037574837,0.09642034910079822,0.09343586286799267,0.07256156921257954,0.10396941222293431,0.042791572236094144,0.09797661740782959,0.0916779461909568,0.06822519969103108,0.059883926049855846,0.03776487145030174,0.04506848172214337,0.08958640718404728,0.020648101047661883,0.10318864044348318,0.008327393505379626,0.042571230323841205,0.0,0.0505754278473484
T6,0.04034620632914653,0.07588793663788314,0.032012323460959405,0.0008273239144454986,0.052210715468052574,0.021245907366192574,0.09277940009192007,0.07465651238617652,0.013342046826974506,0.007202613521317732,0.0004634265284474114,0.018191646894069043,0.0170926910441675,0.03379711200435173,0.03242614951869415,0.012915789114014609,0.03580306390856346,0.0505754278473484,0.0
