Alpha
3.13758373579027e-05
0.0002225666725117043
0.0006146642654787613
0.0004724322243235133
-0.002071641519159807
-0.008480777441366768
-0.016558683657972053
-0.018620872776176963
-0.004732024357265867
0.02917504628521489
0.07380825907442443
0.10637556236517677
0.09973761875084612
0.03674397118665086
-0.07702388925945448
-0.20860129384019113
-0.30539108981966095
-0.3146823093001146
-0.20795371200880833
0.0010663458413843476
0.25475066364396315
0.4699254156964198
0.5696180899363229
0.5138286098918948
0.3150163392039683
0.03163738750393626
-0.2561583318858549
-0.4761856653037401
-0.5857071722194203
-0.5778829084859135
-0.4748613446941951
-0.3135954434942374
-0.1304267139029981
0.05088583318656547
0.22382495565508792
0.3936195911439544
0.5621019329997209
0.7098188136196169
0.7879169532428706
0.7300009639526182
0.48237352032378844
0.03886304812641411
-0.5371044614224241
-1.1155392789876946
-1.5302741454292639
-1.627205313577653
-1.3140822588906909
-0.5971754865274737
0.4044091654706669
1.471685421314348
2.3274398534722187
2.7027719273252417
2.416072390854961
1.442369446938414
-0.05289504569153576
-1.734384282449301
-3.1732759594433304
-3.961164281940291
-3.8283815858639585
-2.72971084204207
-0.8696507817937338
1.3408098950416787
3.3829981351596046
4.75845732223161
5.113615262613389
4.329280890833626
2.5518136539481393
0.15944770543111944
-2.325130587656831
-4.3532676311537575
-5.4735249554988545
-5.434601648604572
-4.245807159469702
-2.1778874288066095
0.30085394716509717
2.639273704413517
4.338108764289147
5.067378272443081
4.735575882004778
3.4954831212230433
1.6888276992593296
-0.25356095845561893
-1.927314083291287
-3.050375703524399
-3.510350561903803
-3.3543598001708217
-2.7348884892853516
-1.8394391261750784
-0.8329193796725327
0.169400323982754
1.0970557200201327
1.899398455104582
2.517197736572253
2.8665853382848203
2.8467657751522557
2.3745424968828632
1.4355266095142556
0.12839783528413506
-1.325306353889239
-2.620608112720139
-3.44868987294512
-3.588424502771811
-2.9775015219547885
-1.7396858858465556
-0.1583347356032109
1.3986622245606293
2.580529731099401
3.148011312139699
3.0296474138182465
2.3249724951311297
1.2585413009921098
0.10410567851625085
-0.8939438077754345
-1.5774013799417808
-1.8949265876866401
-1.8852338655850993
-1.6351945686601213
-1.234501252423129
-0.7471169346027388
-0.20814746346297786
0.35957086480870204
0.9229894482882182
1.4225509915275785
1.7684291169761557
1.8532855104954502
1.584337908877606
0.9301780986957888
-0.035339798973941045
-1.1183591663545944
-2.03913740153562
-2.512973946525592
-2.350859958959005
-1.5396640574439315
-0.26741340605448494
1.1205542432940725
2.2234519503898125
2.7120128919308897
2.436845893844131
1.4796053905949476
0.12833277917715666
-1.2146265664205191
-2.1600689687014616
-2.4517134571987502
-2.040003367071735
-1.0877685463468396
0.09184973927711157
1.141007113848334
1.767703988618894
1.8264931475422834
1.350855310145608
0.5338280092755384
-0.33701897816878884
-0.9741905287368795
-1.1862659473890111
-0.9415746280381049
-0.3745976923254875
0.26897209266280103
0.7278351505080274
0.8231562274544639
0.5211271084856774
-0.060258338339806684
-0.6975016150545325
-1.1412162931117753
-1.2016723999768484
-0.8138742122545718
-0.06352917387830952
0.8331757261302135
1.5911729408759003
1.9439749609705324
1.732389895145416
0.9661577964757762
-0.16413450150497882
-1.334195102684991
-2.183507652996634
-2.4336446255093427
-1.9843672134099422
-0.951001862593243
0.3689817563418017
1.5860576645314748
2.3356001254506196
2.3876946545659603
1.7191313553649854
0.5265302544996626
-0.8247547299593279
-1.9041315960324274
-2.346600185980922
-1.9761085964952478
-0.8807057453054365
0.5947162840235384
1.9472079926085666
2.680236439065482
2.479816303549483
1.3390873014750133
-0.41759431690356896
-2.2263660945694133
-3.4656346258172253
-3.6679534584406706
-2.6874840133476936
-0.7621180468727317
1.552395664651609
3.5534122956138425
4.610820918222355
4.3656484272129985
2.846764391994301
0.4696154573368027
-2.083847393934621
-4.068812898169446
-4.903631159944616
-4.349305029997258
-2.5856922151730615
-0.1568972861718947
2.200679937766831
3.7932043459027023
4.18850301717085
3.3446732268094337
1.6057502933527024
-0.42903079114323384
-2.1112756158941637
-2.9522096953314905
-2.7672301822945458
-1.7144691435563868
-0.22091458541122813
1.1745450516241063
2.0058035577196045
2.0295095583706044
1.29254752109517
0.09925781508537672
-1.1051793774564935
-1.8914655084020888
-1.9885925854415585
-1.3666648373221504
-0.2375072238464813
1.022499017134257
1.9989271584508244
2.3728281238347058
2.0190794557797447
1.0406942474478242
-0.2678787079891834
-1.5134899191463873
-2.3241182973165295
-2.461706754262251
-1.8951609723601865
-0.809579519857276
0.4539669130559933
1.5103345796379513
2.0565837739037987
1.9685501218484676
1.3333384002842001
0.40669622573394215
-0.4872110010105475
-1.0739680809100673
-1.2197921904414109
-0.9630159686278891
-0.47870039908491085
0.005474645336073191
0.305874899292165
0.3518749729027258
0.19966387868066474
-0.011521727907932076
-0.13732644463267313
-0.10186423573435172
0.06874701351671675
0.26784036535580924
0.37088588955967944
0.3049726609361417
0.08892835518688778
-0.17491154148745505
-0.350834991914579
-0.3365864772091819
-0.11693507974818061
0.2199305962828248
0.5132816516045299
0.5979769391593919
0.381386578232067
-0.10531127110549969
-0.7059225466829547
-1.1912000134404237
-1.3441222139821851
-1.0452352771354037
-0.32584983849035876
0.630221962388373
1.5374574116026096
2.0967967532413025
2.0949803914086225
1.482700744357115
0.40208368792918153
-0.8502243222310658
-1.9146436525696935
-2.483971102602436
-2.401140679372744
-1.7047510353127007
-0.6088185237751736
0.5719810717015636
1.5228329167549626
2.0215426561193683
1.9959754382853163
1.5301839031396542
0.8192193539596738
0.09097979310852336
-0.47427288716457855
-0.7962231296469777
-0.9003753516375583
-0.8798246746349883
-0.8346070924170321
-0.8174418798838622
-0.8085730745727003
-0.7289703377788658
-0.48527923194549477
-0.02686960525614539
0.6098947012501523
1.2908989437290783
1.815474790188164
1.981549206325775
1.662187272096167
0.8640469661167345
-0.256307867969264
-1.4255479778578408
-2.3256544649557984
-2.684579082240417
-2.3616849356207745
-1.4025669541658297
-0.04098272204055841
1.360427993706357
2.4160521895113316
2.834938921914913
2.509008380821706
1.541822622106711
0.2110505261715439
-1.1185011715535194
-2.100764148166213
-2.501624358365987
-2.2553244786761386
-1.4712255387094075
-0.3911143495966451
0.688635532360994
1.5036093242225
1.887612946363878
1.8007583854745843
1.3193723362682555
0.6003713337160608
-0.16552785956969632
-0.801375701557491
-1.1835296694216355
-1.2639196810787277
-1.0697087908898681
-0.683785159195454
-0.21634377938521876
0.2224217535653214
0.5436416843061167
0.6943493702031183
0.6653870096692714
0.49199081920926774
0.24517722236597836
0.012004144324515461
-0.13307003695667524
-0.1566183632371176
-0.08133877082001467
0.02232218512244641
0.06756660358856209
-0.007456269350897692
-0.20692793834828294
-0.46692199739909124
-0.6716503239586191
-0.6922585280571039
-0.4378858099514434
0.09589672458702712
0.7999499361453812
1.4632463473458146
1.8291008692907929
1.6821141184969326
0.9355746505281692
-0.3140413082689052
-1.7865374939992171
-3.073707346763906
-3.7398772546695453
-3.448017780529985
-2.08346269287438
0.16199591640742486
2.784692345514879
5.067504205349661
6.274139166170513
5.888294860454076
3.816287030371501
0.4728257234917592
-3.2957560338648952
-6.440742495570209
-8.026783489777227
-7.533388319468372
-5.039290391490786
-1.2195425763523593
2.8533030191352924
6.042216455252481
7.500953410661012
6.930434281436875
4.65016775403674
1.4644290839471161
-1.6253396045621824
-3.7585178962661345
-4.484872400143571
-3.8730029459692883
-2.42588698444543
-0.845818138851542
0.25315020629965945
0.5727009403424458
0.21443016591621264
-0.4035404772115738
-0.7554339660274447
-0.45207795643819815
0.5795712333143949
2.050919626032084
3.4138862928968767
4.068933221996045
3.6010621520292787
1.9569394707927392
-0.5040058570474174
-3.107788314242201
-5.082229792356761
-5.815127337101217
-5.060099165517105
-3.015444954667259
-0.25184975092693707
2.4773366641427317
4.470862188125253
5.2794227252978105
4.810350345890132
3.3141759212590456
1.2715988802131453
-0.7708878398796647
-2.359480940402469
-3.2379061859735523
-3.373302956909455
-2.9077004083186266
-2.066620948866207
-1.0681969158782538
-0.06828074889324144
0.8449926677718013
1.618745659806394
2.1932306987831462
2.4799564606011097
2.3771855105288675
1.818912864996605
0.8338825032933778
-0.41779948805425593
-1.6570336177260918
-2.553976985635573
-2.8329112529059244
-2.3750641335210005
-1.2779394299136764
0.15658920998525191
1.508095492792582
2.3713877979841493
2.4919867194011522
1.8541444867013486
0.6878557283562217
-0.6098536450110934
-1.612113111069689
-2.008232533173056
-1.7053617889931214
-0.8497931178899849
0.23659988708388405
1.1769172536337937
1.6693820082777144
1.5802847387023184
0.9719178214585855
0.0652050470073447
-0.8408874676537551
-1.4630840109849257
-1.6150137435470784
-1.2579362651708552
-0.5098158524292918
0.38992450949048596
1.1520242714262623
1.527429700896062
1.3899426229499687
0.783283467346753
-0.08682771072047982
-0.9162703632052142
-1.4035118036711665
-1.3568960053898063
-0.7712966373361865
0.15769069177022244
1.0934562953757652
1.6747259433940218
1.648374888104147
0.9702364126732699
-0.16564948675182833
-1.3841373888168105
-2.254783375594379
-2.4423362400424335
-1.8285142717447658
-0.5615623734306462
0.9851457671314172
2.3321481580399595
3.0492176799498893
2.8937157554550854
1.8876349466195093
0.31236891230088293
-1.3739001011119918
-2.6717461434909002
-3.1921760035867104
-2.7811510347172006
-1.5759715327900503
0.03190373223548043
1.5237010031290188
2.430476355793871
2.4963976502170175
1.7652678688054193
0.5560066781907395
-0.6636484184441994
-1.4558183807899505
-1.5739250450092268
-1.0448843764534006
-0.14266803200343792
0.7316557587338743
1.2122670271969498
1.1095478153446237
0.47739085086090904
-0.41665960420226994
-1.2045678685100367
-1.5668183072710649
-1.3554696457794313
-0.6431862969545035
0.31503949885559146
1.184602046383086
1.6746219995574045
1.6364405201242282
1.1054668002563013
0.27711463701751077
-0.5694634035099765
-1.1704965147271342
-1.3650254966961022
-1.1411228627792682
-0.6260962504378599
-0.027095744464735068
0.45200820770287187
0.6832237408682562
0.6489314894666119
0.4289480369428776
0.15186473589477906
-0.0638078637261777
-0.1530208594035129
-0.11828675945601846
-0.015314169437711203
0.07936575843066473
0.10436404081672918
0.03896132553578642
-0.09087786649369796
-0.22651234157061373
-0.30277734720218263
-0.274917720619868
-0.13720114849151246
0.07201768182196377
0.28086987486039555
0.4080659995050652
0.39332196976566924
0.22362604986274945
-0.055227528563732295
-0.3484289481309563
-0.542361277686362
-0.5463588765249489
-0.3314711338879347
0.04959633259601596
0.47218098529333113
0.7793982951060016
0.8397633242939652
0.6006236408628516
0.11466188623917861
-0.4722841064681418
-0.967880028188784
-1.197678763976108
-1.0649530679749204
-0.5859036730093025
0.11149037518015383
0.8252146953830884
1.3414326376131092
1.5001907728615687
1.243607661354385
0.6331294689837673
-0.1679681279577685
-0.9414596641472431
-1.4770602192580953
-1.63297138822908
-1.3750596185961008
-0.7813643761624816
-0.01167479867777821
0.7437080491018749
1.315219700162908
1.5886412218293025
1.5177171964772134
1.1206498184585436
0.47050738868558784
-0.31449321170356875
-1.081967749579591
-1.6632286886188739
-1.9029620756398404
-1.699378000474685
-1.0443245599998847
-0.046949651241728035
1.073534759783488
2.0313014356101324
2.5463673965062483
2.4273709403289243
1.6394579820221882
0.33288567048817397
-1.182301905537238
-2.5123849721353126
-3.2853448735456166
-3.254515432770255
-2.3717799475764316
-0.8115203174877801
1.0615442547869327
2.7763050315464977
3.8748601908561087
4.03908874374131
3.18760397164739
1.5098323860988727
-0.5786574171336996
-2.5484649931580843
-3.9009836799270463
-4.30095252763484
-3.660611025440585
-2.156680978460872
-0.17991263376477237
1.7680669933487394
3.2055080081815683
3.7971206377218776
3.441706272086442
2.2924005283074482
0.702050859666789
-0.8866086987977493
-2.069337049957074
-2.5892489329857775
-2.3967050747167
-1.6453703649354097
-0.6282615196132231
0.32417305192149176
0.9501171594746798
1.1317867763352385
0.9162706683527518
0.47778457824444526
0.039015325674185
-0.21661095661381927
-0.20912206847947337
0.018798084806473162
0.33121964802286596
0.5621223204560055
0.5854121929287947
0.3644297020175645
-0.03660688832416273
-0.48160966062299954
-0.8186158049424156
-0.9384571625727641
-0.8120063398021566
-0.49324104105442357
-0.09074514296846287
0.27755809901364265
0.5263192162714704
0.624588333561342
0.5921566269308189
0.4781396704148263
0.33580309226062616
0.20414707720624875
0.09940071850077975
0.0153244769514977
-0.0693738551220811
-0.1783216758212694
-0.3225864949706698
-0.4890076892078738
-0.6381257697078906
-0.7145143594736503
-0.66576781308735
-0.46289298284693636
-0.11584937139599755
0.3204054873495329
0.7525744936018296
1.0687382179409586
1.1685383161202627
0.9985405005362498
0.5827578642555031
0.033466581377140626
-0.4711578515947253
-0.7447437263092814
-0.6696953089493209
-0.2621468425901497
0.30753787757381734
0.7561230012575738
0.7846280418289462
0.20271372427442366
-0.9627442869600719
-2.420084712224482
-3.6582348351669904
-4.088898102622971
-3.253388440363238
-1.0299090380720728
2.237961849401726
5.75819553598376
8.47628556931353
9.391189193709428
7.902910952271855
4.066473378102287
-1.3488313350531305
-7.029189214687124
-11.47054823927339
-13.411772202136245
-12.213569589413616
-8.063534390512059
-1.9401678853371631
4.655005437798286
10.114469656860948
13.162895358656884
13.185706357732567
10.355818915895025
5.532634754061399
-0.020813777204545338
-5.004396072360903
-8.416813246238412
-9.767444271690538
-9.117529810278272
-6.9615191080492895
-4.0090957279858
-0.9536557436812456
1.6945085500917396
3.6684223126247453
4.9050780374228555
5.452443975067072
5.380731957801886
4.7391375797304045
3.5668872632720277
1.938044275871199
0.0058080432413651975
-1.983764145719399
-3.721373174167827
-4.8990570732650225
-5.286737678480456
-4.7945808772720895
-3.5017611973921587
-1.6442872213102535
0.43380765039088426
2.3538743646988207
3.7835731188464177
4.50475837829073
4.449309909382659
3.6940971402240077
2.4222344097219377
0.8701340578935001
-0.7192332524383132
-2.125975305171906
-3.167383965195751
-3.7064731796217023
-3.6649968651913643
-3.042302261827518
-1.9300216830011572
-0.5089047160208177
0.9778952320276959
2.268942842205434
3.1343177312788963
3.4203094456522587
3.0804006492874776
2.186066025349831
0.9146169696661877
-0.4839468081308238
-1.73502906180858
-2.59393204252793
-2.897174164408309
-2.6001680349882474
-1.790299910026608
-0.6675181931094758
0.5066586503501824
1.478436700432363
2.0661446406362534
2.1965137766141463
1.9021988141546757
1.2880552414971191
0.4864711028081255
-0.3762991232673801
-1.1901353998156465
-1.850621578827373
-2.245284593712412
-2.2567841699912514
-1.793684778439308
-0.8420128731310681
0.4856438251780948
1.9334647691323212
3.1402301979451037
3.7325489102884126
3.447685761450335
2.2406836417589893
0.3302055926326401
-1.8406927093538819
-3.7196165906179903
-4.799299207504443
-4.763925995267017
-3.5839978706312094
-1.531446966743283
0.8913287762377589
3.089852637023257
4.542263779215602
4.938293549222511
4.249426608067803
2.713317287858949
0.745280235382665
-1.1891381717031047
-2.698252728876164
-3.548255093191718
-3.6879346801712405
-3.2174737953798735
-2.3231905360053213
-1.2083637615009508
-0.04587349322974701
1.0366676144318092
1.9462372514110136
2.6055133870064675
2.942309700728973
2.8951537678888757
2.4324581544697432
1.5757307323215741
0.4155192807452616
-0.8883230171076724
-2.1254053843151097
-3.070969391201747
-3.5320927379959315
-3.3908442640356258
-2.6320051258023653
-1.351510089149332
0.25144434164129664
1.8970973806713285
3.2652368807721843
4.054305846600051
4.052888728076815
3.2058373765107846
1.6511027347572549
-0.2924351625376534
-2.1916321055290964
-3.6061817957940603
-4.2053356165234455
-3.858191320951288
-2.6700122849572194
-0.9537372727248091
0.8559798160672878
2.322852305853045
3.128606181528149
3.1552361571333996
2.5027309086611855
1.4364323771746794
0.2848344484395927
-0.6711353726033404
-1.2746518505794149
-1.5111778414931103
-1.4714104369033596
-1.284046151422583
-1.0514429277282837
-0.8138015318980524
-0.5508738738249603
-0.2142012771247983
0.22743167349644441
0.7506056660988725
1.26539783390928
1.6352310980199596
1.7217913176542237
1.439513563513707
0.7996013453870299
-0.07601819377118836
-0.9811721941568449
-1.6856301647087557
-2.0065640008599193
-1.8642093735380898
-1.3030403091148777
-0.47464200384826055
0.4086967937487891
1.1336632905620931
1.5415086662992739
1.565377831982922
1.240847448907915
0.6876762474541126
0.06869841558337396
-0.4603128696713083
-0.7926961668528874
-0.8919107689621827
-0.7880484062690987
-0.5555889099590077
-0.28265401304510196
-0.04227858394574035
0.1258063432236858
0.21863493686320395
0.26007359021245685
0.2831056453192759
0.3116630555032742
0.34946838458804236
0.38133389548234703
0.38542141300169985
0.3456460297439872
0.2526556873483369
0.09434722721473832
-0.14972745871593163
-0.4964201489054562
-0.930473277267369
-1.3761429068132853
-1.690478482031637
-1.6914766095679845
-1.2194714469890058
-0.21541716465291091
1.2117421385700946
2.7615801903030954
3.9890837102658945
4.425794123341941
3.744704295561984
1.9098429043231082
-0.7530897593902097
-3.6053202265768616
-5.861435422376483
-6.826971893289668
-6.128308085391885
-3.852047401226747
-0.5401600507188442
2.9615675290437125
5.751855906805228
7.136101465371193
6.817628077063903
4.96156236652109
2.11992317045475
-0.9494630651011342
-3.5076200536193065
-5.031053304118934
-5.323628898748632
-4.520388155281971
-2.9964908740450276
-1.2204550421886498
0.3962061442207857
1.601957512372101
2.32995161368646
2.648478161152505
2.6727955625140427
2.485833210468359
2.1037703428291628
1.4958932298613619
0.640525707276422
-0.4167091327028314
-1.5338184707171894
-2.4884543300210757
-3.035889559721617
-2.9901985190763116
-2.2997581453792098
-1.0868024116297104
0.36892835158313847
1.7031177536694542
2.575328143361768
2.775550367003889
2.289288063470164
1.297433115827992
0.11317804314357732
-0.9193863326493356
-1.5304168679668202
-1.6010645750871777
-1.1897120508192671
-0.5006190029474828
0.19339670937164136
0.6466303516558564
0.7217850510044781
0.4304607990572903
-0.08006762927489376
-0.5882114908896433
-0.8833741033068906
-0.8417637724674479
-0.4650033451072773
0.1287835833945153
0.7518715851299178
1.210231415195379
1.3619053521866773
1.1565625096422785
0.6489677639529547
-0.016823477597234085
-0.6508034990745963
-1.0780454063203866
-1.1980659816123163
-1.0185869134920338
-0.6471897785303836
-0.24253995961547573
0.05421349846187737
0.17733710750921253
0.1576402047743881
0.09861521353125961
0.12050158708705687
0.2979015676604721
0.6175371173541475
0.9741327809080552
1.2071781052011685
1.1644945585473578
0.7673388518694533
0.051826473634929635
-0.8284077305983174
-1.6400659227602206
-2.138238794855138
-2.1444065211874137
-1.609062899441515
-0.6369437365971892
0.534918497581766
1.599790677373352
2.2664383936461303
2.3451720420667703
1.8119284214608855
0.8278978314022841
-0.3001378553122761
-1.214965421801817
-1.6314935251081444
-1.4421804251359813
-0.7634632436340337
0.09910016066995975
0.7613884441074048
0.9117120517243039
0.44505499286227673
-0.4774266797030864
-1.4752082348107363
-2.0888396360567034
-1.9606285436075062
-0.9846841397890234
0.6318041128787256
2.4191508020774637
3.790782111324439
4.236609367174646
3.5011434342687107
1.6854846104349828
-0.7649308022374667
-3.187328645949031
-4.903669506576785
-5.429654258528561
-4.619432970359165
-2.6998883001734493
-0.1889793307637049
2.268366782793789
4.088669528944651
4.901471204491706
4.621607497778874
3.4312866188098803
1.6917542055894497
-0.17685816761390225
-1.8056072552319824
-2.945876046822233
-3.48723816749124
-3.434859062088873
-2.8695875005847036
-1.9125205601432378
-0.7046393754570576
0.5987973299855064
1.82554560465471
2.786410264669723
3.291436640976525
3.1897815571190637
2.4263337276209085
1.0929450727689392
-0.5545593314627019
-2.1348635405021748
-3.235325461440044
-3.53631401323463
-2.922947286297754
-1.5408728979018445
0.23104630249230537
1.8894588973402504
2.9626847567945767
3.159492786997061
2.4576652845690004
1.102905893364175
-0.4781328140953271
-1.8175173476533524
-2.5497400342814935
-2.513464105692541
-1.7830806673754804
-0.6261036942680536
0.594913613964785
1.540891998817277
1.9946351128121156
1.9076397190767242
1.3852565688132439
0.6251396471657946
-0.1597934605542986
-0.8028695808096434
-1.212292166208539
-1.3671723871596988
-1.2941988691418191
-1.0416917211783419
-0.6626477265586118
-0.20964181273900923
0.2631701046890609
0.6987787217003876
1.0415708702142583
1.2455606261002607
1.2811095968374901
1.1364563410433968
0.816004909397375
0.34109106429294367
-0.24335123377955067
-0.8600786181750126
-1.3989581356232033
-1.7335890141145256
-1.7551324445792533
-1.412611506004797
-0.7429666213990019
0.1244288770255015
0.9953576780358779
1.6638256473220632
1.9722594342045219
1.8566110037548866
1.3607867699834106
0.6183200613688992
-0.18866124191919006
-0.8788170045654647
-1.31711663943804
-1.4464107482888924
-1.2958518185984704
-0.9617181495683161
-0.5660150189040177
-0.20829772028565852
0.06865423797710125
0.28299658106312486
0.4862659885356996
0.7194693119816372
0.9760605394437256
1.19071024884044
1.2602287941281707
1.0880433249369783
0.6325178573488106
-0.06239704722952967
-0.8671849409351453
-1.5968029102764665
-2.0592997487308535
-2.1081513195509354
-1.6854538184999626
-0.8460181646883029
0.2451491512261735
1.3451760422507015
2.1907470277862
2.5667513920763456
2.366877919972175
1.6276339873178078
0.5232199036300809
-0.6803703178449511
-1.6989166578655752
-2.306619157073085
-2.3906474754265217
-1.9689555539187928
-1.171917820968659
-0.19972001202870907
0.7298537675127376
1.4315211039691473
1.791006585255242
1.7828998782787626
1.4626016148867096
0.937251013386347
0.329760064235671
-0.250928204264848
-0.727819079541219
-1.0609615332800797
-1.2398858921690197
-1.2672432096600397
-1.1429947489529877
-0.8605715409083583
-0.4206387311361137
0.14377047294630016
0.7471683472943376
1.2548910604557204
1.5186269393646064
1.4340125884536938
0.9930861683557994
0.3033325578966945
-0.43940366022212834
-1.0155846857037727
-1.2591752958157991
-1.1169333058885778
-0.6666786620835082
-0.08754092260861718
0.40668270230433995
0.6462952137917933
0.5673791784910437
0.23339145017429228
-0.19178568838451887
-0.5100816419187308
-0.5702808825296499
-0.3317079153058015
0.11725545605518861
0.5959001712974213
0.9081765937313534
0.9252887790918574
0.6368493348162141
0.149977242819445
-0.35967940417596617
-0.7217011507832061
-0.8382212274103755
-0.7170154237374327
-0.4567275452508703
-0.19212576959205852
-0.026317473528324233
0.016955552976058837
-0.0023262330258421522
0.018854358878471183
0.16228240186109968
0.4342582978741028
0.7495059293282724
0.9623521624534079
0.9316385169060898
0.5900834144178038
-0.012867286136123236
-0.7140252893087503
-1.2865795221281962
-1.52070344727346
-1.3052897277090003
-0.6789841433390315
0.17206078391297214
0.9735044366534878
1.4589715579729179
1.4646913642376378
0.9858631405494549
0.1778346731717691
-0.6934673499419081
-1.3346332205014237
-1.517176092325482
-1.152294922007415
-0.32566998735050623
0.7188832227449873
1.6450608520151833
2.124093582491041
1.9414770450101377
1.0758395886573817
-0.2783466401476701
-1.7543732358477775
-2.912722134895781
-3.3691962834852
-2.9143919671889162
-1.587348479364986
0.3204619899760931
2.333531286864476
3.9157291026910275
4.616627187030778
4.200726812726523
2.721378034803332
0.514985097408963
-1.8852678582041429
-3.891374384849042
-5.016497331754713
-5.001038329412414
-3.8747419085663317
-1.93850400298609
0.3276717381814207
2.401393387260403
3.855606868288491
4.454079373802799
4.178783171228872
3.191812670034643
1.759114759258196
0.1705549514863141
-1.3187494767665826
-2.516343036181625
-3.2936703371457647
-3.574511119219207
-3.3274546009803396
-2.5719136694339646
-1.3933838569912496
0.04644121495269821
1.518930074757116
2.7623682778043848
3.533882905442063
3.6652919114022287
3.107909345051444
1.9540487674929072
0.42674886348617286
-1.163921176199957
-2.489661068170875
-3.2807823034180146
-3.3902398599271852
-2.826486760720637
-1.7452637845853338
-0.4028355505249717
0.9137740778754888
1.9555792416950275
2.5577871486558585
2.654586976688811
2.269212293113651
1.4942396391802493
0.47397937528892226
-0.6099269715425514
-1.556823261683455
-2.1756841871482044
-2.3237463728105605
-1.947381549747225
-1.1118935494112285
-0.004878501878989284
1.0980422015088267
1.9038402235517984
2.189753184416168
1.8756798001595882
1.0520058251588138
-0.0478536081241754
-1.118695943703206
-1.8725961244014424
-2.1170299840604447
-1.800331717156978
-1.015194355894553
0.03591049029257657
1.0988873638391727
1.9300739971079848
2.3453557211561264
2.248845071640961
1.643291406893187
0.6282180608143813
-0.611349725014205
-1.828141892952071
-2.751834981590463
-3.1431335364365154
-2.853451984937544
-1.8749051986165324
-0.36504861747022543
1.3654936772970592
2.909313226333696
3.85916171584006
3.9244306027993274
3.0298243131867744
1.3581235660212825
-0.683989780325791
-2.571636519974121
-3.808507258109208
-4.0702306922545555
-3.3014149865185165
-1.7363791552924683
0.16742925332087677
1.8689661095838708
2.9130853087001616
3.070414057164507
2.3973796604775703
1.1974675616216077
-0.09818725292285793
-1.0845244624021104
-1.5140051424909249
-1.3607656885701875
-0.8009474353234174
-0.1250255736529484
0.37942303005012085
0.5301030552636846
0.3035985177767365
-0.17214077959073004
-0.6760607337036708
-0.9782899931493808
-0.9216637541509866
-0.4758367965314741
0.25015487187272745
1.038764049802216
1.6304071263921767
1.8085704022358622
1.4771100829089054
0.7009007218438275
-0.3081335902485601
-1.2572515940783353
-1.8687070717543615
-1.970848884790403
-1.552368169496505
-0.7616440408426189
0.14768149192047553
0.9054236217983275
1.3157149058924023
1.3165358775091929
0.9866904313907235
0.4999791243632246
0.047551907320121406
-0.23755708137218134
-0.32159485168651625
-0.2625535873750167
-0.16402197836434257
-0.11710217197941254
-0.15813860767362828
-0.2593168076408384
-0.3529197164831168
-0.3734482459886929
-0.29355659824354574
-0.13586032112430813
0.0420012375254419
0.17784461961574569
0.23412031989155452
0.21242649513340622
0.14926969550687766
0.0980988959165406
0.10650444876604391
0.1958226357118071
0.3477383218368638
0.502255589677982
0.571475519144716
0.46968890946240793
0.15206355159028442
-0.3532073320380222
-0.9350843821771987
-1.4205844993939458
-1.623365351375918
-1.407104564106461
-0.744829544652427
0.24787922502543808
1.3251792348178664
2.1732002149572534
2.505255123990237
2.1597925345589166
1.1692995500710752
-0.2263232382697851
-1.6349108104345738
-2.6260601334476146
-2.8706380280950317
-2.2581038101536515
-0.9469529885173373
0.6740661709849552
2.1034744652731465
2.8852138490288066
2.756833269202887
1.7400509989807202
0.14204318913947406
-1.536795174738283
-2.760810046232522
-3.1313312710017938
-2.516352520689751
-1.094432980251685
0.7020879687283285
2.325080394681008
3.2831033128249394
3.292159048829402
2.3580452864924237
0.7669087931723924
-1.01001130458753
-2.4649160177899923
-3.207206646669381
-3.0743336178425498
-2.1662924320955175
-0.7952381682447845
0.6295693141603329
1.7375623240932765
2.3026108772510305
2.284034716629387
1.7987513339516676
1.0486279904762832
0.24033364924028452
-0.47036297988550035
-0.9962263520065184
-1.3049674948867525
-1.3943680949764885
-1.2757888437458065
-0.9731974894044271
-0.530816482615803
-0.01734434717609867
0.48124229122580325
0.8795840585616141
1.1126191823311986
1.1473260407289045
0.9845526669905821
0.6559807403646131
0.2196752211602154
-0.24791605820392926
-0.6657692089135583
-0.9644557778329326
-1.0975676133838232
-1.0442920421826012
-0.8061363073731875
-0.4056069810454802
0.10858480094169104
0.6548217229993678
1.1215537822266015
1.3872672992474813
1.3547335699081382
0.9882826116910961
0.3398513101134182
-0.44858414513420397
-1.1734343323406782
-1.626313617219485
-1.6629346908939713
-1.257705829609306
-0.5199990236805522
0.33735639948172896
1.0672399638791072
1.469411202675318
1.4537207375796022
1.063415685529898
0.45199607552553456
-0.17612226149888371
-0.6381336728957313
-0.8317719132500714
-0.7602978235114448
-0.5166132723776998
-0.23519173657333078
-0.033044158946870725
0.03536206100543182
-0.008181736490766717
-0.08605981148987775
-0.10775156577548775
-0.015113431450973398
0.1893858794799568
0.4418527329102552
0.6422478779250144
0.6952259914548627
0.550352184728942
0.22478002756798435
-0.20119488058292598
-0.6117982762549641
-0.8924130178633854
-0.9613542463153847
-0.790519083361219
-0.4135902723356646
0.07966694984283776
0.564097862390116
0.912085264069672
1.0307764833639397
0.8917455999594859
0.5410370929537172
0.08312295628574713
-0.3570669263421566
-0.6784010275525464
-0.8334323269873017
-0.8305321962397874
-0.7109187429566668
-0.5167021222034993
-0.2688909567032623
0.03315172686839118
0.3917379432587689
0.7826041847231298
1.1358808524229072
1.3406242734143017
1.2768849579771222
0.866434986484924
0.12346695351961662
-0.8173846463548591
-1.7152269973658238
-2.2858946732517094
-2.2982194292145692
-1.667713087839234
-0.507541300271512
0.8879006644954275
2.125309129336679
2.834513706802374
2.7895417846632253
1.987178534449955
0.6543113842240748
-0.8210465390570996
-2.0130364093958777
-2.5936422300207895
-2.434612080947161
-1.6415842074854547
-0.5093304432529268
0.5863505395533937
1.3212223592311472
1.5298706621404055
1.2474546699191142
0.6739615565912102
0.08129599838823041
-0.2962151051496399
-0.3458063362803833
-0.10660870311090051
0.259628382105637
0.5414375630469084
0.5644178778785504
0.2604214341826595
-0.3038258752066647
-0.9474157669575294
-1.4382838028739753
-1.5772975206755746
-1.272951954070754
-0.5777154114411285
0.32804941515919195
1.1964915415288735
1.7919431589725436
1.961095807606438
1.6721216264268954
1.0136931538404341
0.15954152409021857
-0.684521112272477
-1.3324816519342864
-1.6563029142213066
-1.6056426488471156
-1.2109740876928476
-0.574538758299874
0.14869573596989702
0.7803564894103281
1.157657334059204
1.1775049999514848
0.8347368424457996
0.23808561548903287
-0.41047039142395453
-0.8752174015682888
-0.9690957881929184
-0.6281921135091689
0.05298989611857906
0.8422646751163602
1.4432168442767788
1.5991821949618386
1.1911599399273056
0.29139077592073076
-0.8494352691644569
-1.8779022308132987
-2.4515027185116045
-2.353113674211778
-1.5681273752143101
-0.29733675230332973
1.1002576969147153
2.217508136940167
2.7275225484490275
2.488900999243235
1.5917527527865183
0.3263573043108848
-0.9166098348493327
-1.7784219711647482
-2.0480604862261056
-1.7203579576293162
-0.9797850806289558
-0.12103002785765282
0.5616655121828786
0.8762846663749007
0.7908227830596418
0.42792059163408
0.0009550525882814094
-0.27983031551300597
-0.2910685686012503
-0.037490833147088766
0.36077860912994664
0.7235869540536772
0.8830032336732073
0.7448310917874709
0.31972671656612
-0.2831254127308136
-0.8928030292554414
-1.3276029163699246
-1.4453337399220192
-1.1848184090507268
-0.5914850793695263
0.1837175369422101
0.9206557093722019
1.3975172155065094
1.4682887787120256
1.119256137461255
0.4796548617345814
-0.22006781415534019
-0.7294451299331627
-0.87178842156956
-0.6168422568778981
-0.10131745980606792
0.41797403620681806
0.6671167189654288
0.4758268262235378
-0.13583746914023231
-0.9466548886157486
-1.6103233192073567
-1.7916013615360082
-1.3087328238741343
-0.22391499663328832
1.157748683143393
2.3857091630871112
3.0240421886550792
2.812844857335433
1.767041358726293
0.1743483374076396
-1.503758232050789
-2.7867773626874204
-3.3274780095820806
-3.010357171181254
-1.9686188043344903
-0.5224959212006984
0.9321942837127564
2.043694324648726
2.5939610422909585
2.5351847853731218
1.9702643355468297
1.0939564038518672
0.12310470764136189
-0.7577042880834769
-1.4218624001872062
-1.7998994524717118
-1.8644371449646384
-1.6161860634686849
-1.0818361957119764
-0.32496927427690253
0.5393634069789572
1.3417472569738707
1.8812610957239322
1.9785075664072609
1.5459225572977227
0.6453729731445098
-0.5001383509308008
-1.5570252617385882
-2.1825349272970627
-2.1425987024032045
-1.4032230686607228
-0.1597855196309684
1.2115353958544075
2.2688834134095535
2.64963448019164
2.195071652575823
1.0105723666561646
-0.5603201275884153
-2.040319937797135
-2.9681914739116086
-3.0455655605868888
-2.2325294883913434
-0.7605063567394315
0.941272275694376
2.380140235950227
3.1498363859150995
3.048604048481138
2.132535835862944
0.6913490508732945
-0.8455095943019326
-2.043933931467034
-2.597593591008912
-2.4132331891187966
-1.6222545713756544
-0.5207802611807281
0.5354151245124427
1.2450799694346346
1.4509588766242605
1.1787179512916928
0.6133186828693112
0.021222367240325602
-0.35320053773419874
-0.3790306024943871
-0.08486979259409626
0.3567636732999284
0.7012769302716678
0.7342370803548893
0.3650600234702259
-0.32633334660565116
-1.1111204251232414
-1.694258537041291
-1.825303005951774
-1.3942939941383778
-0.4780434335735619
0.6783642342721631
1.7380133865026373
2.380057826013753
2.4015829300577227
1.779911391334817
0.6782074316092545
-0.6039641770782309
-1.7185638237692642
-2.3692133547555803
-2.3945239219646037
-1.8110124068321962
-0.8037079576445731
0.33236517944713034
1.2820037051203597
1.8038342829534355
1.7999636273316384
1.3389655080087597
0.6234379413853562
-0.08822316403474366
-0.5783164807935578
-0.7469264551967714
-0.6373769598954356
-0.40020893680601743
-0.21372897376502312
-0.19734672452859187
-0.3557970698594341
-0.5788136343534097
-0.6961670777121748
-0.5622618412632105
-0.13135658297089906
0.5096515489557729
1.1645324997973656
1.5975899689681
1.622181743831789
1.173855990090459
0.34180619756456476
-0.6519616005469326
-1.5187798166138777
-1.9929115087684273
-1.916056274478042
-1.2912939005941866
-0.28979550600950227
0.7942172112162865
1.6300252768582066
1.9541740258246083
1.6587345554850679
0.8330803380920495
-0.25834642142543063
-1.2585163333415441
-1.8351475600561664
-1.793013809953892
-1.1406634498575563
-0.08701788680139472
1.0299083520688335
1.8552071224235123
2.130628933533782
1.7720493112056286
0.8880775646999883
-0.2618974300013234
-1.35289887634545
-2.0935399083134687
-2.3068425079267274
-1.9680662703417002
-1.1922543595669877
-0.1837329039840521
0.8279122645112796
1.6417104599856533
2.117272102326179
2.186381461091003
1.8521187571768236
1.1822229989004966
0.29857237813039783
-0.6393787237885451
-1.459471925299307
-2.008521451871174
-2.1843684513981523
-1.9588481113424379
-1.3833661565697823
-0.5747152903824972
0.31345354993379965
1.1234972963887129
1.7218066710302475
2.0170933911285345
1.969003218725574
1.5901738991006809
0.9439324108408972
0.1369166439651075
-0.6947989055255106
-1.40588871421944
-1.8664305550075522
-1.9874902921322553
-1.7421507513822085
-1.1757466255732159
-0.40062562774044164
0.42575357681894727
1.1362763404817158
1.5953247015926884
1.7332678032214894
1.5614923496363156
1.161757376124418
0.6535549031113312
0.15078564749394932
-0.2769777091788322
-0.6231914746255961
-0.9326067348399781
-1.2598702239146928
-1.6146505834569789
-1.9216622864392368
-2.0225033807011346
-1.7285686703691387
-0.9094917459471578
0.4180606427532972
2.042154322114934
3.5771803234330646
4.559153058397026
4.589714112425222
3.482511359930854
1.359020235769242
-1.3471915361892222
-3.9889667521007386
-5.880546619783882
-6.494588346484479
-5.619364277294851
-3.4274779086567913
-0.4347983027759136
2.638374724783775
5.0625330326056135
6.292689866260737
6.104089963766689
4.632814224228788
2.315296484310802
-0.2489718365308367
-2.4681658911856084
-3.912692629181657
-4.40921630419787
-4.047725090284243
-3.104890315908711
-1.9180765082669675
-0.7619323400030403
0.22520765164002557
1.0419019303372747
1.759981310598261
2.432523206333939
3.0203231447078167
3.3736408705540377
3.2795903583745085
2.5568526363674713
1.1604618778039273
-0.7464182150733379
-2.7894379930275397
-4.462997830912809
-5.275918045249013
-4.916056495071312
-3.3738136522489475
-0.9752604614032895
1.6931509836809906
3.947897522990651
5.208594005153696
5.170924359242443
3.895898921498934
1.7853854107202654
-0.5478795562976773
-2.470814763336136
-3.5176442427901686
-3.5171093904786535
-2.6233063590020276
-1.243138501498042
0.11474560015877174
1.0182418403918745
1.2553422893709492
0.8915465414721992
0.22099583923883503
-0.3669228114765158
-0.5502557329382345
-0.2021720006203583
0.5626881313307308
1.4358745328665379
2.0355957136135783
2.054973956936163
1.3841477681206107
0.1611954485541758
-1.2677297610666856
-2.4650955847796614
-3.052868236225812
-2.8423864590393877
-1.8959776462277753
-0.49935492539334153
0.9407819265759466
2.0321396256271185
2.5165775540963553
2.3367417771850985
1.63276413131528
0.6763005039404876
-0.23021592612520317
-0.8519613185021085
-1.0856483835450859
-0.9721464072365726
-0.6592631357788666
-0.33241290970868287
-0.1403883673845964
-0.1423481179772367
-0.2931853741813189
-0.471497877871995
-0.5376849837536114
-0.39655349647155674
-0.039222258274347284
0.45056030508760453
0.9277816283104299
1.2420557087298127
1.292821149524052
1.0604992637691923
0.604515710202412
0.034621585368497104
-0.5286580401619194
-0.9873730837435386
-1.2820044113331983
-1.3883766105628161
-1.3038366020126688
-1.035019602658417
-0.5958282503398561
-0.016434686900169863
0.6429177713091335
1.2833811190002158
1.773824114875716
1.976499213636121
1.7882166495750054
1.1845918900030317
0.2497514752534204
-0.8248138688383589
-1.779749682265286
-2.359083046062357
-2.3921428051213107
-1.8561305961364878
-0.8917886166567132
0.23854231410753104
1.236165084566175
1.8612162577173734
2.0017871430362013
1.6938118000883684
1.089060649943543
0.3883347817866368
-0.2312405597455362
-0.6667189862443468
-0.9018582774107488
-0.9831775132414539
-0.9755935596654993
-0.9201516373951286
-0.8130038160269655
-0.613891349407899
-0.27903827838296197
0.1974909593019251
0.7548195431315362
1.2657376951863153
1.5707935607602475
1.5339750713445262
1.0982827674214197
0.32046862815334687
-0.6282980351459647
-1.4996351300286213
-2.036086695364332
-2.0518997665940804
-1.5000275740282123
-0.4998506338287258
0.6873959757165605
1.729848949151788
2.3217912627475976
2.2770928725734927
1.5903809106769307
0.4452717018481508
-0.8351502720542366
-1.882099417372573
-2.3913835714365526
-2.2167303582517155
-1.4166117899347757
-0.23794538870741175
0.9605001861555822
1.8215019774054853
2.1021612354595183
1.7480989465759627
0.905070623804457
-0.13379942852073612
-1.0265526302472547
-1.4951847190396377
-1.4164165325899634
-0.8594628623639077
-0.057007489254076664
0.6803673812816883
1.07584097337047
0.9855279747604984
0.4514751230160765
-0.31097984187776584
-0.9901917840068899
-1.2947039128509772
-1.0670372313201273
-0.3508253591750408
0.6162798823621668
1.4833250656836998
1.911897088938654
1.7021895698647038
0.8738422225282693
-0.3295978392807464
-1.5178796184724346
-2.287745475605576
-2.364671502072868
-1.7001131465835753
-0.4897300016639138
0.8916718953236288
2.0137976342047588
2.5298672121292625
2.2849113659177793
1.3605511748253825
0.045529643427002
-1.2562786124991174
-2.150931088165903
-2.3745403870487314
-1.8732580162125598
-0.8192534556766383
0.4444553455956922
1.5159712287587264
2.0671972591987755
1.950204271479914
1.2388046603537086
0.19237304160964266
-0.8406882682943383
-1.5414297719860668
-1.7191231454699392
-1.361045705290523
-0.6227670919275131
0.23371289667596032
0.9319336676458501
1.2717141794546472
1.1879304062842901
0.7591380047087183
0.16715983981930596
-0.37437158510736723
-0.695765470219316
-0.7250484943413523
-0.5030129540524346
-0.157819262088359
0.14903999511764934
0.2857060176977375
0.20009101248304192
-0.06016685228970239
-0.364899480222995
-0.5501110237779353
-0.48217293912731585
-0.11634861263681506
0.4710750078705021
1.092450092890257
1.5037645103620418
1.4905202223440768
0.9545854983638961
-0.031041570110318654
-1.2223130020829591
-2.2637098057677973
-2.793020428032311
-2.562154666368745
-1.536120544488617
0.06749095160710998
1.8219872400168058
3.2128892124967465
3.7997004192173103
3.362116778322041
1.9795942069839918
0.01708686764024338
-1.9793436505844035
-3.445434600391182
-3.970152042000626
-3.4215936137829286
-1.9861496594464656
-0.10706625995301877
1.6584419278174545
2.8171028549269908
3.093366682511418
2.5064203941314416
1.343082113475444
0.03709271328656317
-0.9966225517629496
-1.504593625624625
-1.459096662569427
-1.0277562426369342
-0.47388240157070455
-0.03705117531199702
0.15655106329255072
0.12329610533380346
-0.012263994956240913
-0.09293964547084
-0.009967377202630977
0.24385255295468072
0.5689080633532568
0.8022132301286709
0.7913751744617133
0.46907093267088323
-0.10308875387443896
-0.7425653991804135
-1.2075724427977805
-1.2914948327569256
-0.9131075515203231
-0.16353462761355675
0.7144827646828653
1.4110626823870138
1.6643365978089582
1.3600701126685453
0.5781423470276684
-0.42991827134749994
-1.3246359305573838
-1.7963666508606602
-1.6773331582742201
-1.0063044024994667
-0.017776297651460823
0.9437695424927981
1.5507366852624247
1.6086617296622472
1.1188670771348932
0.27060328329509803
-0.6288926010121741
-1.2612268031169178
-1.4061785063810799
-1.0180076805981375
-0.24205116163669077
0.6366264521734398
1.2959364315294712
1.4925686805074319
1.1472893542971545
0.3703091588341774
-0.5789069744419407
-1.380762392345063
-1.7626350230726175
-1.5894028363519785
-0.9087715510298904
0.0639493226358358
1.017888260730027
1.651736956075246
1.7754727310608183
1.3724173694994015
0.5993985068722534
-0.2741416195203147
-0.9646025546040388
-1.2735315563075014
-1.1516257119760935
-0.705280512065514
-0.14574557913473862
0.2977720420011761
0.46765385681108346
0.33686632594710875
0.015276766022781168
-0.29988950398619474
-0.4110602775566724
-0.21043843592116726
0.2646160417702585
0.8372823146728272
1.2594319667274625
1.314276928058624
0.9084407365743503
0.1146235948096203
-0.849645401199395
-1.6943886378726423
-2.150546248185359
-2.0522533573893815
-1.3861607960336941
-0.2988265952799754
0.9378264462919587
1.9963389872940076
2.583484476037346
2.5252175833153903
1.8195560766428702
0.6400528226759779
-0.7100385755430062
-1.87869483812577
-2.5604739408428574
-2.5822907868150193
-1.9539774001943455
-0.8643643315307575
0.3788123877828437
1.4451732296504847
2.0791616287685617
2.163817115437724
1.732946498353967
0.9383613906459215
-0.004864867938521918
-0.8725303711522471
-1.4739552532272944
-1.6832531166542406
-1.4618002899378153
-0.8701064302730819
-0.06221394728723279
0.7443891647938886
1.3222462397270633
1.4975008873943727
1.2037308163616058
0.5087378567676949
-0.395369622728721
-1.2387449933068235
-1.7473769816340206
-1.726412744140003
-1.1298808580907396
-0.09124182876214122
1.1026788810551555
2.092206259739248
2.5552653285225246
2.3101809746894606
1.3760668189763499
-0.027511998711958675
-1.538590933131912
-2.749222247965926
-3.314114876178414
-3.045271284083356
-1.9694957349375242
-0.3322258984909523
1.4581416804924705
2.936134778723879
3.707893956076631
3.56285614541109
2.5324322798601204
0.8792610664397422
-0.9754700214506586
-2.5630127364360966
-3.4879463281177006
-3.5311223440914787
-2.7082609748344377
-1.2646842324986838
0.39657106417255417
1.833733143671973
2.694691177544421
2.8125981027843543
2.2392095324779886
1.209730589884187
0.05522564252021926
-0.9065506992485483
-1.4655191900460416
-1.5680309367321417
-1.3061657657599617
-0.85688437725154
-0.40004832711103355
-0.05128919658508182
0.16398553194725157
0.29094706910703727
0.39768597985021764
0.5273920469777288
0.6723911803767126
0.7772704490575045
0.7655533823898961
0.577966948719881
0.2077432679127914
-0.28186141242611057
-0.7682287058422781
-1.1079690487536933
-1.189637506319729
-0.9777210136252936
-0.5273114062486713
0.03713258647007642
0.5678672620877149
0.9430385679985749
1.09847735096052
1.0325917596578444
0.7889835659556325
0.43091142896920187
0.02171598645684456
-0.3824298383733322
-0.7303854349414224
-0.9725258600343236
-1.0628886919489298
-0.9694657049206966
-0.6895334085592425
-0.26190583850859134
0.23311586017616018
0.6904214977677596
1.0098318520959189
1.1283644101448536
1.0404665858059403
0.7941729306868304
0.4630803447420786
0.10979381074811427
-0.23667475967878546
-0.5762206796274634
-0.9104891866707944
-1.2119656679002093
-1.4103036445027417
-1.4076039647692415
-1.118393565417233
-0.5165017801243211
0.33246904518387255
1.2684925244653704
2.069407687435011
2.511204435427622
2.4378368640422403
1.815940098008206
0.7532926008359792
-0.5268670321275297
-1.7459974227376807
-2.6428202171788895
-3.0348854389881716
-2.8531319046257804
-2.144260633971421
-1.0466083583376287
0.24682721025482623
1.5233097574832364
2.5754867652368123
3.220031925904968
3.3189855915205517
2.8086344274935526
1.7302631404593296
0.24825322531113192
-1.3606207870461593
-2.755585535074666
-3.6127034506918987
-3.7166352839784844
-3.0311178953963966
-1.7187962757450084
-0.09818244167597494
1.4503915744378606
2.5961714451909312
3.144229153252247
3.066459768038389
2.4747009568231864
1.557529525572431
0.5111985382765707
-0.5095414052449561
-1.4069128888010296
-2.12293417100239
-2.605473947502151
-2.782597351342741
-2.566620251696492
-1.8920357358927204
-0.7703689065394549
0.6671707027734938
2.1655097083127366
3.3908378508675434
4.015505797844174
3.816504667832121
2.7545975990808125
1.0062923188854271
-1.0646644857401248
-2.9911774778610596
-4.320098687538687
-4.729809698899094
-4.1137235481023895
-2.6061508715789863
-0.5457638113699911
1.6098116786878482
3.3930786679003186
4.43108910818477
4.522149379944737
3.6724370975163394
2.089484417527498
0.13398044449456814
-1.763502213545731
-3.203277266871692
-3.907258263005416
-3.77400035929044
-2.8860661364721114
-1.473882996248358
0.1478733586090947
1.6506476766635483
2.751717781473132
3.254746082493126
3.07225120381225
2.2363608477464694
0.9018532370922503
-0.6630721253525563
-2.1099827973766265
-3.0759745186580734
-3.27586134616633
-2.5965371296752373
-1.1588579010393463
0.6842036226733753
2.426603759304222
3.550954765053252
3.6906861160931475
2.7565025610589804
0.9795327664896165
-1.1476587947482846
-3.0147684573024587
-4.07660165031269
-4.018104369670548
-2.850378663280555
-0.9070940742275102
1.2581130348433718
3.0402185070100862
3.963156063425829
3.8155715604791562
2.70119950380314
0.9903312589149309
-0.8091623150326357
-2.215456159932021
-2.913612560201517
-2.8271907842331547
-2.1043014980887134
-1.0359979088632145
0.0538253479868634
0.9058486031383439
1.3814871569547862
1.4689845215761266
1.2503431338437718
0.851890598272606
0.4003791710615224
-0.003929095890029196
-0.29672915061287636
-0.4475381207566795
-0.45392335078536356
-0.3381530178044092
-0.14659524251567926
0.05332715125930086
0.1845113714731847
0.18118961898064223
0.014443603772829251
-0.2872621467862675
-0.6327333974053934
-0.8854530739342054
-0.9046554090370639
-0.6004910647230646
0.01639394872931265
0.8137146701836114
1.5602410480234967
1.9919126949977852
1.902881174500985
1.2294956154050516
0.0933829179956864
-1.2169617884494364
-2.32395519079779
-2.8748443524356433
-2.6561494227563016
-1.6714688750380904
-0.1554887132424317
1.48331026058362
2.7763938706862583
3.333418357189339
2.9646843779834335
1.7489424187428462
0.02103605121207271
-1.7217791882709126
-2.9684618152573803
-3.351492394574754
-2.762546641966841
-1.3891171246889233
0.34186618912797156
1.8998622374793677
2.8244075094482386
2.875880448974947
2.1070962977005676
0.8303930326936316
-0.5044305017663644
-1.4749915723303992
-1.8348596830405568
-1.5921379837525078
-0.9874082704510829
-0.3775799727114011
-0.07200851408696812
-0.19000478224285497
-0.6011606706611007
-0.9762697471249073
-0.9326359109704347
-0.2184957166170064
1.1392792797944415
2.791359729146546
4.155238101568772
4.613774487347064
3.7529787444534226
1.5495710308524586
-1.5651527727273347
-4.794970264818992
-7.199478088274602
-7.980451594651627
-6.744707752988091
-3.656608593504751
0.5755814405505675
4.882436822212317
8.132148629989832
9.45439638960616
8.491132385908415
5.498826903798067
1.2709883156094344
-3.095324850583563
-6.51523336874507
-8.214295312980266
-7.919143976356319
-5.890113906483785
-2.7985761130558418
0.5002451794103684
3.220127388755612
4.843470200121847
5.2147182488168555
4.515043653690436
3.1445977161909298
1.563064825528406
0.14465213643154604
-0.9082962236708116
-1.5734248582110768
-1.948127664836408
-2.155768656561018
-2.2637252062810074
-2.2487293340282
-2.019726893218975
-1.4820822972210037
-0.6106438641340451
0.5029798170044453
1.6517701779934808
2.565871155542712
2.998812382917989
2.815415001741901
2.0456136370173876
0.8804181208878497
-0.3886606058647034
-1.4612746542426422
-2.1162866429207283
-2.2678843291032336
-1.9746862346876313
-1.4012627198247392
-0.7469114700123357
-0.16991982881792883
0.2608570750656785
0.5672192864383058
0.8190531851604866
1.072886836589421
1.3242225702717363
1.497121352676547
1.4749927363134796
1.1580137764630458
0.5219446833257196
-0.34839283278305905
-1.26823584615686
-2.0031697380801727
-2.341328277349494
-2.160489428784326
-1.467389232206013
-0.3996856681213156
0.8053837597922843
1.8647124070954637
2.5135377442261198
2.56907951295703
1.982222538422923
0.8642416258394793
-0.5234021282645341
-1.821414540336807
-2.661769609093655
-2.7751764236523657
-2.0857193473243014
-0.7570067755534146
0.8356263111394282
2.2090767546244736
2.9254049440346446
2.7423831846652194
1.704719139661947
0.13802816197363219
-1.4559467412868676
-2.567018787094961
-2.8484557261927623
-2.232983944687656
-0.9518045116726757
0.5510301321533679
1.7783682564713033
2.3538824467266033
2.1445905770366713
1.2896690439836276
0.13190910726586316
-0.9168512986756391
-1.5241286741838176
-1.5449287436575816
-1.0534908120740498
-0.29323073152083584
0.42954401986109036
0.8635448494161665
0.8973650014902792
0.5831358940892546
0.09592855481443084
-0.34900058516055016
-0.583718019797236
-0.5447064279423623
-0.2821315410318278
0.0742005991303486
0.3732335676043015
0.5023265643682329
0.42715374894499575
0.19759718232800744
-0.0813831727016888
-0.2991558589990178
-0.3852412038241088
-0.3313526522158203
-0.18343404174018788
-0.012388124418592276
0.12013755211458108
0.18531137114885537
0.19088173318181412
0.16575563504412782
0.13594173004037144
0.10707632508992568
0.06423211606592798
-0.01146232541112451
-0.12077770275671953
-0.23457750803733107
-0.3019592866828186
-0.27503864803745076
-0.13700259892991729
0.08090896158132305
0.30260380831915196
0.43217228977415534
0.39362104581514146
0.16999381285427087
-0.17651338906801928
-0.5163323959645398
-0.6964944879044771
-0.6029191994847181
-0.2167050626015699
0.36161196961238445
0.9350022541539192
1.2753505829060925
1.208327535504261
0.6864755766725833
-0.17756349516704967
-1.1332883734566521
-1.866942144067785
-2.1058158545812753
-1.716893144049906
-0.7639468338655926
0.5007016449223048
1.7110506022610805
2.5040324030868875
2.635933210112108
2.0582416303058557
0.9298035551989232
-0.43512469372709567
-1.6635066164633057
-2.4335822180795645
-2.5652219904733227
-2.063868333087661
-1.1054122902033925
0.02905138197570002
1.0404989945122836
1.6910124495822187
1.856870231636291
1.5495709766103873
0.9036529313068429
0.13453645702160374
-0.5237100836508782
-0.8845506344911312
-0.8613023413010964
-0.4921811191603437
0.06851745723964059
0.5935465399909584
0.853102869692243
0.6954830841477705
0.11240140833454057
-0.7382703051733667
-1.5696823674696951
-2.0586268883071086
-1.9633347413015338
-1.2208947335561926
0.015475025724533836
1.41532477625997
2.5735359273985092
3.141621147443897
2.9418003350722373
2.0223090855274757
0.633722610991934
-0.862173038479916
-2.1118933024661004
-2.8702066826725328
-3.0459662903377547
-2.686572787818805
-1.9216786238560373
-0.9019256914984084
0.236440718404096
1.3711588047953476
2.3713250433969346
3.0791582182231427
3.3202853340753404
2.9514145936753966
1.931537872755335
0.38223746816742044
-1.4010471018509094
-3.005413856381964
-4.01186729112794
-4.124070442849924
-3.2689156366630177
-1.632534580787528
0.3835102541133266
2.27427395083331
3.5758060808946808
3.994253428423402
3.4783737662788843
2.2156250797719848
0.5600374897079304
-1.0773816715085336
-2.3372570008074547
-2.9887256231419213
-2.960485813161702
-2.32904930628053
-1.2791302025092774
-0.055031274971765104
1.0843580228395409
1.906311430966177
2.2451689437933533
2.041611592630668
1.3693523147349513
0.43234565210402864
-0.4823694955935052
-1.0941767741681092
-1.2322706296145471
-0.9079438062333822
-0.3178782299189903
0.23123944835415672
0.4509187726386615
0.20018010170954198
-0.4401478109739758
-1.184745808639107
-1.6521607823351485
-1.523556002993903
-0.6869963714221142
0.6931959773565805
2.21193120529348
3.3530405380607293
3.6683929241172333
2.9430615514473377
1.285951830170522
-0.88899462455825
-2.9862715805913846
-4.414401919987272
-4.769309324482959
-3.953524660931313
-2.1946396036191183
0.036342292517414346
2.1725935732008774
3.713611736142169
4.352740862013677
4.036547261802045
2.945099306556833
1.4079343365798687
-0.20792126761760132
-1.5954806566930868
-2.561762813168011
-3.032370564458693
-3.021404425183039
-2.591615564399837
-1.8266682819276994
-0.8239056717319495
0.29880856061459266
1.3961256230706736
2.3005371627868634
2.845213320542448
2.901095910542042
2.418054220625911
1.4555794040843302
0.18827550726827114
-1.1227808662750693
-2.190723989785524
-2.780290568068696
-2.775187032122829
-2.2074218541360278
-1.236200627805808
-0.08874361057646078
1.0079123497055427
1.8750382799649115
2.3955395238590396
2.5001064307421714
2.1518167020071326
1.3537282267724684
0.1818357059531658
-1.180941711920983
-2.4440490519186593
-3.262044283553923
-3.3334316738347174
-2.5135142145026292
-0.8979291052384032
1.1610411488023253
3.1235899360420802
4.406870028534611
4.565422519872138
3.4489072404570136
1.2800885433329792
-1.3810234098433292
-3.785765484166041
-5.21988266227512
-5.233263760990084
-3.7975017365920634
-1.3293557935002585
1.4368259519545137
3.6875316255766313
4.79549908997186
4.517325092900262
3.0539992120451767
0.9567284116433566
-1.0817280089530372
-2.4689905903585916
-2.8995407678114327
-2.424371761545195
-1.3897051595347152
-0.27736749411522765
0.4887420298271943
0.6962251404186741
0.40143150000764677
-0.12512913280976334
-0.5341006661828936
-0.5525669121711976
-0.09719750090731469
0.6945387929070135
1.5212126813996476
2.036265217213127
1.9825594417862165
1.293566569716365
0.1257346360351123
-1.1888962520794402
-2.2529808585312114
-2.7378429488615734
-2.4935232366050277
-1.5965824571960134
-0.320184093002189
0.9610391795844275
1.8952543320327415
2.261411704709442
2.0247413772863103
1.3259755438445568
0.4159423144652815
-0.43456412354839324
-1.0159659029526256
-1.2285678492349794
-1.0911384846304708
-0.715462703101695
-0.25996934067468336
0.12296679581589864
0.3318387755099786
0.3406108256910474
0.19654898147822678
-0.006112524971046069
-0.16540636787307264
-0.2086197496691399
-0.1144710838068273
0.08518880121964965
0.3219883676455476
0.5174028613869275
0.6076650610891522
0.5587470772165762
0.36981043802590324
0.0695008671375056
-0.29040219051033056
-0.6429552697502997
-0.9156390413202059
-1.0409639930648626
-0.9685563922755617
-0.6787165813265533
-0.19384699567355124
0.4173643320337736
1.0451844916018416
1.5521517097530426
1.7934037396786273
1.6467734083069172
1.0548185058643427
0.06954249642639841
-1.1232707200301235
-2.2242270103303934
-2.893086876138209
-2.857178581883884
-2.0176179269265386
-0.5108824441741531
1.3024912225966219
2.9259121812517317
3.8701572549462955
3.810182567268069
2.7028011195907404
0.8195743193211628
-1.3247608320704571
-3.129627603958028
-4.097111691233561
-3.9830547409662542
-2.859768554992338
-1.076783417604207
0.8585032852312516
2.4369002508965796
3.2904897333013268
3.2812092209170847
2.513887498186847
1.2776950819819286
-0.05891704716060356
-1.1625581703510626
-1.8214874738993823
-1.9809509250077795
-1.724579010389861
-1.217494114663724
-0.6367820052096063
-0.11504821363543691
0.2860688490394708
0.5687635642595144
0.7671588659106952
0.908435040607896
0.9868873636239696
0.9634220167976363
0.7893495920081057
0.4412939501077928
-0.05042072482204678
-0.5939187597313469
-1.0540339659174516
-1.2923698360778335
-1.2160150357755106
-0.8168764228762156
-0.1853247981261876
0.5094481669906357
1.0676752134292777
1.3208591899309252
1.187259582212116
0.7018649071094502
0.008955563508527315
-0.6816257380231893
-1.1602130448381711
-1.2834213999164605
-1.01885800799198
-0.4533241715136685
0.2382995762825806
0.8520198151307726
1.2192478577848411
1.2527195574855754
0.9599994770041042
0.4279058790265292
-0.20752794416613998
-0.7926123469918172
-1.185179511598466
-1.2832389039244436
-1.0522013859022894
-0.542545291581683
0.1132242860191359
0.730338760503958
1.124189732509391
1.1709993069159246
0.8552743185530685
0.28306594254217887
-0.349037182138057
-0.820935660953686
-0.9673321112878337
-0.7374193093088772
-0.21413114714379866
0.4134784951834457
0.9151637990085761
1.0993391098942829
0.8797663670940745
0.30597513024632944
-0.45172622512356314
-1.1559662241383606
-1.5767705154699372
-1.5637183118130171
-1.0934755463308323
-0.2775217634794813
0.6718232818026121
1.5041173000320014
2.0003667590143306
2.028733176688482
1.5738121375766427
0.735827212609665
-0.2967292045362712
-1.2918224492054413
-2.024318395863258
-2.3223486705012295
-2.103478191476747
-1.3966158140250295
-0.3448462005482052
0.816775681557744
1.810691883641533
2.385533154094299
2.385259927477189
1.7965891812193184
0.7588243508752389
-0.46762608635729536
-1.5659451757291412
-2.2451171664122955
-2.31999844669236
-1.767952309648785
-0.7430560019926264
0.4616978924327724
1.4975733413687025
2.0649980815162805
2.0065647409936322
1.3563192670415678
0.3277529096917797
-0.7554105452597898
-1.5619738302218873
-1.8560283368989072
-1.5673999338807234
-0.8081105147871488
0.16938847430250747
1.05709824999404
1.5897912669397665
1.623583562473625
1.1711910808473385
0.38767462383579393
-0.4836062460050961
-1.1858151995850144
-1.5222763651255566
-1.4093330046206685
-0.8955673611060695
-0.14330373355549167
0.6223363369118231
1.1819896327873491
1.3866678272497364
1.197765196107192
0.6909502313191715
0.02548081936939879
-0.6085333212239208
-1.0471754520214132
-1.1965826711070695
-1.0505297457671474
-0.6775904542678576
-0.18599208671752104
0.31594425333988496
0.7452698648199721
1.0474700882891301
1.1836914691572853
1.1183841027855874
0.8224477215976255
0.295971356991789
-0.40092851194739304
-1.1317915732757644
-1.7020579213324087
-1.914731755986662
-1.6444027962429035
-0.8973895226565939
0.1704440555577464
1.2882880764675182
2.146095720336745
2.486854852903735
2.1876418111949274
1.3043350711845432
0.06331909092541484
-1.2004238637753641
-2.141154708353185
-2.5062695705519653
-2.2129600574453065
-1.3710248955370625
-0.243261817176889
0.8420962503546608
1.5958411974504503
1.853767058796074
1.61634489592462
1.0310324081983242
0.3266298535795412
-0.2742065114453766
-0.6309577683286701
-0.7211696170667188
-0.6244877363493401
-0.46664290728708396
-0.3533407259233435
-0.32516080950281534
-0.35018596845799466
-0.3520659660866575
-0.2566843566309313
-0.03499831894449316
0.2765405106642653
0.5865468441792342
0.7862278349336851
0.7979282811585645
0.6123086948984048
0.2952149143899482
-0.0409280398020747
-0.28779315645348125
-0.38834116554336
-0.3577976267287408
-0.27035629588491794
-0.21952601605228347
-0.2701000048318641
-0.42227741515547434
-0.6037646954165456
-0.6949564987778101
-0.5795159055285405
-0.20224563216369032
0.3899648555773126
1.0464049018991213
1.5573541227485408
1.7297159622164153
1.4614307853821364
0.7831658252082371
-0.14793227859395988
-1.0957028194309606
-1.813412406639859
-2.1125696049795275
-1.9154936237630984
-1.2774674683315135
-0.37003409245208113
0.5710019884913681
1.3161081303710278
1.7069048257340893
1.6935692793625379
1.3343357231645472
0.7618133347991005
0.13292258527595582
-0.41711151763239007
-0.8021067964970708
-0.989917319145963
-0.9911341676765694
-0.8418436531206238
-0.5888029046660259
-0.2804650652910015
0.0366225858817068
0.3187318212326873
0.5265152539482056
0.629019394747796
0.6096165694017985
0.47217519957061993
0.245219913527042
-0.018888733623341945
-0.2525210606612944
-0.3899069718159805
-0.38971176769733873
-0.2545897662270938
-0.03635758956126771
0.17974268666842425
0.30658192123646416
0.2880452771530679
0.11980162726691305
-0.147356981873896
-0.42072511382859895
-0.5928286156799508
-0.5775292008283646
-0.3450770269748111
0.05775394371962692
0.5143626420640639
0.8740806784342522
1.0052834360340512
0.8446808871594496
0.42307261175477323
-0.14175984651376766
-0.6819643684852045
-1.033959704888739
-1.092721728010615
-0.8477432564576034
-0.38700507336424805
0.13449477684071223
0.551379514710897
0.7473814091457853
0.6931510789097093
0.44889142955797223
0.13454537492080795
-0.11873179914823771
-0.21807919865226666
-0.14222750217659375
0.05317765493468101
0.25958679801516094
0.35903577310150747
0.27092893216486824
-0.013849923833239882
-0.42329825879444827
-0.8240619661691966
-1.0653821296103587
-1.03183428404382
-0.6857184973241177
-0.08475154727705529
0.6298674155264112
1.2709268275744907
1.657601537186458
1.667999345158676
1.2759743430196577
0.5603269123423708
-0.31639525086238934
-1.151774624049338
-1.7553187666757877
-1.9927822838833427
-1.812893433890049
-1.253691948131953
-0.4308691230847706
0.4874006023286399
1.3140679656162904
1.8799032890361966
2.067247588132739
1.8341761270503285
1.2239261727966242
0.3579267989305411
-0.5864323357558401
-1.4100495177466699
-1.9325333359009953
-2.0317930986910313
-1.6763340026531086
-0.9424995114368305
-0.006546758195252879
0.8951445600806744
1.5318685758533128
1.7492598902847347
1.517377715373969
0.9370460648658117
0.2024774055234441
-0.4653801957973823
-0.8906909575467716
-0.9952389873286562
-0.8147464432186912
-0.4743994298868576
-0.1331974126049147
0.08078787010193855
0.11821961058156348
0.02088117618096963
-0.10499967200322002
-0.14218496246208961
-0.01935367636683329
0.2527967585614151
0.5814368116250074
0.8274443726631555
0.8621883751588918
0.6221901845909351
0.14057184205808035
-0.45640646353291275
-0.9873125797919343
-1.2760610034294422
-1.214348271854393
-0.80295637587854
-0.15590684535135924
0.5344698875665443
1.0597774240361884
1.2646562390984295
1.0991025696509509
0.6342318681655903
0.03437180265823042
-0.5041767470480434
-0.8239170734063482
-0.8591389354696268
-0.6503142431260757
-0.31448871172732584
0.013241830133254013
0.23758302593989003
0.3329506617414835
0.3352078051830439
0.3049729330187279
0.28482319036152237
0.2732919789835856
0.22835540358276918
0.0979156574397873
-0.13856327080118055
-0.43950455770593466
-0.7009032912702492
-0.7927617704570316
-0.619804289102285
-0.17800309880070445
0.4229720140664745
0.9861513893995307
1.2954811638182044
1.2009557821659056
0.6870783430011304
-0.10565278537088578
-0.9203276932328277
-1.4735723267492473
-1.5623606981513765
-1.1450960785537492
-0.3633581532758767
0.5070186353418324
1.1594925299954286
1.3751884086567896
1.106998084785533
0.4934677922147486
-0.2024034899883447
-0.7020638273602062
-0.822818705434812
-0.5479231520004465
-0.028632556238996985
0.48178742997976803
0.7350852313093633
0.5928183727365703
0.08663538601757194
-0.5906421652420174
-1.1599184726536564
-1.3663000392700841
-1.080687811754288
-0.35359961403576284
0.5970489526150456
1.4584359327766123
1.9305915342653621
1.832648225058324
1.1699475452636023
0.13730654534286516
-0.9436807550377723
-1.7321397878377238
-1.9832326009435024
-1.6315503033370649
-0.8136424975006973
0.17923392776930533
1.0035835298200462
1.3865323206378368
1.224841590201157
0.6224049834385211
-0.14980216311789832
-0.7583845423284257
-0.9387067129640008
-0.6025193092791985
0.12133770086739941
0.9317686751867811
1.4708157483442166
1.4658221711457802
0.8423008370888974
-0.2375806960255422
-1.4254323406450218
-2.3058562470206048
-2.5413817004117725
-1.9941156846144124
-0.7833220008610705
0.7429061402000525
2.1166874693684155
2.905765918540114
2.861019837908434
2.0019401301625273
0.608037018274005
-0.8802837272488647
-2.01338351684131
-2.480546076895573
-2.20358645199238
-1.3470105891102024
-0.24531986463371908
0.7233790584479831
1.270686731193796
1.2913223907372797
0.8847021844716345
0.2978965949953783
-0.1863529420564211
-0.36935976708159235
-0.2137715830437515
0.15216900231966282
0.5016340273990769
0.6156943023378071
0.3827837010690999
-0.14967777540546504
-0.7905941621180084
-1.2793181556905775
-1.3891259321126284
-1.0212108382563985
-0.25347639934277383
0.6770848886125641
1.4558702636975527
1.8070820946800787
1.5992199752477936
0.8962591027933997
-0.06724535661280373
-0.9768079522851291
-1.5548746540369818
-1.6539610258093156
-1.2915896871620052
-0.6224110332663391
0.1314546670076448
0.7598288715018813
1.1252475547400278
1.1884090927650757
0.9954282370902847
0.6384662450896544
0.21254348890569355
-0.2092959767503876
-0.5752575431268788
-0.8403211652987116
-0.9582504019955853
-0.8918174801455437
-0.6354804940579666
-0.23322571388269087
0.22345205539045135
0.620541314898974
0.8597014585417898
0.8926591367715287
0.7362720623166098
0.4613315779459645
0.15968633369266672
-0.09547233222708233
-0.2771278589261158
-0.40653377381146416
-0.5296090410111781
-0.6793960261254072
-0.8424536979909969
-0.9466905758747268
-0.8814157460465065
-0.5473259340972357
0.08215626958865499
0.9174564449642952
1.7526984317172727
2.316703956132284
2.361596463411384
1.7590897002775376
0.568392302101178
-0.9537845888771764
-2.412193884777427
-3.3868654346626017
-3.565135340219307
-2.845815799695779
-1.3781632830653765
0.47785714504343707
2.2549951230508496
3.5103705431696777
3.9442566853915992
3.472548127988737
2.2360801313570406
0.5502288600988567
-1.185125236608608
-2.5876618579422357
-3.3802049496388156
-3.4436253189345902
-2.8252487793159413
-1.7064143725669119
-0.34459020732915113
0.9894904943198098
2.062356478079953
2.70843175862722
2.843794358408275
2.469917574047867
1.6704744825968465
0.5993176058933988
-0.5429788771349735
-1.543050710841007
-2.213933895852354
-2.432315957605947
-2.1661618409606462
-1.4848211401348141
-0.5459441537597268
0.43989490261365727
1.258061706228451
1.7394634453081232
1.7992459428633216
1.4556143360003657
0.822761464948858
0.07803267111635694
-0.5871306403673648
-1.0164146030890813
-1.1239746927417045
-0.9100525177979357
-0.4575484849533897
0.08886279195279571
0.5598608728466029
0.8093119900762085
0.7595528119825088
0.42762165795361085
-0.07859523529401981
-0.5948196297259508
-0.9548810865234311
-1.045739998775746
-0.8418332602315337
-0.40629135929622334
0.13910241888192298
0.660681211745635
1.0558200173552739
1.2751690345850932
1.3185400955882403
1.2101471333869884
0.9663414355205375
0.5731346726544081
-0.00962412910237551
-0.8104152737423299
-1.787358534711074
-2.7802439706660285
-3.507891441085074
-3.62919189458806
-2.8591764208894177
-1.1045663431361261
1.4336644324747765
4.241335035388863
6.583022777176115
7.694501170664906
7.0257709363158085
4.457109164820638
0.40709642231987153
-4.2208303001257805
-8.254881000056477
-10.578845261922396
-10.466308073918764
-7.817804844230041
-3.219756924484796
2.201434292441191
7.090806496237287
10.246424932172546
10.951167086353163
9.152299669209704
5.439225308407381
0.8379139073581424
-3.5011913862432316
-6.618652498697396
-7.97353740002004
-7.528972859820709
-5.687468968794688
-3.110988556445194
-0.49314063123474394
1.6384498786021895
3.0284709439136206
3.6860945019310614
3.7853188104526816
3.530563200305956
3.0526052631322957
2.376744655631562
1.4649108837505493
0.2984477217504173
-1.0467380113612117
-2.3731131214198014
-3.3989303182533144
-3.8478154055867977
-3.554872525516334
-2.5432972714345907
-1.0350980527230829
0.6115832577343061
2.0125300650778684
2.8701936324812913
3.049219049703587
2.5958058653683334
1.7041193399467915
0.6465931601996375
-0.3091308579783121
-0.9718111673396482
-1.2656994514002007
-1.228947545508657
-0.9795012948511282
-0.6656102141413538
-0.41702549594909966
-0.3080367350867283
-0.3393344919182236
-0.4422713861480413
-0.5051053971861571
-0.4153814214297915
-0.10665931702364696
0.406063264562902
1.0171495643422175
1.5549600282234899
1.8348338491818104
1.7222783607480225
1.183542935216855
0.30583935890104147
-0.7196396457958908
-1.6471460787464545
-2.244181012590266
-2.3579443943331984
-1.9599742365747828
-1.1538607446183486
-0.14238028988991452
0.8347158109785388
1.5696620454396448
1.938526337299907
1.920609819552691
1.5832753679024651
1.0428497510810462
0.41996751954964595
-0.19248902336032134
-0.7383102532567768
-1.184908807804251
-1.5002360984586356
-1.6366134661251996
-1.5351746472202819
-1.1533098578468668
-0.5028631734862902
0.32246879653737204
1.1502718554826399
1.7703251854267612
2.0019274059817094
1.7606158545479376
1.095074539782753
0.17836433616430897
-0.7427221935254651
-1.4216196230706424
-1.6855468902397366
-1.4870669739976548
-0.9177327528862292
-0.17734823049900036
0.4931705492283949
0.8927233233636798
0.9259905114898483
0.6311744242680499
0.15996508911989432
-0.2825275956026957
-0.514945268690885
-0.4449968287822901
-0.10027866503307539
0.3833621628968653
0.8089983577679377
0.9854251165883156
0.7944569768416159
0.23920100962761984
-0.5432677712896906
-1.31312807971824
-1.7983949909014816
-1.786037256753579
-1.2039911410108224
-0.1631613958640035
1.0603646359811818
2.1022279859995265
2.6230464589749665
2.4206188668855937
1.5030351879012807
0.0974839248576324
-1.4098466773842988
-2.585512697411099
-3.07820115537171
-2.7264150414592283
-1.6123517992852532
-0.044489694049161074
1.5300598643907253
2.6604420406796474
3.0322352213632437
2.5653146833349734
1.4340296165351198
0.0017918669032885193
-1.3047799184822964
-2.1344720206979155
-2.313947107876552
-1.882555475847857
-1.054340945405304
-0.12746280636222718
0.6231942799323812
1.032343652211994
1.0814934972430317
0.877986426818273
0.5896319166354663
0.3654177579551826
0.2753875374025917
0.2913818097381079
0.3121847685596495
0.2196405708980614
-0.05844569427309339
-0.504438761320913
-1.004079340658185
-1.3809677567002858
-1.4612439619019066
-1.1450194255016086
-0.45664074229347634
0.4474918018277268
1.3194473396257924
1.8969662226058692
1.9919232640299938
1.558652713385371
0.715596863540601
-0.2901981629426654
-1.1644925504978711
-1.6639284394047877
-1.6749461050232795
-1.2452454342225914
-0.5577841274151047
0.14148419283061942
0.6342339538334437
0.8039983934062682
0.6666096200988169
0.34942208457372104
0.0325781088501324
-0.12428833194585842
-0.04534537731225891
0.2305592616383422
0.5651987153027629
0.7778508727678932
0.7203296058363375
0.33995143446030446
-0.29259882750395566
-0.9993307969497158
-1.5494795387026552
-1.7357776762002863
-1.4482321440018806
-0.7196604174908676
0.27502098639802525
1.267813181452146
1.9793383420299233
2.2056357081339053
1.8804488606740282
1.0919282093008433
0.049793172823359405
-0.9814432180158092
-1.7565392739850314
-2.1079590150939964
-1.9776960596034672
-1.4210320011259363
-0.585196639089194
0.3311487032010615
1.1276076316273704
1.6474477871486712
1.8067469533892015
1.602542132701371
1.102523916768409
0.4221743241818795
-0.3033414626814145
-0.9449389372294719
-1.3984000043157827
-1.5956403598106452
-1.5093455565412144
-1.1525729392122324
-0.5768244662418728
0.1291269150058704
0.8433417354452429
1.4250735171636202
1.7422665103184456
1.7062645647265504
1.3019304537932146
0.6012684649713934
-0.24676946246474685
-1.0498403304541761
-1.6204342541389487
-1.825235181273666
-1.6217906597684537
-1.0712536747549761
-0.3211706164936379
0.4388156313010152
1.0344507994252368
1.3561214391094816
1.3808062138351846
1.1605817350526197
0.7874542369966604
0.35359980622597803
-0.07500663467851167
-0.46270231619613567
-0.7893022579878353
-1.0292698483820955
-1.1403801196402958
-1.0718553758482021
-0.790790696984773
-0.3135746702203576
0.2771410032732891
0.844453271818454
1.2382396537781268
1.348344295761225
1.1440899950972316
0.6816461346707701
0.08015309230456626
-0.5172422484325861
-0.9801358838731293
-1.2161396378998688
-1.1834844246081884
-0.8940560790895461
-0.4104832206559946
0.1619484624239543
0.6916649911773216
1.0484687485159558
1.1391907302755293
0.939799800000638
0.5089737532613187
-0.026463839847812497
-0.5110528711846897
-0.810268030496662
-0.8524291173616311
-0.6496551823876812
-0.2913066221258478
0.0882719171032531
0.3570800888928774
0.4319572409101342
0.3080166043659593
0.05922805547626251
-0.19156627745261995
-0.3221441638757107
-0.26046482811682153
-0.01482220797307485
0.32720430127701133
0.6302783324027393
0.7610462056806436
0.6382758630033138
0.2659806870778546
-0.2625114382898614
-0.7913440718219257
-1.150479968802955
-1.2098451262164125
-0.9226114321826837
-0.34440591959225425
0.3775370285994349
1.0423856029783378
1.4507774590291742
1.4628807964106598
1.044667350272845
0.28946681102866034
-0.5947508855861438
-1.336262075187238
-1.6817137947399927
-1.4873002469795633
-0.7850656473655755
0.20842304353703275
1.155668125005768
1.7178523025393164
1.6850289880133136
1.0621446765585032
0.07299980655837521
-0.922343662368554
-1.56564310376473
-1.638680763714563
-1.1449372510348774
-0.3020247115933723
0.5504499865686102
1.089229658451543
1.1362278322602615
0.7265935164085666
0.08893900196182358
-0.45487586619177617
-0.6307585741834073
-0.3365708924516981
0.30349765822328223
0.9803981987948975
1.3249816288121876
1.0687384904301576
0.17568793700135016
-1.1118838781837423
-2.339680357591054
-3.0016233458303145
-2.736844785386012
-1.4872008592415038
0.4506378071469871
2.5058189905857744
4.020980588223272
4.477490686150414
3.674794408470243
1.8006746188331466
-0.6285575569197335
-2.932712904842518
-4.477577419533264
-4.859568876562781
-4.0100841977092765
-2.195696927813942
0.07640770196717582
2.2125089282424595
3.6972724668659205
4.222278118915285
3.7457195174292623
2.474169976800278
0.7817146145064929
-0.9021432179293337
-2.2024355080787026
-2.8813140092798104
-2.877519180402945
-2.296321159539909
-1.3566003847509258
-0.31563473551074334
0.6019068858283845
1.2497044926317629
1.5721002376987752
1.5887694138061104
1.3661544233846972
0.9900349854547013
0.5467769131175961
0.11240077063385262
-0.2555249389439152
-0.525533237324589
-0.6963252674487789
-0.7917690257176544
-0.8442654396378106
-0.8710936623262869
-0.8561877538480537
-0.7509599181307813
-0.4981360200130968
-0.06883110774593572
0.5045072472307353
1.1156105137157641
1.6020171942631594
1.792283409797969
1.569968006301713
0.9305136758040834
0.0036984342630111884
-0.9747676284559105
-1.736108531261104
-2.0683185363613896
-1.8879119898076162
-1.2658622741711258
-0.39792559803348176
0.4683059780203767
1.1196472824419887
1.441475033395641
1.4345885704590229
1.182955813177894
0.7959285393477419
0.3594557864708737
-0.08028472041004808
-0.5010897533887888
-0.8756427598841078
-1.1513498052927715
-1.2527749097905962
-1.1084270504503142
-0.691577023190564
-0.05452592271292851
0.66532103392697
1.2766864771314304
1.593167133922444
1.4965613898732284
0.9810264173713241
0.16336917592986408
-0.7437526053349002
-1.488962053612296
-1.853809161095317
-1.7173156729540409
-1.0936263462425513
-0.13194337755286537
0.9202651569708388
1.7797253629978818
2.199931964159871
2.0387031242356057
1.3056875543680242
0.17363603155698154
-1.0582734667601277
-2.0460188592545427
-2.5048608939786225
-2.3004946650040203
-1.4927950423470167
-0.31500443554915186
0.9029527031479616
1.8380214581158987
2.2689066372520794
2.1325249045054675
1.5263725517175417
0.6600999822401812
-0.22273019425474835
-0.9223460720710802
-1.3325176973612634
-1.4488167012536832
-1.339740893945621
-1.0983221299595889
-0.7959936415353004
-0.457121903791222
-0.06461975863904469
0.40544173489367497
0.9378127696789745
1.4481266141860987
1.790956538051829
1.8080064842350596
1.3973652615015693
0.5735590181813932
-0.5096921944866419
-1.5879301222873017
-2.3591452260809054
-2.5783225475890865
-2.1422618128819044
-1.1349167990718139
0.18584209387070597
1.4600923811791533
2.3351125205618204
2.575275554710993
2.1335424047797202
1.160089224826494
-0.0515309604237409
-1.1583455837018537
-1.8692406094686842
-2.022643864052488
-1.6207015643562195
-0.8155279339028302
0.14244106276533688
0.976124412942649
1.4554248166919748
1.4570596724015545
0.9966729291797679
0.22391767662575335
-0.6191311775336912
-1.2649740919409673
-1.4955050537123773
-1.2068920450489256
-0.44914050825206797
0.5726259972386737
1.5426937156157265
2.1211522421529563
2.0531774092545314
1.2689415642972564
-0.06407032614836787
-1.5665811924010382
-2.755503108203119
-3.2035804854039625
-2.6937956579010534
-1.3103264220737325
0.5697202978739848
2.3857219891173065
3.5720606849315133
3.7478299827503982
2.8507695971452502
1.1633211220536919
-0.783583646636202
-2.3955275362264525
-3.2185540413867137
-3.0856465960681847
-2.1539540767052334
-0.82321608382801
0.42978152437578027
1.2335163224611752
1.447467256293271
1.1836787763896157
0.7231649025782169
0.3713364823946759
0.31896107232150456
0.5658299393055027
0.93197565965732
1.1446741215065508
0.9634803468941029
0.29449604239543364
-0.7513526152266529
-1.8816129127719563
-2.720490770108099
-2.944236997407472
-2.4012515791401645
-1.1719949040080981
0.4503428272880149
2.047008417500146
3.196854586575951
3.597215851592702
3.1479278133697997
1.9750526838201687
0.38818018361973394
-1.213714055989541
-2.455069572358155
-3.0784353905525657
-2.9964174792943568
-2.2943638119278496
-1.190944465052068
0.028899559455959564
1.09033268117775
1.7945400721404516
2.0570389277733105
1.9091851384394363
1.4657414908295667
0.8739490352818734
0.2657580355629505
-0.2701327600302135
-0.6919216400083291
-0.9904613941404417
-1.1687411772492733
-1.2257181114325426
-1.1504105319564262
-0.927397410632389
-0.5513115017133153
-0.04479068300692065
0.5283394771008193
1.06369118527985
1.4360627983140413
1.5347005936898774
1.3016541638019814
0.7588672172390855
0.014236703659042508
-0.7573762787341528
-1.3564634949812688
-1.6149280231760763
-1.449153472225938
-0.8924094334616234
-0.09423462901201304
0.716719952528774
1.2984514716762625
1.4707493086068206
1.1750625543022222
0.49817550871007815
-0.34966167036702916
-1.0968529263439204
-1.4950376013957267
-1.400586128506076
-0.8256891460182272
0.06096543551889962
0.9864092999837477
1.6604618305701644
1.8672652808560866
1.5313096780171478
0.7380810315632235
-0.2950974368490708
-1.2860976269670683
-1.96947241093744
-2.167219000727592
-1.8311341961292815
-1.0495036977888432
-0.01935607380486918
1.0070754812982485
1.786990356081388
2.146324255573777
2.0191420209363615
1.4572861181401553
0.6096483633399288
-0.31995290779008756
-1.1230421152549916
-1.6322941416108256
-1.7547566998752326
-1.490336085270159
-0.9336675759629566
-0.2531732983342631
0.3560737529426692
0.7358298322717778
0.8209784584640832
0.6623130573698536
0.40210776225357103
0.21048621553024438
0.20845541223152578
0.4097869924564059
0.7076109041153597
0.9140954592228343
0.8394430683443815
0.37976960385187264
-0.42126536450336055
-1.3639643661539662
-2.145598809700881
-2.4605664057410728
-2.1147137590496805
-1.1129605712770076
0.31546470091034656
1.7720052857504731
2.813399247728702
3.1050213866367824
2.5447237780845406
1.3061289395125104
-0.21887157189611778
-1.5577431413394038
-2.322420548327178
-2.33959098975273
-1.6984924053287203
-0.700889299131219
0.26449827341210846
0.8723105971891518
0.9764235350126091
0.6479086903871527
0.12494505356333081
-0.299917477931316
-0.4066706919052047
-0.13736478375647324
0.38588928070444334
0.9181705290453867
1.1980366610113973
1.0584358719159432
0.497625115595423
-0.3168689345334121
-1.1110761599231698
-1.6086235401841062
-1.6347880708520361
-1.1794654241980258
-0.3958058052448868
0.46088012273228646
1.1258877326546972
1.412870324932631
1.2670637199622772
0.7711897551972525
0.10853364630874816
-0.5008885476337842
-0.8703851115566992
-0.9025951356554462
-0.6161443187941992
-0.13539681962743352
0.35481587135501635
0.6754426926588164
0.7159003240442197
0.4694197757742108
0.030236168253028623
-0.44289367162925974
-0.7825363764585649
-0.869240666529712
-0.6704793393385018
-0.249150180749297
0.26006211573075166
0.6975305786361424
0.9328497439858456
0.9067226857773741
0.6443054484282181
0.23701391481854756
-0.19517133980968954
-0.5429198042882146
-0.7347531406364691
-0.7475879727959128
-0.6030732734923254
-0.3547910813698226
-0.07080099758587169
0.18471929181420865
0.365858716652693
0.4503315612121622
0.43625449603146305
0.33752186608784135
0.18306092090570975
0.016882076432848687
-0.10765917739409962
-0.1419990352742768
-0.061863011020204625
0.11492857117976357
0.3212158131807521
0.45140607119292203
0.3932921047178819
0.07526097682917408
-0.4864874689722547
-1.1622857758111584
-1.7239430659442978
-1.9070422457547254
-1.507839277404313
-0.48234664445457354
0.9937544898900462
2.5378436397478006
3.656827979874505
3.906610546090491
3.061834172882763
1.2283128999920665
-1.1540642833037282
-3.4293388183656477
-4.928205573074183
-5.185457528229026
-4.095473941106621
-1.950927313284219
0.6490832980994126
2.989937928516824
4.465610831920171
4.758553477396145
3.9144074878915136
2.2913086587777727
0.4118393625712757
-1.2208338523308149
-2.2748486822394334
-2.6601787144392315
-2.5025157530758104
-2.043326775360648
-1.5154563056130657
-1.047221098632811
-0.6306999029213415
-0.16211056634314025
0.46756297101501776
1.2764535401430643
2.1393364582462073
2.807982070827224
2.998833475912808
2.511862557900647
1.3314511585174205
-0.3325607412735281
-2.0831862090791287
-3.4456025727263726
-4.014755824886083
-3.592943549360025
-2.2669292142388033
-0.3915611228961517
1.5182920683583683
2.9496026963272546
3.549430892701832
3.225268874210368
2.155679278515566
0.712899699318871
-0.670283643163672
-1.6411387329313645
-2.027634555833335
-1.8670553100819243
-1.3573464407123368
-0.7554760474895635
-0.26729734485316503
0.02436669905790864
0.16578862136003716
0.2775768954073244
0.4712931323388179
0.777906343782657
1.1195765880779656
1.3372562816626412
1.2636175273395345
0.8106359147446368
0.031435821857059995
-0.8762871912684017
-1.63214001570887
-1.9756094298437255
-1.7663059719651844
-1.0422252319400158
-0.015411181678631512
0.9932244863865285
1.659952460082204
1.7718625488540805
1.3079136586184177
0.4528111499175972
-0.4685888346242556
-1.1151182727969142
-1.2614896252273746
-0.882909740522958
-0.1577824034644216
0.6088778841165319
1.1061187361388312
1.1329630667525687
0.6683372500019935
-0.1256282927525787
-0.9641194076946636
-1.5412234062524621
-1.6374240506592135
-1.195970166032779
-0.34122277764226744
0.6670742059693867
1.524961068587211
1.9846913663156807
1.9268219257337251
1.3821959442387663
0.5057629479001071
-0.4786199743299284
-1.3396998402214657
-1.8902993455100399
-2.0213341178819717
-1.7170502082114212
-1.0521328079338446
-0.17230011720650656
0.7375262901764884
1.4907014531500062
1.9344880064653691
1.977903086663936
1.6082883842192932
0.8948165052105808
-0.021751675444751553
-0.9525199618993098
-1.6953539091966467
-2.077396949252599
-1.997519240014108
-1.4571859072337496
-0.5678628937640552
0.4712096592114625
1.4198198334434093
2.053142467346445
2.2118381814342527
1.837286024609337
0.9897751761489915
-0.15236827142408213
-1.3180835922383063
-2.1982052238444627
-2.525427053300147
-2.1607876263648493
-1.155679348210283
0.24070280506493838
1.6404052870508188
2.6278380821668548
2.888323908708355
2.3120904399708966
1.0381338869701275
-0.5786527429123229
-2.069141335644927
-2.9912753082415136
-3.0679846355641898
-2.2759197582496933
-0.853257637442637
0.7768462466051358
2.140906039456977
2.8628544766966435
2.7765107156883686
1.9659757032021499
0.7219120462347683
-0.5672206299489679
-1.5460964313059953
-1.9978544403693397
-1.8907188935932935
-1.358551987087367
-0.632703546285223
0.04460733402118696
0.4965368149120488
0.657668364069936
0.5799839747220144
0.3988071632695953
0.2702171911288016
0.30225496374005506
0.506141411710329
0.7868860995462812
0.9782917904510582
0.9111906319934264
0.4900527721607471
-0.2527142811437273
-1.1483381761825726
-1.9348848326383388
-2.3385729952347227
-2.1668095150545645
-1.382562369866088
-0.13429227455356638
1.2720466508386636
2.4548042527159315
3.0695407327509536
2.9171108766937652
2.0099919851004513
0.5738785596114342
-1.0154979258157832
-2.3392008960674953
-3.0526450204723954
-2.980160464134707
-2.160517210933769
-0.8306316235268121
0.6472388997131548
1.8904015804719891
2.598144631211027
2.622230744559444
1.9914636165631423
0.8920612025348492
-0.38480770825849997
-1.5144437012476941
-2.2156735381261776
-2.31904842228346
-1.8096322006515635
-0.830721152884175
0.3543908937588668
1.4316482357848195
2.1168619535073483
2.2277639187229648
1.7316157675999702
0.7572165381540298
-0.4339360461291465
-1.5139232252824968
-2.1782392084704205
-2.2356061069944526
-1.6691998472088243
-0.6455941900018266
0.5354050513996546
1.5340906342097917
2.0746407940244764
2.024439566805297
1.425496052980553
0.47251152128049634
-0.5509372689793774
-1.356271645322914
-1.730170915441442
-1.591439995702573
-1.0105780160812914
-0.1857893686768046
0.6198781810543523
1.162546592337673
1.2950864763811225
1.0106581807549166
0.43683378828510916
-0.21574381324849687
-0.7291621978590198
-0.9503417017633691
-0.8354744275790043
-0.4544272774045223
0.042953293302218566
0.48380694388300155
0.730984520252302
0.7238367742561883
0.48946913695745137
0.12384337013402129
-0.24738961811595048
-0.51249722642818
-0.6067861889117808
-0.5263837347823735
-0.32109752736847946
-0.07039720605027902
0.14909440277490943
0.2922591801860419
0.3573246824613935
0.37471591661847087
0.3789198170525632
0.37902180484878273
0.3451585184877329
0.22150425902466436
-0.036801822006086116
-0.4205559998915828
-0.8423842747719614
-1.1499483586001398
-1.1776751554705391
-0.8196806783571801
-0.09404908268290271
0.8323398391277843
1.6769892142442042
2.129561397696475
1.966711353484838
1.1504897924824988
-0.13203579198300477
-1.510470973717971
-2.5451701441101138
-2.8750860668892697
-2.3465619551605084
-1.0766833388981913
0.573031595497551
2.1070048080402
3.0547024562048595
3.1236978680384886
2.293015649254609
0.8157412804201154
-0.8666987896370852
-2.266349144443029
-2.998230683002765
-2.8902084877535033
-2.021347269145411
-0.6807933001630392
0.7346608455753438
1.8463382213715478
2.3999260446162793
2.3209556430032294
1.709496076830191
0.7854608717901993
-0.19034510908574748
-0.9915393945766181
-1.4764558642977825
-1.6040921647237127
-1.419035111331269
-1.0170796001243354
-0.5064363958968343
0.02128152527723907
0.5016566624983131
0.8909384350744447
1.1521631381412074
1.2460441690508968
1.1354886048011585
0.8046950274081385
0.2831274913958643
-0.34179741715072526
-0.9355054992267294
-1.350528468157815
-1.4717681822103297
-1.2548933797203317
-0.7437711473427233
-0.061537894909414775
0.6220098364249849
1.138163814950358
1.3688268113095465
1.2808306356529449
0.929957772442142
0.4318121638514154
-0.08532611308573462
-0.5210706100991875
-0.8200391240151137
-0.9661853054625452
-0.9671073345717273
-0.8401998802196546
-0.6053719294312772
-0.28494655759119114
0.09058004128532567
0.476158070167704
0.8124951273213938
1.035862431999277
1.0934242842915456
0.9578565863121751
0.6370719365013517
0.17708617172045935
-0.3431269542396977
-0.8251579959544052
-1.1711117262073618
-1.3051580592744298
-1.191238030213759
-0.8429784231682408
-0.32307484135635484
0.2686454594240423
0.815478206668509
1.20741101879868
1.3639721851672195
1.2524022158232182
0.8961798708734158
0.3704050211585792
-0.2152097344518664
-0.7407213370373127
-1.1011648033026071
-1.227688928349023
-1.1015976265515863
-0.7587324473595318
-0.2824792447916252
0.21456869212506027
0.6180237419635156
0.8420511197315095
0.8526178693869145
0.6744337653066912
0.37890043624703434
0.058538738899049855
-0.20166406446530455
-0.3461910930626037
-0.3592193911801797
-0.26316638805123505
-0.10847140964212977
0.041639237022841176
0.1282814073174449
0.11386558394312632
-0.0039118905066016394
-0.18645918464553277
-0.36295551676588206
-0.45410483204540186
-0.40335565620532243
-0.20198879606872736
0.10410560464945809
0.42926633161363276
0.6776263993238544
0.7752754918749102
0.6932714460282121
0.4538664703447467
0.11899898857005317
-0.23269602182135793
-0.5297197300455071
-0.7229744042180285
-0.7895137479171402
-0.7284640859850333
-0.5547565115740539
-0.2944071515760272
0.01761491598191901
0.33836856637654933
0.6196152732888803
0.8141066417431533
0.8846109064870963
0.8121806324874464
0.5999740628984472
0.2719356352287386
-0.13079838226876422
-0.5525350895236223
-0.9247379227599185
-1.170625892095875
-1.2171916916887784
-1.0155121772685265
-0.564012821952064
0.07544203996561438
0.778506266601103
1.3804827726135351
1.716052085056474
1.667009627021398
1.2043859645898418
0.4096776285082449
-0.5359865734387327
-1.3952313222059367
-1.9388876455696813
-2.0126200001470504
-1.5853158594206929
-0.7626137047535272
0.24125655787869651
1.1654609176833508
1.7774402911081328
1.9357441268977302
1.6223946370563807
0.9387746655261826
0.07114620489087042
-0.7607874452437351
-1.357647913903408
-1.585225282178363
-1.403828653309205
-0.8780701660575373
-0.16340142964445994
0.5321655530370061
1.0064087865487765
1.1269905535705567
0.8785826097297096
0.3712660475389725
-0.19732221344176068
-0.613742199446867
-0.7278064620917569
-0.5088764671883562
-0.05713266971238298
0.4353612130515775
0.7590005198793022
0.767813392136049
0.43697917358812544
-0.12486674298718807
-0.7143281407101127
-1.1097168834109574
-1.156112438621541
-0.8250133893145377
-0.22355911244881094
0.45150601315640865
0.9940801563470385
1.2639718120169996
1.2227465539198725
0.9213786662496612
0.45764666438889784
-0.0681388877844036
-0.5775947448283728
-1.0134618799831256
-1.3230954174872172
-1.4436553842302864
-1.3049774104329162
-0.8563272429465641
-0.10880965633281915
0.8278574287108589
1.7397101219169275
2.350140215733323
2.404827786533976
1.7741675493028553
0.5324740293449071
-1.0258496989486248
-2.452364364469609
-3.2797091408658883
-3.1833727970818724
-2.112496760028872
-0.3364987580417317
1.620191972978187
3.1421052508929197
3.730862815948079
3.1809241869513754
1.6563753291798207
-0.3602612710947429
-2.2286665934150447
-3.363994615664692
-3.429271791048367
-2.4415410586699746
-0.7564499360134908
1.0608194862026394
2.4306256737654577
2.951309413443051
2.5232358182454857
1.3635222016405961
-0.0896207791874211
-1.3434653450945202
-2.023748821910601
-1.9902683889414303
-1.357568200918291
-0.42278998577253757
0.4623401462167941
1.0218537834438832
1.1404359665227102
0.8776257414502674
0.4152276723157243
-0.032874924216980905
-0.30797710116170024
-0.35727732398097056
-0.2338640977180006
-0.05375441908851812
0.06601412389279512
0.059811067455647134
-0.0640435105280762
-0.2356242502641794
-0.36036716678674285
-0.3622494399813102
-0.21580063713658146
0.043757078529179136
0.33418185398694
0.5570315562695978
0.6332372610174212
0.5302285359276758
0.2716874106583326
-0.0717180584571854
-0.40565270807777964
-0.6407274938084091
-0.7170582028293246
-0.6181217908709274
-0.3717432617954383
-0.039582249687693874
0.3013920295201118
0.5794931240288683
0.7429852310591223
0.7637901061483414
0.6335419864151272
0.3606825537754646
-0.02606345866817322
-0.46994674943105696
-0.8820162762749887
-1.150404684944323
-1.1686546050032711
-0.8771761494068206
-0.3001647593411055
0.4423777573463245
1.1586129448903273
1.6398103332655394
1.7268049535722896
1.3631242488994886
0.6166057945116031
-0.3348490412581761
-1.2469576629297114
-1.8721887665788064
-2.0297970570585706
-1.6640947098992485
-0.8690935908511864
0.13429820610470022
1.0647097180277068
1.6687201540002696
1.8002375832022017
1.4627267246433333
0.7997364325662996
0.038233564324719777
-0.5933155484725777
-0.9415988684107536
-0.9722847491386819
-0.7656576723217827
-0.4674551523443082
-0.21793760257869854
-0.09180091448433361
-0.07464633678923273
-0.08334281047647778
-0.018091690879778858
0.17862389521918257
0.48340577876588076
0.7923907170985272
0.9620729657923766
0.8729179001318326
0.48798623507120237
-0.11897206892193812
-0.7789969009039607
-1.2821165731666369
-1.4499654887461895
-1.2001854083464083
-0.5799396323630109
0.24274266057935823
1.0272510191140714
1.5337007388351436
1.5983262255162178
1.1864958314606484
0.40668691284456915
-0.5178336501714602
-1.3110264474770623
-1.7238961319118598
-1.6116202899493548
-0.9851053807897002
-0.017769472582812897
0.9993582978724334
1.7439191486304015
1.9641470424268253
1.5633761467411218
0.6386001124243986
-0.5411072235545826
-1.6119653048750937
-2.226852656074217
-2.1673734553793618
-1.4213403418914425
-0.19843417341118091
1.1266291949900737
2.131686553883748
2.489863689151659
2.0856936147243053
1.057357668209109
-0.2536610197972184
-1.4258469352756327
-2.105285090328849
-2.1213398217269734
-1.5298998391804923
-0.5750090543855659
0.40952020856645954
1.1189708252954687
1.3751684278510612
1.1716886085932128
0.6566154898225856
0.06518387132635577
-0.370465249795315
-0.5035734431968187
-0.3206332332116533
0.061034597400139064
0.44444413339331323
0.6324120404786691
0.5046958178850423
0.06501200330991937
-0.5575750035692223
-1.1521079623613724
-1.4980845767568245
-1.4417683932558878
-0.9509813822676588
-0.13003399433187612
0.8101549115966586
1.6158301888277873
2.0657128061908594
2.0335948171483307
1.520942974177031
0.6529687737256229
-0.35860069263894995
-1.274531568772759
-1.890797356150648
-2.0861874437250827
-1.8432841839337102
-1.2418367726834478
-0.43113738155631165
0.40899866260917705
1.1088621320404008
1.5427774152883933
1.6507771423083422
1.4449365801330374
0.9991418764722387
0.42502408168352146
-0.1575578807635681
-0.6453201011222153
-0.9660885764449073
-1.0842483977146538
-1.0016518260606033
-0.7567809360958826
-0.420345084263812
-0.08204137823048666
0.17472900806543235
0.30400242473110434
0.31787677959742183
0.2808204866029165
0.27575272756095126
0.35724489966587475
0.5162751715657896
0.6764730782341644
0.7261456713549787
0.5723799205312612
0.19237905658245721
-0.3422711166090914
-0.8810624992711675
-1.245650552539206
-1.2981892411359577
-1.000751093056404
-0.4399661585877442
0.1985591846918618
0.7012237130587995
0.9150556977624166
0.8134003935650582
0.5053012641633152
0.18103944227285312
0.017941393790281736
0.09125930977284753
0.33371118626845503
0.5649861460659894
0.5796512098724098
0.25324616752876006
-0.3836243126944616
-1.1389157592616175
-1.725521155922873
-1.8740313858937008
-1.4463259768759824
-0.5038779593408725
0.6983886679950748
1.7937040721132356
2.4311733897532712
2.4001416827069004
1.7029559582852363
0.550058797110243
-0.7170140104508215
-1.7417198504636573
-2.262647944633205
-2.180855565901301
-1.5692202601755105
-0.6306442286640009
0.37382953915580924
1.2005785752764608
1.679724462670536
1.7409692347401073
1.4116828612965473
0.7975615981754561
0.05461338216837279
-0.6438355967734783
-1.1432924561036533
-1.3427323980337025
-1.218643366142839
-0.8286045292231559
-0.29068957335771956
0.25427667352108374
0.6824810051991593
0.9142845629996683
0.9229756517065801
0.729493204734596
0.3913551849997522
-0.009367442638287466
-0.3794246191551987
-0.631514474479073
-0.7047578919836518
-0.5828865838032641
-0.3022302462736423
0.05528711125950132
0.3834549980493478
0.5820652630183144
0.587692358960113
0.3953086834428217
0.06266245849164151
-0.3061177696470004
-0.5938895994869662
-0.7089843289291923
-0.613400626702066
-0.3304513488599803
0.06731653430458824
0.48069776491898764
0.8072466506620339
0.9611629810542053
0.8902980291802733
0.5907921956407375
0.11497301253519371
-0.4345560011001819
-0.9270660719222308
-1.236469496143153
-1.2746069218907432
-1.0155142375108825
-0.5041572317555055
0.15237131681989222
0.8077401133562956
1.3070976188722248
1.5211493200218182
1.3802185784379501
0.9007225078922552
0.19185234134148352
-0.5671410540789283
-1.1773839635651633
-1.482184809679146
-1.4153027185787261
-1.016132364174093
-0.40865179037210314
0.24330470969641266
0.7855221559828564
1.1115015795929437
1.180182220623375
1.0119877978304788
0.6689175058193053
0.2294481923706543
-0.23077062016525504
-0.6468391691223817
-0.962840210440128
-1.1273578397290147
-1.095063525116325
-0.8395646435608654
-0.3736171388080735
0.2353839083868324
0.8668224892643557
1.3696940581424173
1.6014462199269897
1.470453319642613
0.9684164951082177
0.18248000725623784
-0.7175635833966031
-1.5154458468444496
-2.000365517526212
-2.0227550787866533
-1.5404681459627734
-0.6423469135605837
0.4619721526862415
1.4902514134800384
2.164520637404789
2.293594115955391
1.8333620988909107
0.9037753945100582
-0.24353820418129205
-1.2966108445383235
-1.9719681675303762
-2.095880718713337
-1.6548659355764161
-0.7993286796876526
0.20310337078744228
1.051921136706695
1.509110682895189
1.4737600283550492
1.010641446792522
0.3220542274857704
-0.32972852140779124
-0.7229451864900118
-0.7600249995444396
-0.49834064883500306
-0.11489003418279031
0.17831132681019016
0.2309820431118066
0.022877374318936744
-0.32533956960970745
-0.605108080226741
-0.6162873072427563
-0.2660834819673148
0.37310382185737206
1.0751991958854334
1.5418268596930296
1.523612831112905
0.9318028165254995
-0.1074272549341777
-1.2807739685039508
-2.1902128809235957
-2.494040489657837
-2.035654837233757
-0.911522537389778
0.5509866865419721
1.9023285230925733
2.7269833401308285
2.7872734620343933
2.0993338245835056
0.9126824639411893
-0.39589463296271143
-1.4671001817879938
-2.0796448041585327
-2.197785499046716
-1.9346856712478113
-1.4611430648844062
-0.9115952092332931
-0.33444602219561287
0.2928306754521311
0.9991525798058957
1.7486576118208137
2.407602599629781
2.7697283885266635
2.6292143451607672
1.8707756446392612
0.541582500006182
-1.1250037576566714
-2.7496191067356364
-3.9049390676186366
-4.243157512400745
-3.61079771444617
-2.1097882120402667
-0.08054841552776697
1.989608906105089
3.6021552555645777
4.382216045686044
4.172459702398197
3.0636017308934567
1.3588852713969137
-0.5140332028917416
-2.11858727442136
-3.120397986198695
-3.363093156420595
-2.8890192130822965
-1.9043927905008
-0.7062013112408049
0.4046434275940818
1.2009061919548496
1.5789712860647656
1.5694355550378523
1.3061449987725573
0.9633718021184648
0.6833643905868552
0.5229526155817745
0.44090010273565516
0.3297398614889669
0.07751169029668849
-0.36618581879584355
-0.9475624352315927
-1.510357317681486
-1.8468544579863102
-1.781536594591539
-1.2532281844757962
-0.3583775327841559
0.6677135594632053
1.52877770125574
1.9748962101770524
1.8952115453870955
1.3573069245902518
0.5766165942644362
-0.17146130982486574
-0.6598043154247076
-0.7931445899023187
-0.6338645375993323
-0.362139642274819
-0.1889094196218763
-0.25725648738905693
-0.5715503772270407
-0.9845365474475841
-1.252198233044935
-1.1393391343665387
-0.5346309757726235
0.47573080859542416
1.6128679468391633
2.492774566025902
2.7658709557459655
2.25583475463669
1.0422434565799268
-0.549170372279854
-2.0486930769265284
-3.0006147255891635
-3.1190541280647945
-2.3844669863270456
-1.0459525089546633
0.4701662626119236
1.7102268156226819
2.3452282513707723
2.269844780875212
1.6160410342899378
0.6821329103204001
-0.19102184301563221
-0.7470997936999992
-0.8968808176689653
-0.7287354434136736
-0.44849462559893616
-0.2764171904769509
-0.34326307459083377
-0.6262267853099724
-0.9509615470546727
-1.0627766866491117
-0.743894583179878
0.06813144798022698
1.2135147024188393
2.3328063789131384
2.9815767470262324
2.799777250609267
1.671810965309777
-0.18926676337228904
-2.2758709788115525
-3.9365703176707405
-4.5947511571130075
-3.9568683350389797
-2.1315033407919497
0.3885320216013411
2.8775159933591428
4.608124617734532
5.0813571596890945
4.177530030706209
2.182773628887824
-0.31004465077480664
-2.588829766591059
-4.03850002382884
-4.319912415758148
-3.45655182254165
-1.8033982277267069
0.08794620971323124
1.6587284308855756
2.520563867622099
2.5604350556922753
1.940487568782683
1.0010258579317453
0.1125123707947125
-0.46171344654913843
-0.6413241329682636
-0.52232210379953
-0.30119719365797515
-0.16969032905198367
-0.22753831467168073
-0.44747429077295664
-0.7009296533029014
-0.8269504466759764
-0.7111687931795901
-0.3406350102203417
0.18709352811171828
0.7019525281614577
1.0292534121660708
1.0598965901737487
0.7946323305031687
0.3434337658832757
-0.12080909400505799
-0.4348566529441449
-0.5120837619689868
-0.37443069539427176
-0.1364799101402706
0.049895588858403866
0.06626349439871172
-0.1155106340004763
-0.4147730209758644
-0.6733636222468606
-0.7278394246611395
-0.49161213803416093
-0.0052137110265016
0.5745621002817239
1.0444148018033568
1.2489272100687159
1.1506087969297267
0.8376094491602286
0.46407617484416264
0.15590244178961715
-0.06550715596245876
-0.2977614574106167
-0.696742569649406
-1.3638811514208322
-2.234890069259859
-3.0329426406562505
-3.3286163179062562
-2.702500628905967
-0.9536861274409769
1.7354084731741717
4.761452812386354
7.228741397358546
8.217510392956743
7.1072477800697245
3.8418258192024584
-0.9659865057140054
-6.146229321587326
-10.283156897525267
-12.135562427472873
-11.029887069836581
-7.093930619317575
-1.25062492585497
5.029695731538666
10.142453862070541
12.800152140486974
12.384765902057245
9.098220580483149
3.874016212365
-1.9125511107299122
-6.839953163958111
-9.820567981766757
-10.356750692851008
-8.60952891937311
-5.2784095526417
-1.347330770494722
2.214222815778409
4.702565365842762
5.816625702893496
5.655798952245985
4.599295765059664
3.123084984091399
1.6265751979479972
0.3301787143584425
-0.7293367554713555
-1.6212650132791848
-2.409839788449393
-3.068677742912249
-3.463176171435875
-3.407425555353457
-2.7649404525704298
-1.541864862677925
0.07395658788018855
1.7482190317416195
3.095634299544183
3.7971093296699436
3.6955480461718913
2.839538107933503
1.4641109487009973
-0.08236426979368157
-1.4407493674106389
-2.340367786710857
-2.6630451338003405
-2.4522386797845845
-1.8682505893377122
-1.112002154925082
-0.35184306571611623
0.31690510180229864
0.8685933038303418
1.3100540409255408
1.6337529787200262
1.7888629313705604
1.6888834354180726
1.2560327610860356
0.4830605330170183
-0.5191701452291333
-1.51916605696529
-2.221497883074566
-2.36882803658675
-1.8498677230984601
-0.7654565812342057
0.5814086496554632
1.7757695616360978
2.4311838491060294
2.3278275259710273
1.4951778574584802
0.20709286482036135
-1.1105504125178025
-2.0272168874072363
-2.2566384696303037
-1.7524879304080607
-0.7158741739555747
0.485693852308875
1.4535340426598482
1.8942866187927365
1.7091013270318023
1.009126694303234
0.06006851578655497
-0.8175694754470347
-1.3556966796991812
-1.41901436936723
-1.0354045085808368
-0.3709240903370014
0.33655088001873573
0.8589988337462345
1.0483811868471424
0.8749977884346417
0.4250059120171135
-0.13759346609561796
-0.627271891411819
-0.8919089944199429
-0.8527686593700929
-0.5230618191796653
-0.0028993917614549792
0.5483064140212967
0.956674137865138
1.0854646964708445
0.8790269545445805
0.384714560295584
-0.2563026284778988
-0.8491816837636761
-1.2058621375893028
-1.2072942389976558
-0.8466067388781728
-0.23667158245535305
0.4237450285113531
0.9165145160499722
1.0815254433154755
0.8765742082569686
0.39566262415269304
-0.16348302165707962
-0.5731557693505229
-0.6657109773584584
-0.40579522525681866
0.08721375152519233
0.5806171983080212
0.820711305919002
0.641334971852507
0.04613505984761701
-0.771303821387746
-1.4854649546932661
-1.7611995607005901
-1.3959239032114923
-0.42118888471533783
0.8850649581664359
2.085920785027071
2.739347733155133
2.5601381431633743
1.5317451710363412
-0.07124488927756005
-1.7603398195861875
-2.9887187550205563
-3.3361510164674515
-2.6596126639900755
-1.1534918470200781
0.7069881899873283
2.323777973689443
3.180700451646261
3.0197247068869335
1.9242188746685027
0.28166468582324267
-1.3557474125093731
-2.459010707471688
-2.6933879270239407
-2.019203036648642
-0.6944739610960761
0.817913561715097
2.006493156877194
2.478660477658426
2.084047332185834
0.95594740063226
-0.5375188304912035
-1.9128583127410625
-2.723064185227468
-2.695621170440558
-1.815059538827711
-0.32669654888040217
1.3370380106012043
2.685034241222321
3.314063336420623
3.030275802313034
1.9071404542501964
0.260686099601771
-1.4489672728164682
-2.7564331390902854
-3.3257390090136876
-3.0403597223394763
-2.0237783875966087
-0.588146148217873
0.8685205885383465
1.9811066919788731
2.5149875726102104
2.4157687039303837
1.801530945248557
0.9057627392172765
-0.006639271456042546
-0.7208650737228008
-1.1250655498876971
-1.221447469578411
-1.09804174788412
-0.8755428735611889
-0.6508899352237887
-0.460690787340388
-0.27978509965196235
-0.05394887861645776
0.251333857096538
0.6124938189801504
0.9414375823853581
1.11700443861571
1.0413772118410691
0.6946519944952153
0.1589299237044846
-0.4038969904822006
-0.8139226761552066
-0.9470512783770773
-0.7863107438927617
-0.42702643899844295
-0.03421348168010336
0.22866115014504643
0.26911914662907616
0.10374989984206706
-0.1517561524635807
-0.3365123649057897
-0.31862038919641733
-0.05711039048522441
0.3750658557953532
0.8165742729051154
1.0810688320867106
1.0325022539470377
0.6422588801035818
0.00594083786106011
-0.6868159769690115
-1.2189971955681862
-1.424651752035967
-1.248571058973604
-0.7633751268044423
-0.137390968590679
0.4330916263801931
0.7988031873449997
0.9080294970375112
0.8115631987778315
0.6223619236956257
0.45197720097563815
0.3552476946525869
0.30825795367387243
0.2280791100038592
0.024100355152136665
-0.3430048455479785
-0.8225459579980922
-1.2758430930405154
-1.5218619745236641
-1.4085533584528656
-0.88062277465006
-0.016794805375211663
0.979397153600683
1.835175927043629
2.2925527509734485
2.1915788601575934
1.5243555316818314
0.4427870658155379
-0.7808920508755066
-1.8281882379236571
-2.422500121272323
-2.407361839915401
-1.79184247633277
-0.7483053728905759
0.4376819845065351
1.4498235300593723
2.030151602737847
2.048095609402531
1.531373519368958
0.6528414450708274
-0.3213858908060034
-1.1084422106639966
-1.4895135512769397
-1.3727224669803206
-0.8197968011240242
-0.027521088184644844
0.7323377306170389
1.1981881077423153
1.2034652388892852
0.7338802880329228
-0.06310504894589819
-0.9216716480306221
-1.5414158321529192
-1.6858812965723322
-1.2651883360983525
-0.3750150861627724
0.724986236850139
1.6911279633936767
2.2090874232138433
2.100862776486689
1.386795189190622
0.2803660616560949
-0.8832949887628071
-1.7606600687203846
-2.113825922767042
-1.8839250847905031
-1.1992402467068006
-0.3179237498719036
0.47180473452695654
0.9558574363908672
1.0632401090226438
0.8746376569580471
0.5700196706846553
0.3390578000812677
0.29305256214073466
0.41607221648778414
0.5759108648649239
0.5897269250907581
0.3158053450084606
-0.2685076875230963
-1.0366549263316043
-1.7440586433722314
-2.1102442725279635
-1.9235687361607154
-1.1317295579514635
0.11598216135412846
1.493844244767209
2.5893862573469772
3.033397178656725
2.6306028743186727
1.4452058650660695
-0.19636079915047283
-1.7975209308434623
-2.853632865869807
-3.02742958097711
-2.2715929314405368
-0.8504979927854366
0.7492913165314325
1.9890970285233454
2.4680163046816213
2.06315750672828
0.9677762296638285
-0.38706933590573345
-1.4964822951740795
-1.9671555117380592
-1.654238214251659
-0.7020823893921626
0.5205248059924326
1.5614022186888747
2.0474175787778592
1.8101099483642633
0.9340238831995632
-0.28332155883757304
-1.4405809944099823
-2.1701191533457282
-2.2564274479585875
-1.696421264981858
-0.6843563012527786
0.4677211934422492
1.4399920968244366
2.0025008013338117
2.0667770875702898
1.6817039557143438
0.9890352650929208
0.1663205909714113
-0.6187661196271995
-1.2332549865034144
-1.5886358801952538
-1.6459493402368452
-1.4193785591047687
-0.9731077331391049
-0.4058789265309963
0.1753394718396225
0.6832023611330105
1.0669047708502115
1.310113098330854
1.4120634183718075
1.3644694056905147
1.1407709520252753
0.7081414025647802
0.05992527897881161
-0.7463426009250665
-1.5674087081669221
-2.189734785348735
-2.38893788124276
-2.0173401174821812
-1.08277993944865
0.22205351742020224
1.5611218389728858
2.5564545538668013
2.9123609643810506
2.5166208988998506
1.4814831461880413
0.10879660046206663
-1.2087284263010203
-2.1147623166246072
-2.4002951287065675
-2.0603574747121955
-1.277920493659348
-0.3427791808972742
0.4608493984609089
0.9512783694001802
1.0932829179185732
0.9781287975585163
0.7577997484265294
0.5681534389378349
0.4735838499823427
0.4501937889560654
0.407622027881502
0.2386262728984351
-0.12118797515302487
-0.6458898891340351
-1.2063831463918757
-1.6045441891873455
-1.6470623328026759
-1.2313720096291845
-0.4060951611007073
0.6247149342709097
1.5615683764637562
2.112781605098779
2.0991658762284877
1.5175030462392254
0.5399932157079353
-0.5451119630376932
-1.4265037605564714
-1.8649582000218554
-1.7617545567446424
-1.180404839237807
-0.3173774457150716
0.5653516155922781
1.2220045021217576
1.492180947208009
1.3363526513683193
0.8303922747714428
0.12762065100975786
-0.5936592558778815
-1.177720948918718
-1.5195580670406432
-1.5691222161438452
-1.3189419976659469
-0.7902525749762812
-0.031351972952842214
0.8697543551739649
1.7709926334288477
2.4791877922153938
2.782940646272484
2.5128158847141786
1.6103427388177072
0.17818872298952493
-1.5137053854930074
-3.0772685929483385
-4.102144891527493
-4.272131058600443
-3.4666938526508644
-1.8135517257338034
0.32872775048515296
2.4577243282950185
4.060440802682364
4.753503076203614
4.3878466089550106
3.0861245382032907
1.201380796525206
-0.7902946825929322
-2.4287453748116223
-3.3946915303729566
-3.5803818475256497
-3.0868170068315504
-2.156213875987506
-1.0711180708958559
-0.0603207694465565
0.7555723580568396
1.3641091861058454
1.8133429054248125
2.1431668424887844
2.332367824702359
2.290724654508719
1.902209293857784
1.0988546876221446
-0.07098378867157497
-1.41487504993369
-2.6276181101984895
-3.376064922272071
-3.4091114076162583
-2.652278994396718
-1.2499983372085572
0.46331680058294056
2.056484572613984
3.1279627425784655
3.422297515373563
2.8987628647338344
1.7334205933797975
0.2589890991410236
-1.1353016748356337
-2.112705949508172
-2.4751613506675167
-2.2037714002910103
-1.446378468955993
-0.4607335966827648
0.4671856718828135
1.1046734739123412
1.3302413564526827
1.1537055017352498
0.6970773981923499
0.14679342643223264
-0.30610643053448894
-0.5221083357924103
-0.45338832019031655
-0.1580153201047639
0.21880447084436525
0.49580896875509145
0.5258538829850131
0.2597567672214088
-0.22454783337537407
-0.7442027384501478
-1.0793470323341665
-1.060393174159436
-0.6402939787276708
0.07634944553559801
0.8605797791509789
1.4364533870529026
1.582018942488326
1.215506854369469
0.43215610624104633
-0.5240752377798246
-1.3437612496419327
-1.758590651360232
-1.6324618900736467
-1.006768522253351
-0.08648126328700857
0.8288455700157628
1.4484213212934813
1.5919520227583044
1.2493618066597036
0.5746267409057813
-0.18027237723846368
-0.7612941156497555
-1.0004171634320158
-0.8654651003272277
-0.45862856637633076
0.030175469190038655
0.3956220220051052
0.49043765026962494
0.2771800188500799
-0.15809250738484498
-0.6358433151343738
-0.9473850765102929
-0.9306492893954585
-0.5303111546000125
0.17789961246013017
1.005099209748436
1.7021003556824625
2.0320009937137926
1.8441377730546114
1.12885354718611
0.03322640847906453
-1.1730270572195245
-2.174168265490469
-2.701291371943605
-2.608494460551222
-1.9100093377450402
-0.772893923395504
0.5286840147711326
1.6851958565687002
2.431625310649566
2.6145549042246214
2.2281275832299983
1.408484432779903
0.3880042011724147
-0.5765553090178346
-1.2787998749569855
-1.6157132917985833
-1.60155103312431
-1.3394763800002922
-0.9649966241648021
-0.5874641536891618
-0.2552442568422807
0.04327524202251033
0.3482131068020676
0.6844755735476596
1.0281584452143633
1.3003346213558813
1.3930636085198453
1.2175019879438174
0.7525274801179171
0.07011630526438323
-0.6763426637405316
-1.297444990861467
-1.6291166631115732
-1.5864630492608136
-1.1901233338676094
-0.5564038743689379
0.1426967307280278
0.7326077290416758
1.0838668967479432
1.142102293654756
0.9360473713679115
0.564006806840751
0.1618047105645714
-0.1409903159912349
-0.2651995507570697
-0.21170907463343475
-0.062285928369646394
0.054284287851967546
0.020793748172123382
-0.20884816634567965
-0.5765793171636026
-0.9324130632504856
-1.0917448582348706
-0.9158106654245493
-0.380559241274275
0.3972516827247268
1.1902370248899363
1.7371862171517387
1.8378541315741823
1.42938432975444
0.6142531556575966
-0.37218209604761465
-1.2427031214787374
-1.7561920569346958
-1.794349177631483
-1.389440928826641
-0.6975508188306648
0.06586423714105073
0.6995078482001306
1.0726406944537223
1.1499372661521818
0.9832301251372704
0.6777012909298278
0.34612406378323385
0.06815309683802635
-0.13009214514186593
-0.2695826845704943
-0.39121307825005064
-0.5234666775324187
-0.6605074882545393
-0.7587872531233576
-0.7522654541827473
-0.5808431919332613
-0.22216086618894823
0.28547776392049273
0.8389437987121895
1.2889294707161707
1.4793596211602802
1.2992745753210704
0.731744870442739
-0.11975093395947771
-1.0427494380538762
-1.7681384134244154
-2.0518352660067487
-1.7612741102788505
-0.9349955257694733
0.2121055872101765
1.3472592284255913
2.1254473358175825
2.304327854790373
1.8254746875630101
0.8322623009760897
-0.38041259428339663
-1.4637474165474906
-2.123376026499784
-2.2016381457836807
-1.710259618295793
-0.8097787505534171
0.2496480723122576
1.2017612827586464
1.8289497315892271
2.0043593171055565
1.7089180503763122
1.0274704692432075
0.1278822347810647
-0.7746881782691691
-1.4649019404906023
-1.7790241865567111
-1.6496718262906884
-1.1277511826770734
-0.36984045500541984
0.4080613761863455
0.9964933869116841
1.256835499913241
1.16190979198877
0.7977415606281281
0.32497102673404205
-0.0856438934125823
-0.3179298718997068
-0.34922214201096735
-0.24844541869248088
-0.13514386653350857
-0.11807663730569073
-0.24143508179212744
-0.4622996102621112
-0.667627883294321
-0.722895029394663
-0.5331334012338773
-0.09177672072734153
0.5037176260022438
1.0773177368720714
1.4322055583973625
1.420059413464385
0.9972673735879494
0.2484481129344627
-0.6313909406235119
-1.3919871827997081
-1.8044850838209971
-1.735309450453416
-1.191431352284931
-0.32024638070896855
0.6353995444911344
1.41013429053916
1.7933961004356473
1.689816742338177
1.1458023118230853
0.3324521281896011
-0.5114667875229709
-1.156538175309835
-1.451193386130658
-1.3579381029890039
-0.9488238568549601
-0.3688012551677019
0.21500477690534586
0.661355086316868
0.8891912347088429
0.8906803045032999
0.7195981544166998
0.46024236146136843
0.19071418064048595
-0.04373490381971343
-0.23668964737946024
-0.4044108097230518
-0.5568064576200372
-0.6727986209748155
-0.697316660234793
-0.5667824403694824
-0.2524498280896294
0.2031688666634962
0.6808951347828703
1.0188891936013027
1.0746124050718953
0.7896202920214043
0.228439251435091
-0.43001080064843794
-0.9522190626449385
-1.1412346043891937
-0.9211742975200073
-0.37630657277012636
0.27597197343266744
0.7711861217351601
0.9093716872659302
0.6436215659981656
0.10330746825072602
-0.46121719608922856
-0.7885787640346208
-0.7221109469860661
-0.28012252816414307
0.3501810691883806
0.8919816850716868
1.0965860613110683
0.8498640194266244
0.22336401092245797
-0.5514726737247923
-1.176076598938652
-1.4054196467405788
-1.145021263809784
-0.48502961972494046
0.33840304231606394
1.0348962951839162
1.3675334971055169
1.2360686179655063
0.7067806930498929
-0.018170728362720403
-0.6775080840985316
-1.0454889234154376
-1.0113196053749003
-0.6151937585178098
-0.028196969095150015
0.515727795682744
0.8094321484502689
0.7495767789094417
0.3724044197433009
-0.16394943424991512
-0.6428140573853961
-0.8733378203890768
-0.7631408771348407
-0.35129767324089584
0.21024843294930942
0.7179588087361928
0.9947198998060008
0.9528540142167871
0.6188524872717686
0.11475604582813821
-0.3914085312111164
-0.7456302883305524
-0.8586521755601617
-0.7315603931043794
-0.4469445704552721
-0.12886314715210237
0.1114202182638278
0.22064609387326173
0.21992136479156746
0.18460646373025308
0.19815236100384012
0.304188555946597
0.48038590996753794
0.6446622142664805
0.6896058077822541
0.5303775187852785
0.14674179894154452
-0.3973573083684436
-0.9649219797436841
-1.3853343625573524
-1.50913986218605
-1.2590802866733513
-0.6601006314168216
0.16147894770046708
1.0097331510548329
1.6716520139042321
1.9738437938466502
1.82806056145869
1.2551944870583414
0.38190791054902146
-0.5901092273370357
-1.434308754864775
-1.955296488783719
-2.0363576119002054
-1.6665346524234232
-0.9403249689070102
-0.031173546964845138
0.8523765268855978
1.5157055511859803
1.8207394749669112
1.7135569954556071
1.233053092756383
0.5007783323819589
-0.30623344517536655
-0.996040790438143
-1.4080837664861823
-1.4536657646090796
-1.1389907310591143
-0.5629928147809913
0.11080350555392975
0.7002848951071742
1.0542448212134519
1.091493371313624
0.8204451947849031
0.33452999256243443
-0.2164542276195856
-0.6719583070311755
-0.9090639263885716
-0.8765512132754119
-0.602417328724541
-0.1743968647529432
0.2946347059901627
0.6991177766432111
0.9587012214936964
1.0212263052517403
0.8608955988228864
0.4819862071811955
-0.0703940452050246
-0.7004783733784742
-1.2652417186286984
-1.6005255071766622
-1.5685159317311512
-1.1116297310414747
-0.2912504586132876
0.7075837338716621
1.6155519608147297
2.1572022739418033
2.1440244781227213
1.5474231815379154
0.5205854540528079
-0.6436025819356779
-1.6063152437904167
-2.0948448794951497
-1.9919610939430514
-1.3701589099766518
-0.4592734072764454
0.4393539099772278
1.0597905283540923
1.2599489800534585
1.0595639604839253
0.6156008328786037
0.14724385114834024
-0.15775969631773962
-0.21625783047692512
-0.07262720666443745
0.13516572626099704
0.24766534287026873
0.16066999595746723
-0.12580740933185464
-0.505648167343528
-0.8120395156961031
-0.8910331318935852
-0.6719082882889186
-0.2037071093097527
0.35917899678961657
0.8174398959306459
1.0071161009449727
0.8648191554434367
0.45113976156992847
-0.07522035984351388
-0.5197153251809994
-0.7252061630327709
-0.6287931817068079
-0.2818487464585923
0.17271460730170957
0.5550536035749555
0.7131396259540841
0.5749205157250036
0.17167851797394576
-0.3730552976703667
-0.8830535681887142
-1.1830877220518345
-1.1507953600538907
-0.7541893119780598
-0.06627159829244926
0.7481855859656914
1.4729463541660062
1.8984159451162126
1.880406659716925
1.3815563584071957
0.48497027077440324
-0.6211954048837252
-1.6840152376354165
-2.4427981028098986
-2.690734147328148
-2.3275688917714388
-1.3916899209302855
-0.06363316720767502
1.3638906606586927
2.5495223750274305
3.1895560366108886
3.1036732422558697
2.292781677126109
0.9480723409830978
-0.5968976463679387
-1.9605977456749657
-2.823515877541159
-3.0147141475535113
-2.5472322273214183
-1.5961068829064053
-0.43183204175052176
0.6657747132275524
1.483923106855688
1.9192767233812222
1.9771406116654897
1.736671689891785
1.3036796113924958
0.772449600037344
0.2086309824454617
-0.3463504993794808
-0.8582564268534115
-1.2834046816363096
-1.5629213009162666
-1.6319428820625144
-1.4414390008439928
-0.9847979293458237
-0.3171749621080985
0.44408443306468437
1.1425584095806363
1.6232758793879534
1.7765837935080782
1.56968046558599
1.0548234566455492
0.3527843133566456
-0.3801668014432674
-0.9900334379149495
-1.3586066835913686
-1.4266191819531926
-1.2019776298256277
-0.7519458907455574
-0.18373151144601893
0.37851189262832297
0.8145329647091736
1.0274834425413262
0.9655203126994334
0.6423135807516877
0.14477730429686345
-0.382215265246695
-0.7734479900247895
-0.8925543140601307
-0.6780863896022942
-0.17199875949165652
0.4805344938500704
1.0642982208269571
1.3560881176086035
1.2017754096116087
0.5836582382461525
-0.3515806573082211
-1.323881732753321
-2.006025939174102
-2.1370786947611937
-1.6215367724689502
-0.5751706035368067
0.703376184643567
1.8283632888816
2.4561466027792203
2.399816098022668
1.6878994226416195
0.5491220807960953
-0.6673419739292709
-1.6068030902377712
-2.0216215215740267
-1.8460124679853842
-1.2084642532145617
-0.37584874091583
0.35222333785917165
0.7581348822019751
0.7826992677860072
0.5318074986641583
0.21332325154931306
0.03511619742102255
0.11017240766663218
0.40817733845675597
0.7708606822945951
0.9821223032928025
0.8630129065313007
0.35323617986122535
-0.4519118356636297
-1.3224047216189423
-1.9657642078639777
-2.1279354158467805
-1.6889602012927805
-0.7182238260701586
0.5341423544076328
1.710549927753705
2.46041077147977
2.556168812459281
1.9697664807845325
0.8818015023819874
-0.3807135025747271
-1.4560030926094667
-2.0674518126772017
-2.106756577696355
-1.6501662822216985
-0.9065408478649316
-0.12485538609811817
0.497659124819029
0.8716449579090858
1.0194475827742846
1.0322039121162483
1.0042369296321998
0.9764128324446448
0.9135198102197183
0.7242222423860152
0.31457001069969803
-0.3461074967629558
-1.1742776414583656
-1.9636947618502856
-2.4354298240079717
-2.3373841083380196
-1.55635063439781
-0.19356793862912444
1.433028178910421
2.867757475789629
3.6546571148789364
3.4893915313708606
2.334267887665584
0.4537364866418864
-1.6482407498767826
-3.3742815121329217
-4.217427459228246
-3.921105789866364
-2.5606162874180187
-0.5194251950303423
1.6297629922241246
3.2983187259496543
4.052947489354372
3.7313594307442153
2.4695123509577517
0.6402223504249616
-1.2660668899783847
-2.774164872749787
-3.5348403834301103
-3.394874086196199
-2.420236519729732
-0.8725360499352262
0.8551676925277121
2.3308240334134864
3.186590256684971
3.21074394867627
2.404253775099223
0.983340925724492
-0.6762485663953941
-2.1394927356088242
-3.02899764859754
-3.125027415775469
-2.4195112553637235
-1.1095012386317806
0.4639348418243963
1.9089553643468937
2.8805113370952973
3.1580817676562436
2.6877067271740964
1.583649622679887
0.09595386176313729
-1.4441453987508008
-2.6899200763752336
-3.348333736223801
-3.2447715389503027
-2.3706184498964604
-0.8986904430118021
0.8434766435688588
2.442363538686273
3.4971314206413453
3.7252295284719175
3.0460794428402047
1.6150934129761378
-0.2096077146162239
-1.9641477269764884
-3.210108433363237
-3.6556951334454295
-3.2280872532672755
-2.0790588045038714
-0.528871539413639
1.0303597300907907
2.2418179430817413
2.870453364090073
2.8462482422333015
2.2576457248773942
1.3042416126066136
0.22826806508336064
-0.7519997349486253
-1.4871298607594254
-1.9094292046069252
-2.016993714831096
-1.8440918056526656
-1.4364833672203974
-0.842949005100487
-0.12234410369835505
0.6435204824747697
1.3442239586805176
1.8526950804558304
2.0557854400709803
1.8918329662336248
1.3769001623651356
0.6064012043517004
-0.26869648996471984
-1.0808520589288846
-1.6856593972296399
-1.9903444496527984
-1.964673541762905
-1.6338791540899544
-1.0598207950652627
-0.321908071375704
0.4918568579643624
1.281997927079396
1.9314195691148166
2.309523669473118
2.295863846288853
1.8208068249747087
0.9084561254453627
-0.29884160161516105
-1.5522310534971673
-2.5498558438585204
-3.019090663525005
-2.799865209064325
-1.9005134442706817
-0.5087210192314188
1.0461715839497363
2.372427821333957
3.119782096291798
3.0810932419845534
2.260169913953381
0.879919202507861
-0.6782401008268772
-1.9885255722469917
-2.7102674555219934
-2.6863541924280523
-1.978187988760185
-0.8312534813223525
0.41083433150311754
1.412565530426129
1.9396052443746026
1.912947835104142
1.4126313126899184
0.635635893227256
-0.17407134280279954
-0.7993485982409471
-1.106185344222439
-1.0695638539798968
-0.7659552777759067
-0.33803841850490074
0.0567570500928168
0.2984673333187232
0.34144608072990357
0.2237190759550881
0.04520614404342286
-0.07786484936892626
-0.06496197643448187
0.09224260036743008
0.3258357070131061
0.5228779104250156
0.5774285504243617
0.4383541192329412
0.1305511200990971
-0.2582513636213713
-0.6152954234738174
-0.8448010061483026
-0.8950574631760951
-0.7625059485400274
-0.4783406655977515
-0.09070377593542256
0.3463305866422902
0.7730945899469818
1.118352583763842
1.2976656145522785
1.2266525930018828
0.851440254716928
0.1866258281831648
-0.658064373904813
-1.481986906977303
-2.038050570257545
-2.1095337278223534
-1.5945411251237238
-0.5643903981176159
0.7327673794209387
1.9325338141226167
2.663847717325273
2.6724950161848833
1.9147829259013727
0.5849304088097222
-0.9373378033194203
-2.2034339948203816
-2.837975037241096
-2.658084385420102
-1.729645699257882
-0.3423538101588794
1.0866505986973587
2.1460468965486488
2.5537667031390674
2.231046496897226
1.3099137663698224
0.08069943844752392
-1.0987743920504087
-1.9052760700115876
-2.13721576006514
-1.764738668489651
-0.9296151146701855
0.10436114891179758
1.0343560612253355
1.6085454832126962
1.6956974628483572
1.3146928456464035
0.6182099631671893
-0.16196880592871746
-0.7913920863585083
-1.1076516204418698
-1.0674770602298642
-0.7489913832774691
-0.3103732382993459
0.0765071488890755
0.2908897253221249
0.3022822510831363
0.17132169950592488
0.015332694550648208
-0.04585396931846708
0.05680600045056968
0.3081284651360577
0.6081463050185519
0.8077512790340636
0.7702184333010005
0.43515126654930014
-0.1430662204677265
-0.8015271176659372
-1.32065674025081
-1.503254865563399
-1.2509637833968439
-0.6091249114509188
0.23854146646504046
1.027585226116941
1.5051953023103706
1.522952077133036
1.0921283447599497
0.37791593417907265
-0.36524971894750663
-0.8901038743121634
-1.0455197979804909
-0.8247152531502053
-0.35779810903276116
0.1449500970938312
0.4760340878378443
0.5094872707837743
0.24750172292616388
-0.18237097871424662
-0.5797950143114156
-0.7540875249885602
-0.6022070462822171
-0.1498815373461404
0.45843696902618236
1.0128875325316133
1.3122642300775766
1.2326051123895096
0.7693188304706413
0.04153861089789703
-0.7428555456516939
-1.352779632719242
-1.6095333475782325
-1.4449825969483197
-0.9199110805145635
-0.1960860919990339
0.5249923748731928
1.0699922308414644
1.3406343443734403
1.324193052383941
1.0712455125993838
0.6594687075415263
0.16527060005443442
-0.34471367887719345
-0.8059915779598112
-1.1476511633632729
-1.296975496933584
-1.1995667481146495
-0.84551213054643
-0.28751529550083255
0.3604197037141847
0.9470957254760136
1.3245426825579245
1.3919855191240658
1.1294935878111723
0.6092915874994687
-0.022655393419070458
-0.5923592287099995
-0.9555528430132042
-1.044774822176705
-0.8868829570754374
-0.5841709494677891
-0.26663538831484696
-0.0350274490219393
0.08050334788905532
0.12676198962966792
0.19452061590627934
0.3607485862209331
0.6343478019301507
0.9340480807804042
1.1127733092210348
1.0209227350028476
0.5819597958407248
-0.15431810586360428
-1.0080671129581291
-1.721343730718019
-2.046613871515629
-1.8370998333489201
-1.1054673526162828
-0.03047412937021982
1.0925251047200457
1.943748589550865
2.282809540973824
2.0255186391182507
1.2653436307135633
0.2342962094878844
-0.7781859443187329
-1.5157526433297748
-1.824005978165088
-1.679925349402172
-1.17901147568926
-0.48970146590874325
0.20580991755580533
0.7624401125996196
1.099231098839144
1.198413339141062
1.0844725479152686
0.7995137196837517
0.39005403952096507
-0.09055357070079009
-0.5723811489785112
-0.9657134389287061
-1.1738990096923894
-1.1214621885546998
-0.7873740492443002
-0.22847921477802724
0.42180116384328925
0.9861923488983052
1.299047058356473
1.2629081584993203
0.8827480339361586
0.26486762884917836
-0.4166670363805364
-0.9718903960732792
-1.2487939063555733
-1.1754976087528115
-0.7802409027612858
-0.18305775554861672
0.43973727524791145
0.9077670298638685
1.0886727764996538
0.9348259121423781
0.49657384256436915
-0.0898868567758407
-0.6384893470960814
-0.967437731702926
-0.9583978718900276
-0.601042889641794
-0.004668483138528844
0.631059235582522
1.0799126250992916
1.1677816845817683
0.8385778480717543
0.18176504479867375
-0.5913545990521988
-1.2168153833009072
-1.4697742239874798
-1.2467595864237617
-0.607593132881535
0.2410766993357611
1.0171795999249953
1.4636970510338583
1.4395973626293652
0.966838545906228
0.2179727877646416
-0.5482339757521624
-1.0785204906488406
-1.2118145533568043
-0.931416416245166
-0.365412726188558
0.26419248880286045
0.7247329895535473
0.8576037822349868
0.6335670995802696
0.1590694150412483
-0.3679007138926692
-0.7347658566056035
-0.794207171089566
-0.5172583711405058
-0.0017329911172523733
0.5648166336055754
0.9728194570410829
1.0648279888443282
0.790624698879922
0.22524417572350114
-0.4551274544930451
-1.030934557213257
-1.3116765397409234
-1.1987296722698104
-0.7176271925220032
-0.010147276708649317
0.7099441113717279
1.223126092186478
1.372001372455499
1.1102250097376498
0.5177138611488706
-0.2232018502653601
-0.8848276592201068
-1.2665219039066513
-1.2573958096397508
-0.8677881204685316
-0.2207726649170151
0.49015873963248546
1.060582666409551
1.3324015071244673
1.233361315646346
0.7905097501834426
0.11746445915930816
-0.6177741322374604
-1.234370693545118
-1.5795599763195638
-1.5609789647972319
-1.1653934823594625
-0.4619857690308112
0.4089441770851829
1.2600823451303593
1.8923235310262791
2.137885920397739
1.9040304010475233
1.2056881817163754
0.17436464847135802
-0.9641750670219069
-1.9413150668748533
-2.5137857296531285
-2.5291331817155136
-1.9683336014881132
-0.952781657896932
0.2853439547444479
1.4599936951729107
2.3009961292459
2.6209331836651586
2.36234792724963
1.6097804308841375
0.5605080463538004
-0.5360551012286977
-1.4471333499669312
-2.0093415447080263
-2.1525049633245548
-1.8956363470299389
-1.3247954258515364
-0.5650126418256084
0.24461170108366476
0.9699299115476248
1.4966618065519632
1.74347017594831
1.6739777579925295
1.3062739626767048
0.7159739861973133
0.027155261542911688
-0.612955713365814
-1.0721960680921905
-1.2715528635815
-1.206958385566958
-0.9451760466807396
-0.5954211685433602
-0.26779245684135766
-0.03385523339163233
0.09635684884444136
0.17235556115898215
0.27618490003704443
0.4787468443984174
0.7949969374146584
1.1579486303344326
1.4278339116378245
1.4389921621944088
1.069374479586381
0.30502297029540965
-0.7291678794530324
-1.7890022449262395
-2.5773162313925537
-2.8351989867909495
-2.427356498790116
-1.3934141863509535
0.051660178022962314
1.5688266748627537
2.7831544433989883
3.383885125448142
3.2089225496572094
2.2909040805328846
0.8515875838234976
-0.7556272338587237
-2.1402304712571754
-2.9788167791608156
-3.0978563986482084
-2.5117622395296184
-1.4084021462462302
-0.08974064448954626
1.113765750626207
1.9308678404893007
2.2154387592293068
1.9734020446190708
1.3448845386285582
0.5488098895275483
-0.19118942958883192
-0.7140938629159879
-0.9590093243187161
-0.9618725459452809
-0.8174446813085869
-0.6264278212193141
-0.45135884356930756
-0.2988868946246263
-0.13426341803674555
0.08028022860942474
0.34441450257839523
0.6011550430759911
0.7552771124872069
0.7212650439041064
0.47484172331488667
0.07925318507246512
-0.32909682781579547
-0.5911413029785115
-0.5916674458384857
-0.314774920290388
0.13676016652376863
0.5710404456565349
0.7783163970124928
0.6177883232139744
0.08534114209555939
-0.6665834605549492
-1.3690297977915764
-1.7271395159032492
-1.5316677423616782
-0.7498755387599
0.44138347273539574
1.697196019992959
2.610186706086981
2.8459582091440923
2.2625530065693797
0.9719927719792442
-0.6809284534956971
-2.2209456098930924
-3.19428874621618
-3.317396998717176
-2.5677496369352477
-1.1831837164588228
0.4276541610671307
1.8256225275058156
2.6769659862957673
2.8375011250181865
2.363558018272228
1.4584795965404453
0.38582895911678816
-0.6136711127722361
-1.3746191518499054
-1.819993493399193
-1.9428382197115643
-1.7747124585433864
-1.3599481221800014
-0.7473201338199756
0.0012418029154549835
0.7956129997114968
1.5102128036088502
1.9949590137406112
2.107626226827661
1.7618176818132147
0.9746920353255631
-0.10846284572881926
-1.232503992755243
-2.0970295035897344
-2.4489796228286487
-2.1698921574632055
-1.3237191357908074
-0.14447949636970628
1.0349534849825945
1.8890246383458087
2.2022700373913056
1.931161219579267
1.2044217558870656
0.2660639984863172
-0.6134752488065182
-1.2232606509788841
-1.4648501765692854
-1.358647909460441
-1.0095550165696408
-0.5518742292758673
-0.09773893643151467
0.2910948185733008
0.5999488169160954
0.8341873689507978
0.9878849326299236
1.0277685715462292
0.9025396669350491
0.5745109894014806
0.05782315725945389
-0.5592370760779832
-1.1252769973173857
-1.4712843823286466
-1.4728059707164105
-1.1011664657570222
-0.44027531668375935
0.33913768311390086
1.0367631416052727
1.4862885354660833
1.599208348162393
1.3755543749720087
0.8863601368076207
0.2435601414405683
-0.42876331695607744
-1.0153586825340972
-1.4222832285597238
-1.583967152988253
-1.4692726509318788
-1.0879733417531332
-0.49466032539501503
0.21487325269612928
0.9175481792579607
1.4844877935876135
1.8038426572929196
1.800727528960557
1.453057020319671
0.8016881365999291
-0.04861411891187086
-0.9408966565803686
-1.6911868909379713
-2.124376076595968
-2.115693108537747
-1.629971460039486
-0.7473701206360849
0.33727319064720324
1.3507924435361616
2.0128552214739392
2.125194954399655
1.64818015358564
0.7311159715025258
-0.3248338558682754
-1.1663478747506282
-1.516018737492863
-1.277463830773837
-0.5729886255420987
0.30248843451933916
0.9926623847403456
1.2129572385118805
0.8568980752314939
0.038773190679274976
-0.9430976042649214
-1.712025009538544
-1.9510995355163585
-1.522478861225537
-0.5218184579478846
0.7540506013102309
1.9138638852802696
2.6093476019759994
2.6477049893392737
2.0387722336431704
0.9677081508037363
-0.2862851790700675
-1.4469360569879335
-2.3133580613017153
-2.7830375839373285
-2.8278930091651273
-2.451733564633323
-1.6656426151257815
-0.5024255753158188
0.9383125684611686
2.447879862009301
3.7077411851377673
4.352314135342903
4.086375356726081
2.8155054423857084
0.7300991074704927
-1.7058520138557418
-3.8721230617737086
-5.180079414114041
-5.262891145464283
-4.096643642672613
-2.0074080991387904
0.4364955012174888
2.605629221076591
3.998758078391999
4.376225811539317
3.7969503197181993
2.5562965958521717
1.05855537826212
-0.3230535846897298
-1.3495402486665686
-1.9525665743344192
-2.2004108189581277
-2.216918322471009
-2.096001862248663
-1.8533100725969518
-1.434729263810342
-0.7723646551579073
0.14297377901580585
1.2111401622559608
2.222677828665326
2.914666548747205
3.06101849346897
2.55970285376939
1.4808679518574233
0.056838500447752426
-1.3816593737812948
-2.499169686286819
-3.047061217052411
-2.9260947623201883
-2.205330626041804
-1.09471837269565
0.11979049043118153
1.1585380426591523
1.8219271396691599
2.033279140735956
1.8400665786832444
1.3777985321655366
0.8129492942971813
0.28640194358710813
-0.12373255005379129
-0.41009283083123055
-0.616416575020159
-0.8005993490837765
-0.9954297981518634
-1.1824788401910864
-1.290265022772802
-1.2196024520518283
-0.8889524423283066
-0.2828673331627141
0.5178458167091701
1.3406723543094232
1.964515624316646
2.189951310101767
1.9120164602589989
1.1662917004380142
0.12780362705392628
-0.9386413162030903
-1.7589784622701123
-2.1329306557438428
-1.9913936115794022
-1.409761657762427
-0.5745493843188069
0.2832563144491616
0.9627112580363301
1.346434097724114
1.4140849233084773
1.2173814810020647
0.837635291589307
0.3527058713075959
-0.17080748383198732
-0.6645402123823422
-1.0439204056524485
-1.2119095159371889
-1.0876069716265222
-0.6495055979216975
0.028634635567355373
0.7729582992616179
1.34910849875643
1.5395224974940362
1.2306555989504728
0.4725385755200669
-0.5193451808462496
-1.4277584324185084
-1.942681938077378
-1.8733026962253518
-1.2178109292405621
-0.16483041196169743
0.9707460708432133
1.8515646484855255
2.2242830006747405
1.9932407831601693
1.2397717740211316
0.1865919377943377
-0.8754081251902406
-1.6722165412551813
-2.018903356540301
-1.861561019869486
-1.281079205471078
-0.46036251947199586
0.3743353117527418
1.0200710619259177
1.3512949850471
1.3447367156591659
1.068908791731728
0.6455661417995165
0.20117208459242739
-0.1712718880146545
-0.42730894588683294
-0.5635395595323478
-0.5991986689619299
-0.5606365519991332
-0.4747636493104458
-0.36750077427422617
-0.2607187527716475
-0.16609774306158265
-0.07946859557202542
0.019031672614643932
0.15504181314176377
0.34165644675695367
0.5613433892922701
0.7598084915349269
0.8588565855379675
0.7853113111846861
0.5037673050688706
0.03881683307577266
-0.5218148436032695
-1.0445418742740622
-1.3842056845043722
-1.4272256213496612
-1.1303458686356929
-0.5409401246217881
0.20948222546388878
0.9377750067053136
1.4584612922370783
1.6357061216202498
1.4229673505356262
0.8781503524253418
0.1482465076343885
-0.5735933801514146
-1.1055554155502723
-1.329432920400896
-1.219712437128235
-0.8420725039395062
-0.32584093720327717
0.17844966598954537
0.5437646279141756
0.7012491853731088
0.654652819925655
0.4697448628039773
0.24260744540190418
0.05937770143099902
-0.035717004021700804
-0.05072190297141417
-0.03168343219732612
-0.03227356749177712
-0.08313523150377215
-0.17648047119090446
-0.2728861648853826
-0.32451496308615785
-0.300297387304464
-0.19926278128197725
-0.0468030368980134
0.12044162778215366
0.269413319490118
0.3769806965997459
0.4280908796027201
0.4110620401815035
0.31549186494890613
0.13642096927213695
-0.11562483192874436
-0.4042212266396802
-0.6640973229633428
-0.811995988435193
-0.7722415051979966
-0.5086866720615272
-0.048416944798796144
0.51410383031019
1.0350781089952792
1.3575387609527596
1.3571553298259684
0.9852695608669012
0.2949186241158756
-0.5614562039665836
-1.3656715088821059
-1.8909778901764536
-1.966425776363312
-1.530074312348526
-0.6562383412727859
0.4525866093362893
1.5114481136291142
2.228150537395059
2.3885204798114668
1.9258340769682536
0.9499444476856899
-0.2778370130860083
-1.4198268690762217
-2.1639610792453485
-2.3187648446681814
-1.8686787211320692
-0.9711486477080353
0.10091453310288287
1.0480895779289796
1.6336138097245525
1.7452967575322744
1.41343571746094
0.7830579823467586
0.055496306986222856
-0.5755244003472595
-0.9718593771640425
-1.0744456273010499
-0.9038910904584168
-0.5430868365604319
-0.1079700909243503
0.28566297065959073
0.5504182610140094
0.6437585388454312
0.5706377609256823
0.3745532024104857
0.12064390427499697
-0.12491063947469107
-0.3133856427625248
-0.42325546147095233
-0.4570934092259686
-0.42831706610247866
-0.34707545327887507
-0.21435567307872008
-0.026976686316259484
0.21013123582230894
0.4715616512690803
0.7069792109888172
0.8489426163366427
0.8310112232966954
0.6103432100878876
0.18888270732572143
-0.372840773449501
-0.9564556315707357
-1.4069268475433223
-1.5735971693213606
-1.360800686776097
-0.7700307439471877
0.08478034831181759
0.9986855355019753
1.7297760009380945
2.0693371096571065
1.9060170695086878
1.264183499944781
0.30325819461471
-0.7255905844218679
-1.5545071367569296
-1.9802800782316354
-1.922658896108322
-1.439825977238135
-0.6973726868323393
0.09581257619991487
0.75863753996313
1.1875368051440922
1.3669683861179378
1.3419315503693816
1.1720198509587993
0.8937376125866505
0.5108330037834801
0.01577045145834702
-0.5725490627241882
-1.1793897114476366
-1.6735554961818397
-1.9010565648586606
-1.740608732324434
-1.1568506306472586
-0.22879356747278998
0.8569700699360093
1.846166354470389
2.4797823774151673
2.5654041747786875
2.038633954133915
0.9944800752500639
-0.3262273797212209
-1.5961864395088698
-2.490928473892622
-2.781343599580881
-2.400472273463003
-1.462513749060152
-0.22683749828279373
0.9817027628329532
1.8689974531339604
2.2515129633953217
2.095202425026581
1.5062194731533072
0.6822410899402941
-0.1561953230783173
-0.8298418613773326
-1.238571750969863
-1.3635818133197437
-1.2423855601521165
-0.9372222387860766
-0.5154950508961987
-0.04699315857733305
0.3913366810691462
0.7168285429724071
0.8565286204162306
0.773086927648209
0.48842855099872895
0.09092475874735406
-0.2824369525162139
-0.48772290838810867
-0.4280321473371328
-0.10017305530869042
0.38743384238340667
0.8392772793333704
1.0370102267056298
0.8234519257482139
0.1762043097056207
-0.7592428310585221
-1.6965667527516897
-2.2950916178387186
-2.280060491212931
-1.5527777308634145
-0.2458715299206208
1.301642289685474
2.6437339931337562
3.367440586542068
3.226346744938182
2.2237590658781405
0.618464544233484
-1.1506997013084252
-2.599827452315691
-3.3506677378824574
-3.2441034782175153
-2.375921191320306
-1.0454312305294722
0.3581645329261963
1.4849981699826227
2.1219251632543634
2.229190451662626
1.9139801117918904
1.3603978682454752
0.7475666607393764
0.1885675284115779
-0.28808650967237664
-0.7118346558813466
-1.115235677615056
-1.481081983196988
-1.7220357424107808
-1.707660110664559
-1.3286352695074928
-0.5675635176345736
0.4589672791185688
1.5105705810808376
2.287693454282507
2.530463220518548
2.115709610330575
1.114051224389111
-0.2174513607697036
-1.5078459897002312
-2.3866367223656435
-2.6012035034304297
-2.097053245675113
-1.0332494653976332
0.27118668017516934
1.4393060587465099
2.1514196220394717
2.236766801794391
1.7142258685801832
0.7724482156911007
-0.2995199494488321
-1.2049495010809868
-1.724051460096333
-1.7649633164532157
-1.3705694152710524
-0.6869320993716225
0.09066473518120166
0.7749934002391232
1.2305326614776217
1.3928197998327094
1.2632725514062417
0.8903215478903144
0.3511478614474696
-0.2586730944028611
-0.8303293291985919
-1.2497921302704977
-1.4154680792677865
-1.2653939142856965
-0.8050651708826114
-0.12163324753019508
0.6271771130293654
1.250374157582284
1.5764170115460685
1.5049860993959
1.0412337060279926
0.2992800535523694
-0.5282402699212162
-1.2236552088441415
-1.602603314693202
-1.5626030461070264
-1.1123863164537815
-0.3730281704648978
0.4551991757999445
1.1536707274964901
1.5523760056005715
1.5768154737762783
1.2573895923231142
0.7008637953256653
0.04066024892206215
-0.6090028263998077
-1.1744190313898675
-1.6122442646817974
-1.8790775271737021
-1.9060056243597345
-1.602911575950401
-0.9001924819394532
0.18836397700690044
1.5147099812486566
2.7919543379945786
3.65401879928888
3.768923827336432
2.966357392483862
1.3268005803354341
-0.8093235894153011
-2.9231301408925328
-4.4648189052964575
-5.018163182970248
-4.426519472940546
-2.837910304535671
-0.6554193610308783
1.586486174281013
3.374455478522789
4.348071016996869
4.375095430517811
3.5556725350442915
2.1631470007245475
0.547991277545643
-0.9596027130663202
-2.11866342084198
-2.804819609508933
-3.0005705692402405
-2.763547670854834
-2.189855011547339
-1.385456511635381
-0.4519649187237617
0.5137746458137427
1.412638855845655
2.1374806135382194
2.5764943031432828
2.630631235313639
2.2441630899434934
1.4382575798577872
0.33087709229007994
-0.8712964157506756
-1.913389909465249
-2.5571349215016337
-2.6501736226541897
-2.1755575196424393
-1.262768907154992
-0.15388596014613162
0.8668098787708869
1.5577312979427707
1.7902841136367693
1.5796915275602295
1.066209386372271
0.45607043682569126
-0.05390112421599267
-0.34109626052757136
-0.39076396359863996
-0.288021510097827
-0.17069549063760892
-0.16101747226742968
-0.3059433766551975
-0.5539061942940002
-0.7784777299939702
-0.8372886556099595
-0.6395933957937432
-0.19294801243807536
0.3911238436297503
0.9344476499509557
1.2562590284231323
1.2382440325214006
0.8670806066121632
0.24184245757501566
-0.4539768736967308
-1.0069882979663949
-1.240127833850266
-1.071667959587459
-0.5476657393752346
0.16584335253572738
0.8322593079171585
1.2214187003625063
1.1887074647338713
0.7281442954303828
-0.021448336638902415
-0.821325028432944
-1.4121227554326745
-1.5978616434488044
-1.3065329764238434
-0.6107084169147197
0.2954686261321462
1.1553856644985863
1.7276340116219997
1.8577282929288954
1.520262185281708
0.8187469757233701
-0.05336574500158533
-0.8735004021770725
-1.451395317632643
-1.6745982227173548
-1.528629943621886
-1.0886210163841112
-0.48657712300044326
0.13321203521515035
0.6536747471227035
1.0058185606600136
1.1675568737058926
1.1480831444298245
0.9704846653724185
0.6625074529958358
0.257765142276591
-0.19740604495396427
-0.6388323668545146
-0.9872259165606393
-1.1617793418736808
-1.1028283890345716
-0.7964893389290084
-0.2914531570146219
0.3011844374765786
0.8298354509431674
1.1427465733407447
1.1351683478663812
0.7882198360677093
0.1861084582389483
-0.4965635384770898
-1.0387608717517294
-1.240702582663279
-0.9971072087083024
-0.3495265191893322
0.5078390546889571
1.280722296476089
1.6741869797890299
1.50395537164152
0.7748713537917172
-0.3073487714746219
-1.3985333709382124
-2.1312394696471415
-2.241296295007611
-1.6603213841512456
-0.5422264117189481
0.7841462233912864
1.9192532640852378
2.5190786837800143
2.4028098555276443
1.6087238820557441
0.3808807180299987
-0.9105102372349947
-1.8898220232086171
-2.29545016727175
-2.0550310532972054
-1.2927950204842587
-0.2732796107181011
0.6930801761892273
1.3485160141287003
1.5594155362772883
1.3408363047786613
0.8308995082022094
0.22865851210594926
-0.2798194146446167
-0.5800245353469397
-0.6523869132034148
-0.5563042634057831
-0.3879584793458696
-0.2337628040658846
-0.13842282414591028
-0.09787659254871087
-0.07649655450567239
-0.03673543849186185
0.036102366702069864
0.12741886780252445
0.2084060150403063
0.2628374566731444
0.3055481972877926
0.3749505664571053
0.4992735936954672
0.6562530448186715
0.7540785996427134
0.6534853039102689
0.2313580446393435
-0.5375800597004068
-1.5214150277541196
-2.432783701628566
-2.907081961299204
-2.636755688392523
-1.5103279091987885
0.30443884301441937
2.3751136215319124
4.120937873291539
4.994681783194728
4.666375246953983
3.1417255943529407
0.771615922661403
-1.849649461955342
-4.0603010645734425
-5.322610308987441
-5.370144691220382
-4.266374848478263
-2.3594130404360785
-0.15397510529357797
1.8490734485808942
3.286451514444717
3.99620984863127
4.00199724240173
3.4435268733829036
2.496561830424788
1.3188875488097709
0.036748594041337526
-1.2370500706303076
-2.3769847562613
-3.2348501133494207
-3.6577453819356816
-3.528602436451904
-2.8114942072773106
-1.5815161260476496
-0.02562617531343078
1.5881225926507103
2.9639843456218675
3.8383712653819897
4.031893208072569
3.486482031112295
2.2838741037708723
0.6405517169696179
-1.1257504204839932
-2.657920177681587
-3.6394923138495687
-3.8721108205142687
-3.3267362084247187
-2.1518755232283393
-0.6351445805501439
0.8721855090574387
2.048120107475928
2.6840859726508866
2.732047280939964
2.296161878806984
1.5731052295746168
0.7686115751175024
0.028019275928537556
-0.5900755345981471
-1.0911842860386227
-1.493041051082328
-1.7781610778271726
-1.8791286850215572
-1.7046887934917514
-1.1932570676173564
-0.36790965383805463
0.634823873585883
1.5813850421453837
2.2045834931742507
2.2955872139967486
1.790521411294649
0.8138822537476941
-0.34599289761555585
-1.3273984461223673
-1.821215956290473
-1.6851934225419092
-1.0015738078029484
-0.052288586797535015
0.7844793785882412
1.18028553470485
0.9866153901245831
0.29401157145682455
-0.6043465263072579
-1.3277855961811598
-1.5550482988195855
-1.1472783402486388
-0.20268482762417994
0.9757336134355543
1.9858906609122353
2.465949278241568
2.218039220830529
1.2760439852980947
-0.10239277067159112
-1.5156876292157355
-2.5445974672843428
-2.8847997136176935
-2.4420960151984925
-1.3580318142994696
0.04184813808915685
1.3565857048527579
2.234781710245908
2.473574096614543
2.064587612797661
1.180241187991717
0.10917939298907398
-0.8387603597778929
-1.4275069910825056
-1.557198768905254
-1.2746907273380597
-0.7353420693317704
-0.13766715839791793
0.3426278444945807
0.5993263265404466
0.6138984632832764
0.4454316149887502
0.19947489513129046
-0.012603745978107053
-0.11123876567447796
-0.07306537678308558
0.06443193880973355
0.21978769097456066
0.30130511361689793
0.24646316850185132
0.05154716290153835
-0.22271929405270538
-0.4745151228323269
-0.6037385456966265
-0.5541815568353816
-0.33566953130915966
-0.017793125520475718
0.29976528435982125
0.5263160453710408
0.6116188859854161
0.5562351835275353
0.3980655831791249
0.18567114720601352
-0.0439865765918819
-0.27041937216473255
-0.47755583980689176
-0.6373287849926177
-0.7038520920852677
-0.6260537297510754
-0.3752017349145329
0.026845246025600022
0.496340278882495
0.9036462372433447
1.1133234944397572
1.033896836511284
0.6579473649014499
0.07459943161234497
-0.5544632724200138
-1.0484918318206276
-1.2690940785173055
-1.1639580289389202
-0.7763196358666188
-0.22066654002287966
0.35985052244843413
0.8345444490995139
1.1114473628358257
1.1459840855859527
0.9383875588419873
0.5288138784924395
-0.0055459258139267595
-0.5542115037072693
-0.9855699993120393
-1.174432745488974
-1.0437522649884192
-0.6059912235464088
0.01911765146824985
0.6292764608865606
1.007201519740228
1.0075669006244328
0.6248610655119545
0.007724916367816071
-0.592855914890172
-0.92395523829674
-0.8375240276008352
-0.3560838321606196
0.3323389326580969
0.9482571056536514
1.2326211478144429
1.050275959665466
0.44321383236624556
-0.38591265391686896
-1.1502323321392445
-1.5830931077264347
-1.5315050328228754
-1.0066622930908147
-0.17608894023167856
0.6975982294860875
1.3481396535057344
1.5940191293468302
1.392586832492978
0.8428796998490047
0.13990914725588413
-0.49960224457274216
-0.9107022478279102
-1.0257607177616306
-0.8791050598510293
-0.5760983048957351
-0.24367073873889047
0.018510394827779553
0.16964476910303933
0.23100679412074285
0.26015972660203773
0.30942563186685484
0.3907661524838385
0.4662115684468678
0.46874731798207575
0.3418628878492767
0.07706294252284461
-0.26929912871059036
-0.5889248459983277
-0.7603119328371573
-0.6980596399899944
-0.39290455133012026
0.07420140010047147
0.551846364254504
0.8673085540973249
0.8890970956996757
0.5804858787722585
0.0222224344359836
-0.6079863959820881
-1.0940825316356102
-1.2565202939302644
-1.0155720320168025
-0.4209244856188726
0.3620609868961896
1.104082150169768
1.5835937367309743
1.6544677432996515
1.287951631306505
0.5769572190183577
-0.29583426078798103
-1.1130668676571815
-1.6821476874051182
-1.8807078737823184
-1.676881774932131
-1.1242408939034
-0.3399768223862942
0.5227461022144909
1.3007235722267643
1.8431001688179875
2.0324504813683153
1.8066917521538899
1.180071951353546
0.25621828224659704
-0.7768999629895833
-1.6780942342805676
-2.209715482452989
-2.2072192713579306
-1.6386922952556313
-0.6304522531376592
0.555654571706266
1.591047643362105
2.1761094611721266
2.133752590800101
1.47135268476426
0.387940831816585
-0.7823258299365254
-1.6766118925431843
-2.023448234695673
-1.7317319152186639
-0.9158100433647116
0.15037114202280183
1.1298216293145062
1.7326696681158107
1.801876606695261
1.3493899322658804
0.5370321064980443
-0.3854168503733754
-1.1605332492220142
-1.5953119078796651
-1.605896448242823
-1.227217475970109
-0.5892417477545875
0.13040619815910315
0.760828914708991
1.1810038664810367
1.3392204594183936
1.246719435613966
0.9539947737849882
0.5245080023509351
0.019345174250104104
-0.5021784370460396
-0.9725388075180632
-1.310643360701228
-1.4323046281925846
-1.2764088484983824
-0.8353689305035797
-0.1742498039629029
0.5730986024930734
1.2330908636114022
1.6385217816597948
1.6771950398898212
1.3275372851252356
0.6693640084194022
-0.13457846530169862
-0.8816226975536723
-1.3851141112717589
-1.5280620757880488
-1.2979206740774598
-0.7887255800083627
-0.1674420826796498
0.3838216756834679
0.7283669722383311
0.8162939361842465
0.691611108130416
0.4626832544591733
0.24926334385876558
0.13007526505721717
0.11397390330353745
0.1456549037861042
0.1404236998430576
0.030138352919169633
-0.20023861920513686
-0.49968643669065294
-0.7658046322459385
-0.8816348185015039
-0.7620997583971654
-0.3938389727966108
0.14707121973312862
0.7090080160232853
1.1094938261535685
1.198506644916568
0.9189662423062769
0.33945175436271
-0.3587396508138929
-0.9402551840339228
-1.199670247780556
-1.0382264208015912
-0.503395966494046
0.2231427864000381
0.8844584769893089
1.2350447469697767
1.1277647333029441
0.5720866635377163
-0.2584130255624238
-1.0763619102767457
-1.5763901238922893
-1.5459476076570142
-0.9511467776784056
0.0376252152424483
1.0956881604462012
1.8554540017999084
2.038516629326929
1.5583235723537774
0.5553429830430002
-0.6476784077084834
-1.6548191614583672
-2.132844260586463
-1.9261663836479677
-1.1098591457354985
0.03800847353289736
1.1336976050973
1.8186836809625
1.8780233887737783
1.3078878622957608
0.31311013911033325
-0.7622398921798104
-1.548779321864282
-1.774980803368335
-1.3604419708870479
-0.4465633345276334
0.6492265988056336
1.5418055451688022
1.911353451046431
1.6147375603054077
0.7376790086311475
-0.4301596335619468
-1.490734028505126
-2.074069784434064
-1.9698171762870493
-1.2063142834896596
-0.04527851313860526
1.1100349733794517
1.8613218900297985
1.96042373192197
1.3966959495911884
0.3947814804301887
-0.6722469027003182
-1.4190851166307998
-1.5850128880690675
-1.1258627977380067
-0.23070890819116932
0.7444678023520722
1.4068512119326682
1.4763308519979752
0.8980920186395944
-0.1283454903387331
-1.2191482188582776
-1.9503018408310482
-2.019284662111215
-1.3604845217806134
-0.17045138480779115
1.164357866683817
2.2065280518333856
2.6185867634026168
2.272045472921255
1.2814387285853654
-0.043241843612934025
-1.306557762608699
-2.1598376432677817
-2.408151769969596
-2.05596616522755
-1.2801051438368753
-0.34742528515649707
0.48500942577777617
1.0481703661893678
1.2939963032642414
1.279558472918148
1.1164562931060473
0.9105402275009281
0.7178739327752122
0.5326011995067921
0.30655327382851694
-0.01259850466230838
-0.442680485167648
-0.9435799037047393
-1.4185803305467624
-1.7401413660009486
-1.7886963785415948
-1.4891222937339035
-0.8357346353717844
0.09576578666620757
1.1498182676222937
2.1095637678735164
2.73690652550086
2.8322616772175864
2.299775264511739
1.1945617454241317
-0.26944712495566453
-1.7606530002544256
-2.9129482478805797
-3.4270619997080063
-3.1576035172289827
-2.1584139114757726
-0.6726176904970544
0.9311128301625129
2.2597153799928873
3.004921020060168
3.0256621473845855
2.3766634590802185
1.276068575142587
0.027972119319555833
-1.0692148489368896
-1.797067395107176
-2.0559332111743034
-1.867843539371026
-1.352944793056652
-0.6883210089703251
-0.05644411957302366
0.4062393050049549
0.6457218212437601
0.6980593613809706
0.6631785759045715
0.6532218132743891
0.7354826937608387
0.8938730361059775
1.0265442576655501
0.9836123913323719
0.6335701692029768
-0.06504690106817222
-1.0153783564529448
-1.9820324270416534
-2.6490950973163043
-2.7234764456750438
-2.0489731135675386
-0.6880593706106348
1.0629971123789075
2.7391171662375124
3.8376077620150486
3.9765992315419845
3.02938815703897
1.1884189176968691
-1.0681027281649813
-3.1054838696694294
-4.323584760440643
-4.348943224716633
-3.161044709249476
-1.1063759817497172
1.2067761512547663
3.0980183385216318
4.025847844106608
3.7517822291096206
2.407379812004198
0.44552498004604585
-1.5074381495074591
-2.852046795071884
-3.2052479624324293
-2.5179133373720304
-1.080494871268861
0.5860059684164134
1.9147535360371652
2.4858699792744186
2.1588372164175316
1.1023892422402632
-0.2810239196649198
-1.503475848415892
-2.1582558734564885
-2.0487592826931085
-1.2407312124997427
-0.027330551454857133
1.1763493335293564
1.9733752820870818
2.11442573114273
1.5747363536314847
0.5541943029331855
-0.5972793150516537
-1.5018090083351665
-1.8810696824541595
-1.6462345887207428
-0.9199449282654485
0.01677685917597035
0.8325151605921913
1.2672416847505474
1.221007843753768
0.7762712060994527
0.14928497699069276
-0.40434088906854737
-0.6891412069950994
-0.6364877063259934
-0.31685040050410923
0.101965498391854
0.4300384386433265
0.5323568682206242
0.3775042343767206
0.04055858039312179
-0.33754224505135155
-0.6126901927176454
-0.6924529327649614
-0.5609357947998984
-0.2693437923277253
0.09568530218547922
0.44633603345495837
0.7141552645660092
0.852720758493467
0.8314866854956593
0.6344131481463874
0.26979828533844763
-0.21490315741572763
-0.7270890948848071
-1.1420241135462528
-1.3340302876155168
-1.2158063146187805
-0.7725278160953769
-0.0786624036608629
0.7099526923740944
1.3896588798936582
1.7622906908076263
1.6955790182617392
1.1723360349875531
0.30958179531066005
-0.664206081158665
-1.4719616381394234
-1.8736387809251636
-1.7465814822356414
-1.1318394464003896
-0.22698847933446356
0.6761642097476084
1.2898950401723557
1.4309335208699911
1.0860339340376166
0.41666944080926666
-0.30139808187716466
-0.782988861952384
-0.8439735271687766
-0.47419597378946077
0.15756540678772188
0.7703589736254418
1.083608209280795
0.9304037244523125
0.3264479089225043
-0.5322307521550502
-1.3412564934995508
-1.800429867829533
-1.722397046665322
-1.097389021106423
-0.09433878326673527
0.9966783071499771
1.8573565793974431
2.238165175432607
2.030200160137084
1.292375279829444
0.22887181950563398
-0.8733204249218603
-1.7261710953454306
-2.1177375262599325
-1.9648053567786834
-1.3294117933417195
-0.3969319456022974
0.5771506841942272
1.337017691998665
1.6945832057929437
1.5782552786862767
1.0492511062299266
0.280802846299167
-0.4940733863830047
-1.0515691517343566
-1.2426458350170277
-1.0352058409699543
-0.5198521783910458
0.12231900481794182
