Beta
-0.029343897619954
-0.15004266930843682
-0.21040789588857708
0.2509520230497818
1.09022995835112
0.9243600735249088
-0.9723415788202278
-2.6412105901330833
-1.6153654273932674
1.3403377084445494
3.0266589648074924
1.872523925473601
-0.6290643241246582
-1.989578003557961
-1.2281610781101415
0.2637584828012449
0.4767063689623239
-0.4125803524373581
-0.4195443364803994
0.7784682277656616
1.1332809075957808
-0.20574670452532348
-1.1675596605156342
-0.03488104999888096
1.608575308573965
1.1327329201273189
-1.136286143248516
-2.305400518941262
-0.9980250427494648
0.9364272298953804
1.2509014242651142
0.2885423394015188
-0.06879598273592745
0.43909793153481447
0.3337800218261724
-0.6035353947398379
-0.7118360260231008
0.47969489098159523
1.032406197167521
-0.3531860781477412
-2.0009750967090563
-1.5282396370849256
0.7073708055529516
2.254403691568411
1.9930181345947393
0.7973644008964708
-0.5966942625333009
-1.9248775581157505
-2.245084099502539
-0.9686609310956013
0.5962038105914056
0.970534413453863
0.8201583449033942
1.26296212703706
1.3481542466735075
0.03904398380419056
-1.1798811112685534
-0.8547198070053812
-0.4132168568430694
-1.283387719159818
-1.782509353484293
0.00963904698912786
2.5983723689540397
3.1065076242993257
1.2933922860779363
-0.7902360015366192
-1.9339565290514944
-2.3664069137245476
-1.968217691019531
-0.16316517225874497
2.1776203497170465
2.725218767934423
0.8048002893734766
-1.0939398674452248
-0.7608708709427181
0.4308994851307809
0.018386622791758938
-1.4744092035674394
-1.6013783099108592
0.1120964865897933
1.6199634454399203
1.2461431615066425
-0.2363063118316019
-0.6932504770315783
0.49442890807275003
1.4592937147382976
0.49505018956398944
-1.3942485582404316
-2.0669337658165086
-1.2088852786228819
-0.03621473388016559
0.7139872697013551
1.054348288820121
1.2306422147447698
1.5745399666964766
1.6361704736088392
0.013823650531552182
-3.1138148118845574
-4.521136591398602
-1.7512078598112635
2.6182357877968583
3.7936022500081563
1.3433549241606397
-0.5865203395003475
0.19343892184569192
0.9463873433689883
-0.9739284666726823
-3.4561646989600177
-2.7220513108030095
0.9228597779939182
3.437088267571717
2.4439555394793135
-0.1303099748178095
-1.1426667914100284
-0.3959518653300535
-0.2670235754822288
-1.5338381834787769
-1.855139624800173
0.47935128325112764
3.2558610609240564
2.833225557534141
-0.7840111420131768
-3.502125683531349
-2.3330472432264298
0.8895144468232269
2.391339203746662
1.2632264880331037
-0.45972765516322905
-1.0242938894335465
-0.4359678368079407
0.36312993881225836
0.4909705864510039
-0.24896991809346608
-1.0975113501138736
-0.9772926576385446
0.38445088430629093
2.0911022646519184
2.57591996698869
0.6201281865980686
-2.952145447764286
-4.750845553715441
-2.0946396055876715
2.998862268195116
5.403595904409286
2.864822365868873
-1.5327334099860743
-3.3884340209561143
-2.0371498446519976
-0.36028978885330915
-0.13533890740365534
0.0860556000048368
1.527670303449275
2.371700027472143
0.756610628405982
-1.5618770102221853
-1.5714358676147742
0.2739996065778343
0.8969627194869363
-0.4551161356619625
-1.4073541186999687
-0.605139040183622
0.5234102820902939
0.7240815490811162
0.8250859580371662
1.541751085878753
1.5937024182709458
-0.283427593719256
-2.82896813951572
-3.479699812395659
-1.4084304820717932
1.686697725727802
3.2763901034893066
2.274392817051768
0.13226912847539476
-0.889422075822022
-0.7013480323460937
-1.0314747389517391
-2.011687386400428
-1.6251716076920073
0.8196709407653568
3.0585028431085233
2.725550028510131
0.2789103049276602
-1.849195758245775
-2.173035422178813
-1.2696892290193251
-0.26530468015282466
0.5486846014281539
1.2124568170689944
1.373913462958636
0.8005588692039551
-0.03355022301827986
-0.5107256959935454
-0.7772251660756747
-1.3481222251668652
-1.7198666934620743
-0.5879481564554712
1.927484417715375
3.5501689300458326
2.2878361944179937
-1.0675010521342354
-3.5571866467215076
-3.120331535693394
-0.6406015727313755
1.448386282928235
2.0655696026522543
1.942094397056335
1.563571655055871
0.32027557723176064
-1.7824775044102146
-3.043940930450402
-1.9535421877201633
0.6042642380755525
2.1945367238730533
1.5426348289849525
-0.25415993017771116
-1.0558521017309204
-0.06027445272600253
1.2645729303711446
0.991189044132363
-0.7971572901842376
-2.042748722407194
-1.2326897195774988
0.6758124486548382
1.4906783919877442
0.7692873867216918
0.03682565492276535
-0.07357939540873641
-0.3545449877782513
-0.6049175206358827
0.024975600536070973
0.5466488569574728
-0.4210995517593014
-1.5419040211551578
-0.5762028410893345
1.7141695446331058
2.470226947443468
0.831890830509094
-1.1946179040182305
-1.806133377383152
-1.418026354172772
-1.005008785298248
-0.17207226426823782
1.575314823896832
2.8974328208964812
2.041835618511728
-0.4025947528942006
-2.1685871359466695
-2.321246960701149
-1.655275493654343
-0.5724138172114537
1.1372047786293635
2.5178422374315415
1.8880510621422413
-0.34640209639898883
-1.4321653789661553
-0.0728474616242755
1.286386510109358
-0.0244510576905692
-2.5195899102096355
-2.4996961387570695
0.37215342571788634
2.593077501262297
1.8846538721274286
-0.18032032396113484
-0.9847594686994733
0.03306370137455477
1.4764178961757168
1.4815113662920671
-0.8927846002096236
-4.166585499596911
-4.658391895539004
-0.3966779089251234
5.244255930427818
6.547576385115882
2.37457325287382
-2.7925733429998485
-4.726073203754351
-3.2422612088620717
-0.40648359691811015
1.8399692666805763
2.2552422519166893
0.8734266496097844
-0.7621429270591611
-1.029416866285185
0.15326250183444787
1.47726551742217
1.6124850282470744
0.2153073903307196
-1.8670189148266625
-3.035010603525338
-2.0927269671024105
0.5167346790679618
2.845883002419538
3.150009855669463
1.435063078998992
-0.7277545688834983
-1.8374091509258323
-1.778863545547315
-1.3199210661577958
-0.6664480052820206
0.49131416508233017
1.6384888970034615
1.6458479743448442
0.49648292322018855
-0.5648927766976831
-0.7002903946593636
-0.28784568022687446
-0.1227084392617372
-0.3780446882746259
-0.4606167515507367
0.054303519371433386
0.691287289695196
0.770375158386079
0.2594826452839519
-0.5563422961945487
-1.2865802305954572
-1.003567376058186
0.8560987073644579
2.6991521033248516
1.852716376283846
-1.5574173397350088
-3.78047378581825
-2.06412313688576
1.6305848007138861
3.3448806931000123
1.9099589824599854
-0.7729881299962319
-2.496540364077066
-2.1098419503180676
0.14964583662990555
2.319293755091754
2.2107758078541213
0.032955064272830736
-1.7854132113518955
-1.656481053591321
-0.441143227882708
0.25443056827964966
0.24014041187697258
0.48714376081324556
1.2651241918014697
1.5145974788979586
0.37765371362996764
-1.2991689125185373
-1.8641193866733539
-1.1373371358518503
-0.5055873381959524
-0.33458059324517164
0.8128608232660042
2.9806728017098503
3.1567410644005305
-0.40250977850305
-4.152725583452776
-3.3332362016049593
1.095701940713089
3.467179730386273
1.060803439197904
-2.5437846991054753
-2.4577407464026932
1.1510078491008047
3.3837081182593645
1.2540516347547104
-2.1747439799280004
-2.208599262122664
0.7181798775365217
1.9939119568743318
-0.10048213590562487
-2.091081818531227
-0.9842507166448349
1.2866228196663732
1.3725907630068106
-0.23247916297073543
-0.5772804398138797
0.6949194744957031
1.0138987951855747
-0.6962055451949473
-2.1269218604204645
-1.0719313095568794
1.1607200799748874
1.7145549424029725
0.40517351248914896
-0.5412762876661744
-0.2724493594899426
0.031003054570241835
-0.174055858737894
-0.20355263903771353
0.11548080998494646
0.22097682690381598
-0.015670861803869854
-0.18643010022940895
-0.12538176612748536
-0.14814323729795817
-0.44828637419392364
-0.43832930255057223
0.6138179094945517
1.9602992519650415
1.5891074534819405
-0.9742053244846389
-3.22769457359049
-2.402262924901618
0.9694200162778633
3.3976876904755082
2.3935535460125945
-0.7367010339641644
-2.6138417306580997
-1.753398153936157
0.26110016655538837
1.256498435233496
0.8022547204995762
0.07379320241835616
0.1835133807078302
0.6880523498207222
0.13435454698963542
-1.4242081169245007
-1.8428131942247816
-0.09081524589435304
1.6606570108834464
1.0657789134270355
-0.7201817393079173
-0.7576126912893674
1.0735472451505101
1.837512768089576
0.0035227024272028017
-2.3359928031673496
-2.4770094412068304
-0.46451354940636047
1.5589036824904403
2.1633235103497257
1.609113699984345
0.4912931292027386
-1.0456171488344475
-2.2736820055199827
-1.827983177463795
0.11257302654239645
1.397060650826271
1.0052180903112655
0.47635126241631526
0.847467886856196
0.6747842758329704
-1.0425971196555694
-2.34936204140444
-1.1490690946123472
1.1889279238864807
1.6848094612403242
0.1524170946809312
-0.8723763939982849
-0.0665001161287191
1.1303975353347
0.885280859120473
-0.6223377623112153
-1.571595638856113
-0.874191608447635
0.4130269783151085
0.6113408172085684
-0.16987433822191234
-0.3112410918341699
0.7264989374399157
1.4284916788870623
0.5224961014481287
-0.9020255067377952
-1.0532131383178143
-0.28337168455598
-0.1989043465904317
-0.7321441128814584
-0.42270146285368504
0.9705092781098074
2.019062836928453
1.3749051879278182
-0.7957145210759554
-2.5610261593419614
-1.820388422007334
0.9191494266907074
2.5243492401344647
1.1234935334873322
-1.443070550416985
-2.175250566487869
-0.5175018232137074
1.6158140331265234
2.3090256978163457
1.1484714841149344
-0.9845949192323091
-2.5483069483108034
-2.171687548100889
-0.0037227765440341655
1.9034304005615041
1.6917246973598763
0.10131156309218974
-0.5357360925185329
0.293693319046083
0.7269438921879372
-0.22329090702511845
-1.2123071134059242
-1.16180237165078
-0.7049562193255432
-0.20795223655742015
0.8747159231344943
2.010721680132665
1.6963454296892706
0.01573661972516894
-1.2878711294663163
-1.4105078384035932
-1.096911597537048
-0.8226434284429015
-0.1958535867743137
0.9300160819200143
1.952286315035136
1.9845012731535836
0.5133742795477091
-1.7435318743152504
-2.7675565506159483
-1.2638494252173613
1.2938787204535707
2.1322415836218123
0.7037587934229701
-0.94754620068879
-1.2256375831890987
-0.40631822400211415
0.6740357299001654
1.276626904499021
0.6459847235009373
-0.8816451015222658
-1.475995499345164
-0.18321235163841965
1.2906271106817477
0.8611590271436074
-0.7937076708074238
-1.3166281738523653
-0.17870814593719192
1.024034404101269
1.1790467759916923
0.5096619488495292
-0.49268578449775174
-1.2752849275811193
-1.1490196791239347
-0.11476353640585794
0.9807142769921121
1.3616154334875015
0.7399567775067561
-0.5506135376229088
-1.3134428019084925
-0.6669934113869614
0.367392839619024
0.29192029521405827
-0.19591313697791568
0.4867512253965732
1.391172530401871
0.30731336912064133
-1.7848696264838386
-1.5455970237185008
1.0072626697034184
1.9370496707920535
-0.28355294196294106
-2.174394286193998
-0.8707618602357735
1.4996661052540645
1.6425077048624876
0.20563433179981755
-0.18409819588120768
0.2466757566010902
-0.6134283950633178
-2.2441013057423445
-1.8834084434186527
0.8967369690606115
3.1835025366515346
2.499121841863998
-0.3743923599475661
-2.5641772000392105
-2.149481846656243
0.03375813407562355
1.4672319211817069
0.9436185511319214
-0.18661529082762612
-0.2881168197616636
0.3291731798427951
0.3806748147911216
-0.40914326167323417
-1.0438314404772302
-0.5055026182155348
0.7079365843667594
0.9271939581063118
0.0020017241385477808
-0.24924499938939915
0.46243565550612986
0.08857816122296522
-1.4915879471328184
-1.38508465092179
1.1526845074970948
2.633447560916439
0.744025926883642
-1.9588394010402508
-2.13053240095887
-0.18934468914660876
1.3338359341547985
1.3719651396431258
0.4648923665737939
-0.6694467289567128
-1.254259016728393
-0.5962074009492585
0.81135097549427
1.432225677849994
0.5705525876830442
-0.8484890921740198
-1.564494326767309
-1.1105654441969413
0.24293535587042586
1.614875126665005
1.6536662010909315
-0.036282892361239674
-1.5008580160482545
-0.6323118739714075
1.093065969600511
0.43894257157915023
-1.8607591636831777
-1.762524220344284
1.2117713486044992
2.8559713733586194
1.0675226763397427
-1.1825273108424605
-1.2358866269481772
-0.4746920437245383
-0.6242708404777598
-0.6119616290362799
0.6002528130097365
1.6011910643902687
0.9329157623864536
-0.5488715950524776
-1.0787232956121655
-0.37605100131611424
0.4040361345412726
0.5153107581778421
0.17721036918450872
-0.40509459125608377
-0.9506652656940998
-0.5499049002857196
0.9050315554329715
1.6443470969371297
0.34903056744364036
-1.4890732522714294
-1.4813519445804995
0.20182790608153517
1.2584358494068126
0.7400965887401262
-0.03353503671575735
-0.14721877532577665
-0.32642657350605453
-0.8457067191238099
-0.5931294841548038
0.6296739340699006
1.193360702773954
0.3654948313707979
-0.5274645112295858
-0.7682067331433278
-0.9545475999628102
-0.5050127390206638
1.4196527034937296
2.6384628791652682
0.5620291292672225
-2.620789649291121
-2.602414307775744
0.26418328726622203
1.8096705513983213
0.6426958953712981
-0.5238620588596175
0.21457460718775018
1.297534376645542
0.6120275209913643
-1.3101602269819415
-2.2359554742412526
-1.1270799381945185
0.9794264483833635
2.2953014770222047
1.8299706230881294
0.09543898365477246
-1.502375420996994
-2.0999045035102006
-1.677439216980558
-0.16561972227019486
2.085928263530091
3.145137880710728
1.2995048037936952
-1.9118010694684007
-3.008764552436827
-1.003791299309592
1.5518934215959528
1.9069294365192255
0.009933818737761925
-1.8672125903397423
-1.547434080271586
0.8508764431567216
2.725204012899188
1.670813946841965
-1.2796680658263102
-2.6103769324970996
-1.0963517507704816
0.8052128014111642
1.0993803923780698
0.6509963571101136
0.5131893784523316
0.077383607206295
-0.9990131114100163
-1.4715807740571678
-0.2984583475877539
1.4527529762495053
1.6412009660905795
-0.04087780582506395
-1.4114346553716772
-0.8652272677241708
0.3119017975812344
0.21906068863734832
-0.4896274428027376
0.10010163750436771
1.591002981284375
1.5723224707106231
-0.5240169475154415
-2.342729828642541
-1.9613386988281107
-0.14406042258835997
1.4003930870773917
1.9450773733521016
1.358389623482256
-0.2129258281104168
-1.6407170414385701
-1.4981180115509671
-0.0349446683314976
0.9653168735995744
0.6338919649342072
-0.15905094876295928
-0.495773759099197
-0.312866118418098
0.23185994164459323
0.7518362369121485
0.4702713793156365
-0.5322855431375583
-0.7706371767085181
0.4076757375318112
1.1233068142516767
-0.37582374190681345
-2.275433486455905
-1.3387522896923327
1.8108483807866949
3.015509152396384
0.7239365126084962
-1.726588375632904
-1.324476274412776
0.34893009720826534
0.22289250501892333
-1.3721059122221424
-1.5787493761917621
0.5406946421827769
2.803522924106262
2.7488005174489465
0.20065413079890462
-2.689972506901769
-3.1905511288854993
-0.5876592848328441
2.433212730600512
2.3811366235011087
-0.5981614692267185
-2.625762834295128
-1.0471865720327878
2.1344709545996077
2.8256112153054103
0.11989763297516329
-2.507661701579561
-1.8882455805980305
0.6381911095199984
1.4170155184846778
-0.35238819653417314
-1.7586124382015325
-0.3999299023077302
2.2091074859658453
2.6830188293792077
0.4253909538129285
-1.8363549352750497
-2.0427221308380097
-0.9462209278324184
-0.018442960249464915
0.5056605302732026
0.847876620285525
0.745446789544888
0.2026308789340212
-0.06783503154513541
0.18945693100307429
0.22586406504086018
-0.38674203382265404
-0.9324862595861002
-0.6835071704379174
0.001661991733998956
0.30355082840741077
0.21745693448730913
0.5237052933216779
1.247934257867053
0.993047146892482
-0.9521372620426389
-2.5682393824695873
-1.3819176127606572
1.4945242271691872
2.3881013599546375
0.3657643134595883
-1.5092533703212978
-0.9693144913014312
0.4692454090792746
0.6541132471935853
0.0669164474409919
0.056979729112006126
0.21978949088208655
-0.3601647322108468
-1.0445209682660674
-0.6435580175403024
0.6760000107951734
1.6004439761682223
1.0924723357315225
-0.6186456740866876
-1.9189540966738576
-1.2107064145880422
0.9021188094569091
1.8583000777250542
0.46577868932267513
-1.3303951296126864
-1.1968199370150179
0.37493220951950856
1.0899719866386328
0.2415463141514656
-0.5385788724776529
0.029784131790969014
0.8247620510169278
0.06450539781668005
-1.580436830763242
-1.5140872807785848
0.7857191485328399
2.4652448557566546
1.2853945054621556
-1.160685357427451
-2.004140705004168
-0.937582911615552
0.4070821505198688
1.1483463479972909
1.317163609182561
0.6480044756133171
-0.9018298381076959
-1.9757480923949458
-1.0082303022789112
1.2112107989186747
2.0011602003641884
0.43467613621231305
-1.3659992738400402
-1.290604148682179
0.24470128343995975
1.4073653782230706
1.041448764662604
-0.5257443416490095
-1.7190054872694698
-1.1779662019749404
0.43338728016212774
1.2027875348477244
0.7511254112203846
0.37605879016458904
0.4009907159100256
-0.17916523045217994
-1.257928952682068
-1.342343148585469
-0.09131797759045837
0.9937807597241416
0.8449472539755039
0.11467078849078673
-0.1713222755237199
0.13260215118602567
0.5768216328661436
0.49509140091452114
-0.6509900341343903
-2.1510920665458064
-2.033859436933771
0.44411171630881224
3.1475510135713005
3.2476614430524404
0.4928130845892181
-2.50884355526488
-2.9723578342752464
-0.8009650121952254
1.2472063458241192
0.9068302073545645
-0.5718480949715236
-0.4025127312753792
1.3325060978518541
1.8094062105090272
-0.0004039512746304829
-1.6548206112775958
-1.029600630912484
0.513002262571962
0.5159737868998963
-0.6964194429105819
-0.9212315670909073
0.18572273232736736
0.8398595804551762
0.26405366545373626
-0.15531281211227904
0.6285512515742311
1.317902822997354
0.29430747938810836
-1.385708584154565
-1.4373137424238143
-0.16898256465528125
0.12106006046186109
-0.7997376938756066
-0.7841919955843714
0.9361525715784803
2.433255415114051
1.9370263986219276
0.011203437120170022
-1.5907886721764808
-1.8708695869086085
-1.0283790011131098
0.14247417059886608
0.897900582416698
0.7857366835920151
-0.2809397887255597
-1.5191041749238139
-1.268140818002937
1.1681633832269915
3.7945558808701496
3.523693863020695
-0.11482778765282453
-3.9302198987278163
-4.550878762267924
-2.286551705499597
-0.08889278015307361
0.9459439434037261
2.44567748390969
4.553185673168816
4.286899415650361
0.2873452822538549
-3.9203732904479205
-4.484434831763949
-2.483097849151852
-1.2549870605398052
-0.7519732530027228
1.4293323062241732
4.622684383710396
4.998799342663463
1.287803094410254
-2.887873161709263
-3.752676954008457
-1.9715466553631784
-0.7156285712022566
-0.8524834791607124
-0.4221671787995274
1.689906775051142
3.81413869255028
3.4695904525262216
0.1598607905126875
-3.611614022307297
-4.1699942117363245
-0.8448113313656233
2.384762142362227
1.67954621603355
-1.2615768292189093
-1.6429002922766085
1.301059394206367
3.240679755756682
1.218130237310783
-2.2299397007542088
-2.8783842594325217
-0.33361194935841376
1.9972143850489217
1.3843681345632401
-1.1121288739923092
-2.2420115093492488
-0.6823019092017171
1.6204177251897418
2.368269399826093
1.5228515113330705
0.16059130289004356
-1.4890183450922108
-3.116418176203008
-2.9337538588000216
0.15341441100890751
3.6691952361673184
3.776662696161977
0.4635011137228958
-2.1760549954459836
-1.53018006926867
0.2352483961296852
-0.028188804443819056
-1.7057347106285714
-1.8257939148573818
0.39321723135825487
2.8103061253016044
3.2896973159331773
1.5791169893388437
-1.1381032265695987
-3.2527291581708533
-3.5007701745038737
-1.5978592717033535
1.472320013262628
3.717579575074593
3.2601998509553236
0.20067406597222975
-2.832801941269075
-3.104019315404189
-0.7002973938365593
1.7565322397046732
2.160573670694432
0.8600253471137859
-0.5283218895186155
-1.1625683434319274
-1.133493691617946
-0.6587938991920408
-0.00038155146802627826
0.6166694238158743
1.153622401180541
1.229840235227844
0.3633917204262515
-0.7968141803024893
-1.0501235084126983
-0.5589101065525812
-0.3722365958599161
-0.4150826637904261
0.10881140294420802
0.9138073022256231
1.058571163353102
0.5224966307203703
-0.037300439644756204
-0.3993861563919114
-0.7163987973162181
-0.8441325840143719
-0.38198056274772796
0.46531848322095387
0.6781794277416779
-0.003866063871534592
-0.27838560594652956
0.47067846929404894
0.7644312722600798
-0.29421486840617345
-1.0421461803495802
-0.09372987906823786
0.9083362502293056
-0.03368354891102686
-1.4673431594321658
-0.6159603750351746
1.646639905958031
1.826761776097342
-0.42887802550807563
-1.7323440486223536
-0.5240369293567086
0.7866055945146911
0.29097281192670915
-0.5515020556510388
-0.11821573208885212
0.5889717661558092
0.20438672666121996
-0.5619107082062035
-0.35742125990217916
0.6760949506912285
1.2261467006193607
0.43121264184789937
-1.1590090797335595
-2.0059130129294602
-1.1174297725909572
0.8010447946486194
2.0263342439848184
1.586101743357076
0.05452484749269534
-1.1783759261052187
-1.1442955750023132
-0.20553040099849043
0.23554357589313282
-0.4041871890850028
-0.7611730311723776
0.5372516307053656
2.3526102004557665
2.077955301608572
-0.8280096211390217
-3.6565197717082243
-3.2580258899862464
0.40829804051435814
3.9149783656223787
3.791452922537862
0.25092662714932495
-3.079731503693392
-3.2385622607186435
-0.7917562500356914
1.6330962899659254
2.3383183216133054
1.346538756518752
-0.49267942510336793
-1.9616119769752054
-1.8525543262127697
-0.17272996283705214
1.418696112046884
1.4660630749445986
0.6347141363981179
0.5093452274878655
0.7791128356427368
-0.45981548412442674
-3.1101506823219887
-3.9827868257613512
-0.892944880379374
3.7146074686587434
5.260351117210653
2.497558925994688
-1.3078736428782707
-2.6869227809275817
-1.846438067370644
-1.299559952705781
-1.8216970201812857
-1.6739213668337194
0.39763540668372993
3.282355360876459
4.816579620777556
3.638607421593283
-0.05520470741711771
-4.232636416922104
-5.782112427947151
-3.2102991818377653
1.1338342419655043
3.1699122913832127
1.9835110798126327
0.5520582094786717
0.8264937588445976
1.1486975285843308
0.053154413639667206
-0.9549282811237727
-0.7067431469297507
-0.9703294579377285
-2.749717531629605
-3.0023735728665
0.9402047757101835
5.595738575859037
4.883217091704184
-0.8902301519612372
-4.697163583073787
-2.4948671680690495
1.5475343653469773
1.7921036247085171
-1.0064566004725444
-2.049917069759361
-0.0031032735822801713
1.9414190120349737
1.4935329165144868
-0.03672156328560375
-0.6572008785905115
-0.33782444822983476
-0.04990156483492993
-0.16587185790471445
-0.4605836956775822
-0.5741473170175594
-0.2010056549151631
0.5282872640813321
0.8859848460818159
0.366787950515865
-0.41141826160405226
-0.42738859561501935
0.17685529362484298
0.39612371154412285
0.09068110740072217
-0.09944803080686342
-0.22328074661632213
-0.6126446365595777
-0.5730198745781753
0.5230163582139644
1.4283498748706016
0.4642147282517007
-1.5392578323575048
-1.8886554817566072
0.19514651188922805
2.2426041228505
1.7058986431174343
-0.6489545613565643
-1.7762481320064
-0.567994162495225
0.7733836401235126
0.3663810076173175
-0.5788004522979219
-0.2909359764339552
0.5408533790430015
0.4375449524388107
-0.19057150343815443
-0.23334811795984314
-0.0017360486187291127
-0.12798781996588
-0.012435453842986728
0.6794961896045999
0.6433283110473421
-0.8427645397990132
-1.8502388843447042
-0.3885630826546522
2.0177093169092806
2.1075788847349672
-0.24431075969139027
-1.9019540031545539
-1.237154699524472
0.04783944201192089
0.3585244162648203
0.3879259246793712
0.760872363813562
0.4463682808243544
-0.7029050143930826
-0.6502757579845707
1.1967054270032196
1.8698903338869366
-0.7017107628562763
-3.6418885603803717
-2.7312322348644233
1.5882452125324504
4.589649609208872
3.0574896066742783
-1.2258856137049192
-3.961254658431718
-3.0062392675218774
0.14700561069017495
2.6569081209298746
2.860796070262256
0.8895132022462171
-1.7215383464409282
-2.719206328623363
-0.9453854443980548
1.7684333216037287
2.133507062564415
-0.19709283551656728
-1.8608153982270597
-0.7224244074671589
1.0443475827316127
0.7195544444084228
-0.7209405024554091
-0.6105467131541668
0.9876189921559613
1.5354736778122016
0.05639094831665523
-1.5261122415428383
-1.4912125433745036
-0.5992755388785411
-0.1256351147406918
0.39632656216106127
1.6826834198230267
2.460708896322752
0.9483443333829109
-1.9426291877740436
-3.0250660786493166
-0.9885143707689997
1.5681306766246221
1.5382082339781495
-0.4798621479561364
-1.2817672635981818
0.2051473831370107
1.6707876144340963
1.1525399739940763
-0.46173507597601376
-1.432624847862243
-1.3735161621024259
-0.6348163881755793
0.5122996170126266
1.4343061176145857
1.3699049320963437
0.4265869141002274
-0.5644742597861175
-1.0492126774208126
-0.9463587407795755
-0.3226628300799648
0.4132507854825878
0.5782557418705234
0.13706695744058697
-0.14251859516749849
0.11984167446489895
0.41681014902749075
0.22798216467609064
-0.32530384080930136
-0.6293461751192432
-0.12173453888962327
0.8426251217073917
0.8772873157451037
-0.6592674184128818
-2.12127749552627
-1.3637647514029028
1.1110683781572062
2.6380095836770354
1.8969017174904002
-0.006447691138813549
-1.5948786386523501
-2.138304950786753
-1.3473483739923566
0.20923532005155082
1.1521642565179089
0.9944203453072555
0.7011053125185667
0.8362321696017179
0.5862738369299394
-0.6745026528816395
-2.0304797184043877
-1.9912124224077854
-0.3616507152198788
1.4332105079364013
2.015076014793301
1.4467667341404
0.48012535415790747
-0.6287655996698215
-1.6391704386621204
-1.7743507857555334
-0.7851273586308227
0.39187325129909006
0.9821335014243902
1.344611500652689
1.6761230499892965
1.0515285002402122
-0.9202992187539628
-2.701666850286112
-2.4909614662470365
-0.4028918327794421
1.7975695354252683
2.456859909658274
1.4270763315254387
0.010153612764684218
-0.7770151816959469
-1.3277044431337373
-1.9499233254794843
-1.4322495508294328
1.05321083862244
3.430024724643922
2.590733016629847
-1.112717349467906
-3.686088980744993
-2.4013913238907967
1.0435923011250585
2.8443732592959945
1.4128341175742536
-1.0778696035420023
-1.498514453575923
0.183865930856582
1.040291666525138
-0.31422438912170003
-1.5152695684336792
-0.20153361020636795
1.9722373264432986
1.6693911848058476
-0.8896734198052098
-2.2456855901441997
-0.9094052889042263
0.9606992018910532
1.1770148951557327
0.12638919129273615
-0.5783752844092982
-0.20271219979599545
0.7170619149270027
1.0188528812798403
-0.08767964611118825
-1.8253430177533572
-2.046181236464391
0.1706308053444633
2.6456290503837643
2.4590271433394393
-0.19906113474527998
-2.3275962435526947
-1.9748506378733393
-0.033359811339906
1.477085190509119
1.333934275268628
-0.14748576160011237
-1.2066488189949498
-0.4605954539965116
0.9073036620154883
0.5800188198586159
-1.0157100628101998
-0.949619646291719
1.2964288419540573
2.3617364615994774
0.15277043869794113
-2.7367934936374634
-2.9079154190040084
-0.5041132053690924
2.1643710375693104
3.412194688331263
2.2989746148209926
-1.0013956255237555
-3.8380006708390164
-3.002993779285876
0.776186344094227
2.9903517304163163
1.4259569096924507
-0.7992950642836271
-0.41411783817248876
0.8345946290994343
-0.381201310614326
-2.735261501876482
-2.0094817501091877
1.8389948414154216
4.147694980688793
2.382094351114548
-0.8787099463052812
-2.60078426821616
-2.824600752662099
-2.30949326769538
-0.4684351585092
2.453291767054265
4.019607795595312
2.534113375475759
-0.44533107754332424
-2.2002712366369352
-2.137407878010932
-1.5040325341184184
-0.9227063195765409
0.0858122156408927
1.5011706827757987
2.18394468487605
1.2350973871870945
-0.5765306143225507
-1.3540172643190136
-0.3732567241275866
0.7598883085836139
0.21932584496398186
-1.3297183338612382
-1.5640049759834795
0.13880145566526153
1.740072979136443
1.3873668447619494
-0.15964901829353467
-0.9692172218099783
-0.6079051910118738
0.045626936499113355
0.5719524490506485
0.9249392887170431
0.4856269461366007
-0.9530314587193403
-1.8756481163551055
-0.7413820437142801
1.3142874524878772
1.6627012879167178
-0.033806896900780876
-1.4204362668173256
-0.8138737203575175
0.8991347835905905
1.7252050932318044
0.7886616547822307
-0.860701551891823
-1.4711458313817198
-0.7917737680011058
-0.24316653878552685
-0.3647036715478263
0.17216118054340604
1.7253848520298456
2.128183071776007
0.14554734904625083
-1.826525238174272
-1.3262715583864484
0.10930938049445323
-0.22078564907149506
-1.2821835714244922
-0.22419355114844994
2.2220545431749974
2.6111124603118383
0.3504875146109183
-1.7126325435622047
-1.8997779148648242
-1.1890953459499631
-0.36231881918464626
0.9215961374314889
2.1056655414865304
1.6807805404636207
-0.3684203652595743
-2.0651148405551107
-1.7665084247611822
0.08700937679107164
1.462215048958132
0.8007169055384671
-0.8596258313495584
-0.8117201340061414
1.2160997826051023
2.0593984910635865
-0.05969964230448831
-2.492846436066175
-2.1135809354369743
0.3301592898144163
1.90510710977828
1.428573328752598
0.019121109386698823
-0.8293130437404118
-0.5578536039419151
0.21314253960272467
0.3127265475348981
-0.44452762978163035
-0.7556495000206633
0.08125619042034352
0.6886028012090188
-0.011946296545188351
-0.5680447126041963
0.4216538024057578
1.4375881885925603
0.5648078703169761
-1.1160622694814681
-1.4123153727699675
-0.4387494915605699
0.18885474881332534
0.08180221922554134
0.20316080357534494
1.0505142547895951
1.697336890065612
0.7325498756474171
-1.6466878073290347
-3.0129681286925436
-1.4580356980314693
1.453464107524785
2.354864027547949
0.6879053174458197
-0.5835376870977786
0.3563901729242565
1.2383798442319685
-0.47211282255182
-2.952534355264227
-2.5006424106886893
0.7166126054075265
3.0200253708867875
2.4851353847967417
0.45551999163259316
-1.3603541286783198
-2.159214257699217
-1.3552373923258392
0.6010790218278614
1.713692164820543
0.8330994030510713
-0.7053150924554552
-1.1955813214959714
-0.644442387685052
0.20492214789143706
1.061762803060663
1.4787382520836558
0.7437745885059982
-0.860929658793154
-1.9125417368420918
-1.4505608995385562
0.08242611555257762
1.5438296914349552
1.984490532789186
0.9937421264844993
-1.011019195308857
-2.6104998756981304
-2.0667931165310867
0.8209212327146012
3.3753192379194576
2.359736181029942
-1.366906458272382
-3.1053789493457375
-0.8823132851395201
1.6032175799435577
0.8873820774817733
-1.1586319156384208
-1.0285388319786033
1.0235262690183717
2.305794080975642
1.661963174629626
-0.37552638596151816
-2.8402765851516074
-3.848352179969895
-1.6175182749501746
2.4945411445826795
4.571151826390636
2.771401465126827
-0.7164651475295689
-2.677417381355216
-2.14834691510276
-0.5951588506189208
0.12842127172356113
-0.1882181615594836
-0.07572595739567814
1.2797781481245176
2.341672939921591
1.3127841528347652
-0.8517328754581175
-1.8161152164141314
-1.402968411438156
-1.041169231981517
-0.7392859588712622
0.46328186452937914
1.9602781649883299
2.1483145108213058
0.8622732715010004
-0.6995855980439247
-1.59609389679147
-1.3515904641494552
-0.07264855992610225
0.7912945810069797
-0.01799852284854317
-1.1756841811577117
-0.5659122054507336
1.2957219339503168
2.2258565502221033
1.3623303686348005
-0.6060049585102927
-2.3302679629320986
-2.1661959238352027
0.14217089588476867
2.067300260589433
1.017662889034124
-1.6144511815596576
-1.826483440630194
1.1761227777637202
3.406201378816518
1.644418715964634
-1.9516861221232027
-2.918744358080824
-0.6086389745469937
1.268977481423132
0.08128513523345648
-1.9595656636260272
-0.9345266962694103
2.8265665723166133
4.463403154262162
1.151600200414477
-3.5701124670571462
-4.390383305941307
-1.205707931665474
1.666964579193409
1.9233561779047137
1.1769113733694985
0.9275288053323023
0.43119987787048986
-0.8825634426008847
-1.8353016998712544
-1.3204614396581955
0.08140228276457573
1.042983209524242
1.0348441397905963
0.5027264368980403
0.09493833508424583
-0.014366093635725514
-0.2667323164810729
-1.0541215044513887
-1.633924885749126
-0.46327154242886687
2.2887771449380754
3.5152664276324628
0.7204281726827195
-3.6236425700449075
-4.278278539288538
-0.2132578976863922
3.741622512325304
3.3273316395636834
-0.025393518262982216
-2.2427088266946984
-2.0336323553313718
-0.801602529176818
0.5674874035311482
1.7959572934418693
1.714358611851729
-0.26576392989251396
-2.1257257068637796
-1.383965643928681
1.1371260433013848
2.090216134699254
0.29445632839201413
-1.7134901409672698
-1.555755126209281
-0.04833108775081878
0.8465088711077642
0.8840293097670333
0.8676818566462278
0.7133459059609523
-0.24205461336227013
-1.5115764592636953
-1.462171343811949
0.2978121293086679
1.6337018274285384
0.5397077115759044
-1.6001836665877474
-1.5009804421382968
1.294861859952662
3.278900398689587
1.4134614707624569
-2.647402832261321
-4.221119109395009
-1.3161454216807775
2.82994584105287
3.8140184438379032
1.2806025130473149
-1.6186820844013674
-2.667976484910198
-2.001804362526221
-0.16156457531975948
2.1391599274021567
2.941918216970602
0.9374442829740532
-1.9012712194315395
-2.3599463803130436
-0.33548320191599945
1.1572769370250036
0.2765453715940378
-1.1605965289408577
-0.4056015801177267
1.8829393303511996
2.1728899911038693
-0.5258947176188716
-2.5966396280563573
-1.0929372554494843
1.6729634203848671
1.7085775168534874
-0.7486840373185366
-2.220539532653896
-1.2108721912817118
0.7512586992153928
2.0283085366979727
2.131442615666006
0.968259252299799
-1.0748805452189574
-2.6758455374891192
-2.5339862252104624
-0.7510895406805356
1.3850544482319342
2.6376421253901974
2.3016389355519724
0.43291789393137564
-1.551073927243721
-1.8269133410112024
-0.5495888367498234
0.2934443491270865
-0.0992828702343767
-0.41818542786543017
0.2177299580729247
0.8424094785421755
0.45793352512127866
-0.3320850907713856
-0.2507117491316191
0.8877603756930333
1.6809402460033067
0.45449262651467154
-2.4368791476492184
-4.099182105653119
-2.120863693100883
2.200749975365294
4.960407483293004
3.882379490185904
0.3675935116854938
-2.655475065506433
-3.6791758449988765
-2.9826731623636173
-1.2550025423584468
1.0259326792790089
3.0719667702823847
3.522864616431477
1.583061506662229
-1.3381854596709177
-2.3865640449155645
-0.8294908787868361
0.5085456706406313
-0.7385223059531899
-2.498806958290981
-1.2341773597149541
2.2065192101389006
3.671968366042491
2.1197002840126578
0.2433008895535716
-0.9614988487481166
-2.7768294962308397
-4.056918095371591
-1.8748464057019765
2.681237495228035
4.704821571873467
2.311122512214897
-1.0069461979032466
-1.8546134287006664
-1.124850980649858
-1.117640841874453
-1.4642790395533767
-0.35561762748767
1.8848565042573255
2.8476880193653575
1.2489530719070685
-1.3454856101475252
-2.299661419091791
-0.9085341772069451
0.9477324832907043
1.1857383865022002
-0.12129304717957373
-1.1791085580413645
-0.8086253706026258
0.35683048640195536
1.1005875261070213
1.1761172781350573
0.8603805768317574
-0.08640160009921576
-1.5369604984441596
-2.0010567874946803
-0.5739669294279554
1.0052523630050598
0.7364668584872132
-0.1924641057135117
0.6221201671018713
2.2619820508483044
1.4790418100772769
-1.9438426106775941
-4.155948183140221
-2.2041202417997496
2.1528548089247583
4.371286122718967
2.067330792489571
-2.2568391432559074
-3.805531749511851
-1.1635942079751005
2.005700687619855
2.1174274208695714
0.3980607264419675
0.015664569981381552
0.5836557071689333
-0.5586021907909645
-2.747339375901041
-2.442129794399065
0.7745674614113274
3.237441328366929
2.6235044468399202
0.42620634037628036
-1.2603036926747482
-2.1161676205249256
-2.266362115006222
-1.1551434333143082
1.136352414427972
2.938331521507774
2.6474875890596747
0.6114358136477754
-1.5394458319350979
-2.6705566292525114
-2.4828338776583734
-1.0181926637769156
1.1317498086893594
2.680189343625552
2.6331694855382968
1.2210092819795577
-0.536210641082846
-1.8043239211594901
-2.324814671521438
-2.1892646180249895
-1.2583447041719764
0.8909091540199535
3.6101442768213903
4.3228860571970955
1.1051345713549714
-3.625323436595347
-4.762531760893208
-1.0935646518830766
2.7610282201650542
2.692323378852924
0.1119900645101619
-1.3537575490125247
-0.9257728095891571
-0.17419940240427453
0.11439960056307749
0.32832655262494387
0.5528991796139969
0.520798133238936
0.37921865535139326
0.20737741729968434
-0.3714671117839659
-1.1412674780787833
-1.182424175933933
-0.44229989223307414
0.20929548915186066
0.6846455487577044
1.5124442758957237
1.9591610723226478
0.6227760526584973
-1.7333617680844227
-2.4673171976426365
-0.9614682173789703
0.4479390585045573
0.3694398822418518
0.22434094270182228
1.116984494209191
1.7037614280409343
0.5477505021763707
-1.3788846789655045
-1.8845807891997097
-0.5219859883193656
0.8354962734439441
0.7671169842681952
0.20099684849170235
0.17680643349760927
-0.19274742219720897
-1.3337995533060811
-1.3757207616660938
0.7349032198223077
2.801948268118029
2.277443937582899
-0.35724228033605915
-2.507111787873736
-2.511668318149323
-0.9985725259694892
0.3721710806151873
1.0061930023723584
1.6058819579451433
2.2284135808685797
1.4983921382010235
-1.067923663468882
-3.2615632366134286
-2.6237906419214476
0.13979327881844705
2.043851887809536
1.5618783996928474
0.07454376908052002
-0.23271968366022566
0.7832991002332901
1.0216266725691607
-0.7632846432258574
-2.6599515823312787
-2.0158693954128855
0.6429199948677459
2.3018630495372085
1.689903441231823
0.38770728910534413
-0.31069908541971214
-0.9101122720419486
-1.5244514616465255
-0.9869717600213552
0.7742059516298326
1.8510795407971181
0.9517977160277681
-0.8485211876442844
-1.655875523800473
-0.8503987106847505
0.6650783951263766
1.5208182411611932
1.070697957391915
-0.14603676665201915
-1.1003166387291574
-1.2496602094529412
-0.6419383965002039
0.40139277137489376
1.1996513888613014
1.0105524124806966
0.06042644255946413
-0.564414426521108
-0.5009032641218909
-0.3791776853570405
-0.37553224773116173
-0.04139117085658427
0.4771767146693086
0.515564222220462
0.048676702581684855
-0.25449872994502587
-0.06152843749402124
0.1574351477979153
-0.04133794461253208
-0.2263581282355983
0.1480082513576676
0.5566377940005097
0.15529130636472377
-0.6592486988060335
-0.7194653207479217
0.03321573393976536
0.3482779805162753
-0.29410232820052234
-0.5704222767824597
0.6124199460166627
1.878578249253808
1.1245283223770626
-1.054143914115653
-1.952883585877765
-0.7427915424193102
0.4288238079665487
-0.029700952295211854
-0.6454486154287907
0.46727761801066164
2.0872042892863085
1.6188251220876884
-0.5983537195028911
-1.8148308034501508
-1.1816317539000392
-0.3329088146092802
-0.13901551316991576
0.07914613410018818
0.628189455126183
1.1381638591645615
1.3509278969843261
0.7680901916900057
-0.9750640748798168
-2.557810523727041
-1.8979988426485424
0.6718813533864386
2.2988618939617615
1.40403754247105
-0.3096059207367729
-0.6250071339017605
-0.0394573976159073
-0.4543995368424844
-1.4705240667677395
-0.7617479740937932
1.5708392259840664
2.36369857673244
0.3536680449942145
-1.6594750486276815
-1.3325729726343392
-0.05487465624878146
0.21999452005968612
0.10681212000221404
0.6628190078714881
1.0036635613200389
0.09890291185361288
-1.0943739770219383
-0.97532705764775
0.2722948393868643
0.8310333595684501
-0.14870092123754663
-1.0540193948383427
-0.0692731205662258
1.7726981759153202
1.798541068106454
-0.4080076713667222
-2.4372890888475105
-2.2029602461747038
-0.05036618556250316
1.996337161767872
2.1574162359687588
0.45157385183681514
-1.3615224962176125
-1.6255365957230927
-0.32106901126922455
1.1949976546234757
1.4175562346702584
0.010344511924138083
-1.605596861901524
-1.625556203405085
-0.039597719602548376
1.4532002721428854
1.6840783766887684
1.0234574728409154
0.0815819890406558
-1.1784291025143203
-2.358480840334309
-2.0687345873422256
0.17218953586185728
2.4679236831253877
2.5510110165657003
0.6851878936485715
-0.8582038712867911
-0.9048246831068366
-0.5510178283749113
-0.9932148830187755
-1.4874896636239192
-0.5581418749208785
1.4670074966951414
2.582284240917089
1.6338471977517504
-0.5048706931358867
-2.1378436363800604
-2.084708118392747
-0.2934562442926244
1.7681590435708938
1.9741362718192923
-0.03522986343400856
-1.9585412474260167
-1.5447039412418402
0.4865058912732682
1.594232111006682
0.9319770627239122
0.0030810425890639894
-0.11702383264965338
-0.2464285710216564
-1.0658881888619305
-1.4398423670791736
-0.26478441774690203
1.3226691429341282
1.4974674415454337
0.5662041779451318
0.06884261659855226
-0.08742878393866801
-0.9481303786424672
-1.6730703355219043
-0.5834159761266416
1.3199378029131914
1.3466716953531055
-0.46937593643823744
-1.3400428359232404
-0.1193520560656762
1.3814716426361404
1.5010082308052026
0.4266469782823865
-1.1057502124054825
-2.2951164727363285
-1.7708544559502128
0.7915247694990748
2.979146337350327
2.206855708281359
-0.6459757082047907
-2.562069021128369
-2.217132270477409
-0.3687149269778797
1.8251649941449322
2.886751982779269
1.464293763978013
-1.522328638451026
-3.060954441415015
-1.5735224809791275
1.2390360117867956
2.482877425596955
1.0062655182275004
-1.5043295919021493
-2.1409031642579546
-0.16202524219774123
1.927651785484949
1.714563175268515
-0.025199098970357325
-0.989481805198506
-0.7582055103019715
-0.656701673957303
-0.9847060588205585
-0.4964091246518419
1.2297734486536163
2.5352794667994534
1.4986024288843276
-1.4250285034153987
-3.219350108606457
-1.6199266666617185
1.6963651131981028
2.986205891468268
1.2576263388298727
-1.1242025826187834
-2.216429614786834
-2.0007020047247663
-0.5641095029528883
1.841546285622945
3.1233713732438444
1.3598867833373354
-1.5638412273849451
-2.0365719636162125
-0.16900261809743844
0.7007179034566927
-0.5070266095416956
-1.5083116562644203
-0.6874907373264183
1.1112660689854765
2.4525569508507767
2.39887347881608
0.45047382530466906
-2.4165507907263146
-3.583819028117781
-1.6904716991883348
1.2813777233700583
2.568148883486022
1.8837896324154737
0.46097902699801524
-1.1083822599657769
-2.144341422346054
-1.3542330020452829
0.9207640294328447
2.1439124307235384
0.9430082223563889
-0.9404283798783807
-1.2903906200608661
-0.2657300724650352
0.49458406600934846
0.31857773125301414
-0.09341039942177816
-0.09479834469794354
0.0696747186441845
-0.05465447342556814
-0.21528839376717196
0.1310512684653176
0.6968359297503698
0.6172812862015077
-0.23890518638494487
-1.1291839528120156
-1.335042224443329
-0.5475995199822804
0.980393087020082
2.1469592839909812
1.6711844838906376
-0.31775772135126906
-1.9599829618739926
-1.7658840874768444
-0.5425347627034901
0.022513506354561053
0.09304584588948342
1.054680524606836
2.5202499705591457
2.2857265773875057
-0.3911866923619131
-3.2657137355791526
-3.544145652804745
-0.982343040340288
1.8471294713277449
2.313848992067871
0.8585581054138769
0.33043165496083265
1.2979603431865778
0.674330238282671
-2.566673154990946
-4.119687798380674
-0.8110957781114092
3.5265622208024747
3.4104950379607977
-0.32138032107276276
-2.5680614231405237
-1.4332808999866504
0.6482986231073502
1.4696456795239803
1.0580223638688326
0.09195324115129812
-1.010054122690612
-1.722824627447373
-1.4180692851161323
0.192992949489909
2.3180490863680805
2.8556588555061095
0.5295840021680158
-2.583766729191398
-2.971947898201709
-0.3892703541458418
1.896189685451916
1.7135732945174231
0.19549770097871325
-0.8015517449751454
-0.8439444735434477
-0.1282576296539884
0.980117190457199
1.1803035169870706
-0.5429664046261119
-2.5369363148640156
-1.952722513852328
1.0041456601562946
3.0407900658375984
2.345135904377057
0.412974463178317
-1.0364937385521358
-2.08085529403439
-2.7088097655845056
-1.6838374196512977
1.05878056499738
3.0442405804136
2.3736101612787643
0.4978209773380318
-0.3175417383866724
-0.5249435189695343
-1.6545487559570922
-2.7807577686192735
-1.7525918531583597
0.9695594715142194
2.6312579216919296
2.0599081809502158
0.842769181185628
0.4252353550953513
0.04846846369472437
-1.3758634350878174
-2.776901327578562
-2.1441238666904985
0.3344379970559903
2.219994311469905
1.9181735360806063
0.4247436918079788
-0.327727055354892
0.030267171041542775
0.22690161136550432
-0.5193952579906481
-1.436099696056151
-1.4323735214406934
-0.30568375079780263
1.2844542145525053
2.123982612387604
1.2738789863125948
-0.5403838216374732
-1.3584672264319348
-0.6404624801642124
-0.10982322134478778
-0.8300908649693141
-1.1278267415738294
0.6334064712420763
2.6917327437474103
2.0518361795200035
-0.8296780928044788
-2.520599412627414
-1.46669958408735
0.4488446706411366
1.147450419449534
0.647815672795671
-0.04334275982250562
-0.38904802224521845
-0.3661416974909404
-0.10451559660496511
0.26915716563791436
0.5248800403968756
0.23380926880790442
-0.544822207285783
-0.7851069932493855
0.10862545434024365
1.0403922766663005
0.7298420701510931
-0.3895069794920832
-0.9768267441311146
-0.5890421289968887
0.10594153075772034
0.2848939025716015
-0.10990717844638548
-0.21004384664362363
0.5928646579461462
1.3785142036352716
0.7398655152321567
-0.8997505254791918
-1.601257218749923
-0.7471907429076073
0.22319565727833027
0.23745777982797925
-0.0051705369603314115
0.502523184196576
1.4566956731535494
1.4841704510388962
-0.28723487327280284
-2.672593027694122
-2.9398619275804396
-0.16496717606681977
2.672411204011436
2.273745699561055
-0.10592959933918486
-0.6937168447887482
0.656313235667908
0.6114360759130948
-1.5749905195341216
-2.670997747313523
-0.7959878970429968
1.7161347141890888
2.068864296662896
0.7088295687055971
-0.2797482409119511
-0.3590310880231619
-0.4496322706689288
-0.8974046132031752
-0.8854121938308854
0.2778885673048996
1.708388263493936
1.4443679971500736
-0.8516854448646903
-2.5518299971524847
-1.1564053647545645
1.7824860266796994
2.324885225638928
-0.09090211687337293
-1.7125153049704063
-0.32737792449294145
1.4947880265188818
0.763353029142955
-1.524081310688512
-2.2342113171401303
-0.2766381811813618
2.236590479958422
2.2210330272356247
-0.7025109559259184
-2.83013482032662
-0.752381613807884
3.0616233163067834
2.827675198703775
-1.8668999528697083
-4.691929203921376
-1.6068065539077196
3.323977271484489
3.9423099933759245
0.3114983794935514
-2.501183046508632
-1.8546180090607935
0.16496443403760225
1.0589315865229942
0.6687745187179887
-0.3443736149859974
-1.3378404076410753
-1.00452589983108
1.0479300543410137
2.438410733261949
0.9540360189336206
-1.4459895909610947
-1.2802965750422501
0.7148082121220825
0.7501675079044905
-1.6252295144557014
-2.6600648164492817
-0.3504265835258583
2.4953180607586756
2.6226532527955033
0.9114817804399387
0.12606625325231363
0.13285528244744002
-1.239915125855955
-3.4960610609059475
-3.2799825518896175
0.5372858604856398
4.332280880526494
4.024174497785768
0.4118867093249712
-2.239862456796997
-2.1911813582449704
-1.3736500567455368
-0.7722197203552265
0.769531440956758
2.5131762092634156
1.673098782005971
-1.3521649738627288
-2.4401787048347994
-0.0830326684744634
2.0677221292442662
0.8917766250214111
-1.5965441417850146
-1.6826136752561651
0.6058617863109728
2.0899921528541174
1.018687039668222
-1.167143606053739
-2.007515613945095
-0.6735261398157398
1.2420971151122022
1.4267605107948795
-0.20773665196091717
-1.1015558618022334
0.28136760015576057
1.6964856544776112
0.37956976185754454
-2.1752974993756236
-2.148955774190497
0.6571892439140304
2.5721169683926175
1.3950531418723082
-1.1512275876330713
-2.1742270385654754
-0.8519423288973202
1.1606682466359415
1.795145167096698
0.7359666923506877
-0.5957257980115913
-0.9308060730553157
-0.454193142194542
-0.11632168984996516
-0.21388100947762806
-0.2519890402157638
0.08495487872330179
0.5595333489737898
0.8034826457997213
0.5415255953678623
-0.2529297816790504
-0.8987976029373018
-0.4276582640740293
0.7350981162710727
0.7062485844176818
-0.9154697458133294
-1.7444160914270712
-0.1610941105779425
1.8046154569850372
1.4886967996411062
-0.35044622672138526
-0.9991377291741859
-0.0012213854600670601
0.5627261390877197
-0.4373971326056867
-1.4845091906442505
-0.6749933949990534
1.4535089906912662
2.3123154263908767
0.5388337362796771
-1.985533444074789
-2.3363805402008637
-0.24044429345015914
1.7803650406321518
1.79362367157157
0.47029289502243343
-0.6167014457539719
-1.12878354995194
-1.3304312531045328
-0.7342427835298379
0.8625233991214881
1.9471479106231553
0.9426106554778307
-1.1317173726609948
-1.6188827830929642
0.05489259520117105
1.4397755880056704
0.6162551053810367
-0.9589842013446318
-0.8545847674756655
0.3611708105966854
0.23540768320629893
-1.0530229691815263
-0.686264010850909
1.8531984439870324
3.1824348837684475
0.7994364564026369
-2.943489971797274
-3.7487763233793334
-1.1356284684605338
1.3202066728278743
1.554496041505678
1.4204176364566599
2.1988326843828325
1.703427480137141
-1.4225283875657189
-4.130185783820545
-3.051804825870359
0.4731341165079359
2.6093188418205235
2.2790173393551654
1.1962990276834067
0.1575704036351284
-1.3253327939438584
-2.3215109019187374
-1.076553759718168
1.3858455355923118
1.8667097373278363
-0.0670914308882675
-1.3308522837558725
-0.3481082190027048
0.8289759563394956
0.44332790163868
-0.41028332139602514
-0.4113282870136477
-0.13162006696357761
-0.1395111051825413
0.2935637105124803
1.1245242735695393
0.7506979646748564
-1.0600926853818775
-1.8792938504031798
-0.246436876983451
1.5576556725014084
0.884740180205561
-0.9324621767258298
-0.8374939526643097
0.8207235643065954
1.2551327655473425
0.05805517680125159
-0.8874665741139632
-0.9906834632497082
-0.906414391407569
-0.37022675898198737
0.9700412652087232
1.9682015166722706
1.4645713658350248
0.014256786124092561
-1.3167626370403915
-2.1476429920349385
-1.8924526454178943
-0.08710537876775758
1.8631966026064901
2.033479676623154
0.9294137593349392
0.2246108797795954
-0.30429200471497947
-1.486205542965706
-2.1249473155400533
-0.864867982611997
1.0282088015716877
1.6027289816249393
1.1601691228063054
0.7817059594817093
0.007460190850472427
-1.4631670131017351
-1.9348773195249838
-0.3594457621520741
1.2164426389626897
0.7503342298363265
-0.26942933241655154
0.39382830573827243
1.4529138044564966
0.3473695770336589
-1.9134444110634081
-2.142605568520122
-0.15784511955578248
1.2126887210541162
0.8640842287042962
0.5725890073574622
1.0984795614905156
0.6433582192630056
-1.4166167249553538
-2.446040156142889
-0.5040819815847315
2.0757113760724093
1.7525550503538307
-1.0527506437441907
-2.436939074374866
-0.33928938707216777
2.643082176554121
2.6017616383521345
-0.5764836860734383
-3.0676853960258668
-2.144810252932852
0.5389246455598057
1.7612417050206348
1.012208188889316
0.11788814315246238
0.008219297200935274
0.08504574978183568
-0.0767715550925929
-0.37333905319426913
-0.8071970545980344
-1.022504951719051
-0.20996900888407447
1.2880357769048205
1.668744879616152
0.29648579075995596
-1.0624640524219509
-1.0635153199640184
-0.6004985185517129
-0.29010250309658026
0.7646949074618192
2.0505107186801825
1.3068083521034048
-1.2880662722212373
-2.6329718294518267
-1.4422417171958
0.4360532476591016
1.567365200435697
2.015285153534597
1.4197398814395064
-0.4069738710643035
-1.8351204526167582
-1.545378527450304
-0.8218367932984064
-0.8081715618536562
0.004529956108985374
2.3031067999366988
3.240399468745136
0.8883286661654799
-1.9736804758906523
-2.161043277703947
-0.8693852188924512
-0.6318566490470513
-0.6322532660695351
1.0023902200685546
2.6605030869466115
1.4662753405249922
-1.3779399382427704
-2.05427819933892
-0.16140983950072577
1.1126538408211972
0.3195960935190901
-0.7467016846424538
-0.5789713252900027
0.22490853081636022
0.6572190267085337
0.6351931244021
0.3896406531122954
-0.19772472921806195
-1.0696678615907753
-1.3935165119974806
-0.34710400400183716
1.4562170411859803
2.1622428941898413
0.7814732034405221
-1.442835918069666
-2.362404931062172
-1.257079170535886
0.6904306698434602
1.9059013129659224
1.8335973767423022
0.8825889736077983
-0.47947993334613564
-1.8653124177369298
-2.356875918972981
-1.154026841202182
0.8500377385522025
1.777735778310572
1.329203391145388
0.7805311312594004
0.46390712794446326
-0.41912683385892846
-1.4894209739053903
-1.3032248108079043
0.0067742358057814814
0.6769378973917839
0.18904357852294662
-0.12404739003317812
0.27375388487126134
0.2550623146128802
-0.3880043774543129
-0.07981086506332542
1.3230265219000201
1.306307273006982
-1.1026934901847172
-2.899530866692022
-1.440698866625022
1.5909692520962153
2.875439062691543
1.590888605221749
-0.820818828124928
-2.6351351770305698
-2.3972457975333707
0.17443766871153424
2.869511225475285
2.7050922496629393
-0.30596783768015484
-2.8390022206856003
-2.120411721691142
0.9582282685567614
2.806385305339732
1.1817760473588386
-1.9249369725479049
-2.632301924730918
-0.25743527636174957
2.029252176418023
1.7691913258346037
0.03818386909544794
-0.9198885497118087
-0.7168333118732737
-0.29291430867333823
-0.026777858117061567
0.13846970693034474
-0.07616773838538847
-0.49268324289061666
-0.04596026062324563
1.4177869533162692
1.9666278291898678
0.03214939426188314
-2.5722021283009635
-2.5052747313750316
0.168222315558889
1.874597378749686
0.9571543999187246
-0.19736331068692736
0.42011660940505385
1.2490591776688438
0.180452573861336
-1.7359430647506333
-1.9312420146032376
-0.3910454541518294
0.5628640474266647
0.31911600657942707
0.7378475819593914
2.125666947929175
1.8243244357652308
-1.2424092249157848
-3.6793116621118824
-2.206907440277108
1.240547270618519
2.4336614157443224
0.9671112416350748
-0.24428817550905174
-0.04210429809156345
0.20664013296063546
-0.1340276315929501
-0.44231677666599495
-0.8646227903076728
-1.6953800009204594
-1.3771597763785772
1.4450173240823887
4.224669882097134
2.882639827985651
-1.7499720200506481
-4.166954181363815
-1.9684081718562108
1.0300734253828914
1.1938337486139428
-0.013302755386664956
0.05998738057960302
0.7795141001160976
0.5530507647127163
0.08602571967610784
0.535316395992115
0.8529819061318719
-0.5698331258451708
-2.7611258002452455
-2.868486326421091
-0.12467457138109614
2.772350899711689
3.0854813636148393
1.212292897918909
-0.5502550887390014
-1.0179786041407952
-0.8881927287111651
-1.159469855860269
-1.5103502607711892
-0.7104273310731917
1.1716705243062404
2.13274877153473
1.045366734445938
-0.25925932312822203
0.17489751224405184
0.9033165190134788
-0.6135000316660825
-3.180492166141377
-3.0159049041664616
0.41238667095823245
3.362380978889164
3.119054783733377
0.9902889487657699
-0.6603527531233926
-1.3499900856730027
-1.6568351752641506
-1.698540215329667
-1.085499638106917
0.44578971100243453
2.182795169292186
2.444797008493072
0.583300069882639
-1.5165339650270182
-1.5310640186726254
0.09071584428874366
0.8131010797312394
-0.19317213791169158
-1.0766001021313198
-0.5645150148029657
0.24581659502858397
0.3767107678384366
0.6207205927839177
1.3020505828918503
1.1045710976145549
-0.3598807538011818
-1.4643277543422721
-1.2500083754218956
-0.6591407758981099
-0.4074238721016824
0.03135226781434061
0.9694833392284906
1.7233523987891965
1.425418041630348
-0.0009310059168326935
-1.4661416233900082
-1.5423700919243033
-0.22848879734083313
0.7081615528343548
0.00857206317721144
-1.1090479709389895
-0.5919159201101917
1.2494352504347292
2.0785801539600213
1.0397638480925893
-0.2924271211868372
-0.7601182823920789
-1.158455261170105
-2.1242493044688193
-2.224155512522533
0.24672507853040232
3.874831886366815
4.51024039514699
0.43953294339645593
-4.25655938625744
-4.041974981518804
0.7128902878639934
3.757026510783958
1.3663936373045416
-2.611478391652997
-2.6802804527568798
0.6000317875340032
2.6390874716059987
1.8252731464310548
0.18597332071082684
-1.0047237973364387
-1.9682359137700796
-1.937242185919002
-0.04133864314056789
1.9486884713324202
1.6268097356343294
-0.013328219676257816
-0.3277234576071074
0.3800833202542438
-0.11403018447755661
-1.5297455913103035
-1.4001579545661358
0.6236386134830523
1.875582494828017
0.7139640418055078
-0.9571276813287646
-0.7679269215167029
0.4883912240954953
0.5066456823205872
-0.7160432636580786
-1.1020149329228914
0.13152784318367408
1.4009870984927826
1.2160811494643144
0.08171441994896608
-0.731109211927423
-0.9697234223586035
-1.0075435036179083
-0.7110758407760792
0.2625158535980838
1.48528765368547
1.8489964345719445
0.7623193484315519
-1.0176307320434963
-2.0193584770428448
-1.4997355581336211
-0.03496005984853715
1.2367499907724642
1.5417602456321942
0.7547953680258518
-0.4651680728850588
-0.8613942731282742
0.028624608405332565
0.7490965403937071
-0.3314072113627956
-2.1264952782448816
-1.7140033590352526
1.2177211031462971
3.228119297605513
1.9709544400792165
-0.4979558583148015
-1.4462167737701093
-1.4351320074751144
-1.8424225692600738
-1.5328852907241768
0.847825551497684
3.4547598815654808
3.092487986495507
-0.2457977752135837
-2.9624892149054523
-2.4120835570213384
-0.06056632187079761
1.108946912052156
0.6291972856366826
0.1401799149768757
0.27083928850718636
0.116051486108538
-0.5233525487732339
-0.39353739784755354
0.9238399746449962
1.55124911185722
-0.09116245570157601
-2.3484073936981424
-2.329027846822747
-0.03459124700094043
1.9900257638094923
2.305761960262941
1.394117750345945
-0.17711310704346253
-1.896249083509319
-2.484054377319633
-1.1148520257082428
1.050360038356244
2.0374886940194865
1.4448084451523648
0.502924816955169
-0.22786822150366284
-1.6254788972287877
-3.413557530466972
-2.7672467774267666
1.8419403357304156
6.68399227807761
6.107169000433052
-0.22798145235468908
-6.529699404184801
-7.667073445900423
-3.950683529880304
1.2404987163581909
5.310202231640384
6.802447761117017
4.8988335384424495
0.42999601683773836
-4.0219812389586425
-6.094007483297217
-5.159639895856585
-2.0607289414311865
1.6687798004592624
4.376293692608316
4.965966207021381
3.4160583243440867
0.6869157685815259
-1.9911126868873719
-3.9157600961907204
-4.67832593691186
-3.359149342158761
0.3906449329472175
4.30183833173732
5.051676433421256
2.517782128394321
-0.18697768964460082
-1.4205702614325846
-2.556657560602909
-3.9330479297402756
-3.0111800597228893
1.1219161689327155
4.603171339388396
3.455110875962745
-0.5994329881712979
-2.365471854772658
-0.2493391117015726
1.986925303330484
0.6981815612635189
-2.7869094637429193
-4.020598058451738
-1.09179347965957
3.1066839831318593
4.376962309091333
1.8502215193224365
-1.5204782835708457
-2.520124042511119
-0.9759298006849719
0.5976519490254182
0.2749944127885181
-1.0984668711580614
-1.391490652761582
0.047565547546311454
1.965051791403646
2.7288734914145145
1.5974807134793165
-0.6983249738984143
-2.405503975808928
-2.5104084995894262
-1.5730869898371176
-0.2777691861177198
1.3979293990010833
2.827212114442178
2.512037126696137
0.3391006544922483
-1.662817617650467
-1.8633671077249372
-0.9346804892307238
-0.42194950961151767
-0.5401034578084691
-0.1995486085080371
1.1539995607586595
2.3443544033646972
1.7109690155328658
-0.5235052771827652
-2.2642956024961767
-2.102422236396286
-0.5773078486776309
1.0536055963019983
1.8604837607507574
1.292336987201868
-0.3685874297759223
-1.6989753385630235
-1.3770430196328132
0.23180187284783405
1.4517624617492983
1.2622542551728984
0.22263417818843415
-0.6100029259913899
-0.918699225547323
-0.9351821257357271
-0.625347800522573
0.1826146509866027
1.010321458346779
1.0400073219836894
0.3974903466283376
0.04102428327598642
0.12162420927978479
-0.28713873725045425
-1.3821908764617956
-1.7677980312891128
-0.32745491262004484
1.7464457191388305
2.1488980165361116
0.5653485421743001
-0.962203344951565
-0.9218947014671397
-0.03215715581035376
0.19767034195950986
-0.5652409774410324
-1.170861853965526
-0.34602421027757657
1.4511070002254085
2.113436427878507
0.6628314676069146
-1.1621295264715932
-1.473885655499749
-0.8676743489324079
-0.5689207308919628
0.10536871572542036
1.7136770293304437
2.198554526235251
-0.048193012633256094
-2.4928972747016718
-1.7776175194727177
0.848875074124039
1.491138375149244
-0.19642940637689502
-0.8644007805322834
0.8197722298754394
2.037070641465044
0.31034582480026096
-2.530325497857141
-2.7929917870434555
-0.08071844674333946
2.3055552258019816
2.0463684215855045
0.4824119443395351
-0.25011848558780275
-0.38708796381205984
-1.0671608700438322
-1.638102482974259
-0.7918336769963455
0.8023985456655912
1.3836353312602285
0.9115401228531544
0.6611987804913396
0.549387415110145
-0.5398488917207358
-2.0241681911496765
-1.9386697397819317
-0.07435091321022197
1.5324817286002956
1.5083540211115762
0.7698569579599112
0.6565158190255527
0.6222094549592708
-0.7849344308855253
-2.8512160871689254
-2.7560915592663293
0.29811448082435815
3.1161612300657717
2.5261197762165684
-0.1986970007052397
-1.3254413965371785
-0.11891111267372986
0.6658944179070106
-0.40921261571260675
-1.5154689374431007
-1.0475458331072394
0.13492245276673906
0.8878611126707855
1.2872721848236999
1.1563982129956099
-0.057112672498182984
-1.3274772947223263
-0.8524561402783363
0.738654295967421
0.8323007260783516
-1.0252437405719377
-2.0651065719520645
-0.32155332415511023
2.248400600729944
2.3513942366723954
0.07788731377503791
-1.4039886675682203
-0.8048006857626621
-0.21123037531690905
-0.8718559605837949
-0.9953080876175788
0.711716741586804
2.3657652856685765
1.6175791805663675
-0.9323115890087733
-2.4949737134846
-1.3940221795471999
1.0644491207655002
1.984926562862853
0.36020707452557077
-1.4350383539493952
-0.8268408553524118
1.131021490751259
1.3252519687957418
-0.5175117259504483
-1.4419195378153031
-0.1533969690965285
0.9063445348474348
-0.1444044255992976
-1.2837037568952134
-0.08545280827961521
1.8991775954670576
1.5292538613869824
-0.7818790438837366
-1.777068535815231
-0.48031474557988535
0.6834375747590029
0.07782473288925423
-0.7849894702842973
-0.1780918667107394
1.0033587115208717
1.077269265187054
0.30253333792488146
-0.0956986984483173
-0.09980971815536571
-0.47612373491861076
-1.1915244718785354
-1.3532185444192113
-0.3953283451719174
1.0723370093273026
1.7747794912805814
1.210787054715858
0.18006930340596208
-0.3517490070540675
-0.49156397979626565
-1.0586439252086182
-1.9448890092431101
-1.6226626192930858
0.735123488594347
3.298946372593383
3.254404126040876
0.30251122685980575
-2.6670021050716315
-2.7706020741652755
-0.5392949605169063
0.9138477413224194
0.3476260678381186
-0.12522102244157307
0.8693210863487993
1.3980168549107435
-0.12452995993309571
-1.7209830882010635
-0.9727033930970066
1.0242677692565993
1.4746948945290308
0.025329538477462256
-1.2091417856639541
-0.8082953908521834
0.4840852545503235
1.0405118222737277
0.2255409439153692
-0.927788499967423
-1.0139762492943105
-0.14963253886896313
0.42140708359082857
0.4877160809801386
0.9256492547202926
1.5023102738010952
0.6571696523930103
-1.7618686027972839
-3.1785967710104424
-1.2842915072834435
2.224790720379792
3.040676276600274
0.020007738020177163
-2.7673252536250135
-1.492649984691801
2.0609311806749955
3.09405613877094
0.35183764235868825
-2.619285359729675
-2.457782043792915
-0.028700350943190858
1.3549477827793244
0.602138532660579
-0.14143887726286247
0.5793881425623534
1.1166487806740943
-0.06794970825284684
-1.369605396483548
-0.8510988227943931
0.2493165889021585
-0.07127192304265072
-0.6985691069674331
0.48551578381272437
2.139382394771126
1.1989777924414442
-1.6553089704032806
-2.491800657972584
-0.16191235851948743
2.002717582456806
1.2848094721343544
-0.7450522958020582
-1.1686124068749255
-0.10163490851594918
0.3246730395059664
-0.037825107641948325
0.23986599270840342
0.6374543365978016
-0.3644230234806624
-1.5094355316930101
-0.3599718261259666
1.9886010369618787
2.156846543597087
-0.1889715901877538
-2.1805467809139225
-2.086824706230271
-0.5222020624385757
1.3345348956288694
2.1101559670478296
0.7726038841521459
-1.3599287704297267
-1.54522540581175
0.4090284886970926
1.6756550013431482
0.515207715453152
-1.411231579656092
-1.5229612260505296
0.2981604332069888
1.7317396591753624
1.018050708020791
-0.9600414148809105
-1.8584667649316764
-0.6353721879257695
1.3080419831729762
1.8026275330601143
0.44891109964504317
-1.0404214092173243
-1.0996407640009083
-0.1509142262089588
0.3774702917558316
0.1409205405057479
-0.14582300905471893
-0.22073209505117736
-0.1902404726192102
0.35012357940837596
1.261062808678186
1.0743023006747279
-0.7150618233947299
-2.1123481541465585
-1.3359353223724015
0.5784143996749688
1.476174200681047
0.8675052451289659
-0.15660831255821012
-0.5724492807677515
-0.16536994370442865
0.521614366427043
0.5564563153952565
-0.3370237809161069
-1.1206439676045887
-0.7661595271567115
0.14805294146731007
0.46889933137847445
0.45293347292940234
0.9614445548112479
1.2724286121424881
-0.08535520410270853
-2.3212845953528114
-2.5263435526626448
0.2647483702139762
2.988056701643293
2.2009659581281635
-1.1110718351785251
-2.5570772321865967
-0.4066817376488319
1.8942723500237555
0.949591880887313
-1.3975259095245063
-1.2502752715145267
0.9676589415305208
1.4976214355307496
-0.3890451446255814
-1.5205157483635348
-0.370429270988855
0.876363005130624
0.6015915542323045
0.07532768294473946
0.2948397293592738
0.11141590938854751
-1.0498408840288678
-1.5364150609796912
-0.06771173159511831
1.9479953993412575
2.0975333568634227
0.06560802243868757
-2.016769495355065
-2.1351669058788056
-0.4860901362789824
1.2090948927378922
1.7193604501282922
1.0701188534488022
-0.025957460410718013
-0.8050776641364104
-0.9783774786586507
-0.8902215593432294
-0.6984730748317705
0.0634007389633167
1.2610088913134219
1.6020045894859827
0.5265206933221993
-0.6257537093450126
-0.6284719522344433
-0.18298151783958017
-0.4063447838124972
-0.8747365729645703
-0.5886142191297085
0.296681648666811
0.9903394632986042
1.1968412902802752
0.7834599105887918
-0.34353287937050203
-1.3425961877822554
-1.0272372811142338
0.11396993094739451
0.36482615023834586
-0.25821920626288614
0.17158786310117902
1.7895619079934457
1.8378820714095072
-0.8524862384073129
-3.072493660500574
-1.7901216598720986
0.9873766289863215
1.4464555498380591
-0.04765986650888965
-0.2436695556098008
1.2500545688015674
1.7472325450853534
0.23379328165957422
-1.5071135423044737
-2.13238773135022
-1.8392571222638636
-0.6418487234658206
1.5006845804941236
3.076703041432873
2.1734817946859506
-0.5433981150705294
-2.1227375735322824
-1.2237903159908774
0.15975537158762823
-0.009176499635373078
-0.7496559743440221
-0.2014528307886541
0.9759830593245735
0.9190896294179666
-0.0712388510851055
-0.2668009220038845
0.349476662815428
0.3974227342134083
-0.23482362582206562
-0.4928379110626443
-0.22374371068720678
-0.18241257460611138
-0.5290863071169002
-0.5999137761250166
0.08182784207368893
1.1077300197585473
1.5094373064703728
0.7552699671538629
-0.6295601113195685
-1.5302880970796942
-1.3248387213720638
-0.3452294172124363
0.7144092861735033
1.3090754959955193
1.0139227217628044
-0.03260722240833407
-0.8457586975078013
-0.8002708476087436
-0.4437434591640009
-0.22074872347756547
0.29994838736278195
1.0475457253302904
0.9799932677461263
-0.054191310171672
-0.7990038118179497
-0.7358948043416831
-0.6085122722823894
-0.4162770561409599
0.47856604602371455
1.3487023322540346
0.9707058446901639
-0.1813975651657175
-0.8816615875042133
-0.9871192788375353
-0.7380958355573268
0.05432043759937863
0.9822582830272153
0.9796789078583137
0.1258107926135048
-0.27403085866690247
0.0684384438019478
0.09919375294058466
-0.4819158304910389
-0.9487618987491133
-1.0257759431621336
-0.5845083369993904
0.9672080301412129
2.9132079308107004
2.659827597979356
-0.6792183126879943
-3.878783859804998
-3.2987536982124515
0.2517764234412865
2.691342068578139
1.9860545198563029
0.03798146387110585
-0.6686406964264695
-0.10924960618148669
0.23945646841285176
-0.34453834225480123
-1.254894500400164
-1.2094569495959642
0.3868497457743735
2.1429456321946905
1.8815442433107166
-0.40974260437109483
-2.2687655595620337
-1.7369802013578801
0.4445710385718815
1.9120159397914913
1.3625805744029629
-0.3440409989302979
-1.539358071363587
-1.4097336292772693
-0.27573882859793786
1.0506115546222976
1.8408165045438123
1.5600914201404597
0.04140649600956721
-1.930707135566849
-2.800886725172292
-1.6005633191726691
1.097917214711568
3.36346213428224
3.034734242703259
-0.1547428380191824
-3.439029732055552
-3.4486019933828698
-0.10247850273517184
3.0400958824624458
2.7787888278868804
-0.14183602879622675
-2.23347701530542
-1.5612968889265884
0.42702376560103034
1.3199660748652795
0.5572101660866714
-0.5996132247076739
-0.8336479588498616
0.0028018553523523632
0.8779753764145988
0.6927193985012864
-0.32362573594889726
-0.8405707804635677
-0.3577073676216672
0.12402191062186184
-0.07205676098139245
-0.14125159938220688
0.546345650089447
1.0183188107863999
0.3248411902107499
-0.6833517399276287
-0.7571250100202016
-0.20421673265210794
3.6972612917892354e-05
-0.15652906939216188
-0.08927003124583584
0.389478107076782
0.8878602142404163
0.6285864601950113
-0.6414975260406467
-1.5725125737990455
-0.5247136317770101
1.6062788724771075
1.901152346484529
-0.46249725088233457
-2.6053608124942063
-1.694793546840729
1.227241491805946
2.707468577172201
1.2869848973808604
-1.1559705777790787
-2.1137457015645342
-1.0334886824714014
0.7990373334673061
1.71391879796015
0.8636746579464105
-0.9587558951062146
-1.7109483116648203
-0.3915159451775049
1.393946629751
1.4327833363343494
-0.1454294195353719
-1.316921326551364
-0.9068496532551769
0.3764675315136197
1.19816102203228
0.8855809402567352
-0.37970484476688665
-1.7146122572732538
-1.7655570256145168
0.07044829245349565
2.334799433797573
2.6380678066662573
0.4457294930974775
-2.130305517601788
-2.501441788009208
-0.3891915610430124
1.67259972894581
1.2781108997011883
-0.7198177931206399
-1.4859563169360293
-0.12819987055869894
1.5528646536314734
1.7701182316291386
0.4445707413077931
-1.3447087029986862
-2.2462260000721255
-1.4505151229322553
0.4185882032414603
1.7024400636124264
1.5532160733490503
0.6928742330065659
-0.0214800774832416
-0.635503749859243
-1.121007543598941
-0.8576529128611748
-0.022617084098925398
0.15892790226642664
-0.3737167628779329
-0.010025027230081408
1.5154928098944158
1.8447407104399176
-0.3519041096635842
-2.4926778634539875
-1.4328865929038468
1.6233711382888458
2.500812302489673
0.01092734938190279
-2.3979265184714533
-1.7091196875357546
0.5485092340687964
1.1470577951231324
0.1067935454227032
-0.09710164598723209
0.9093118430019834
1.06725587057833
-0.17234871108779287
-0.9092135868203347
-0.2818524760591663
-0.019944493542875395
-1.261992489105175
-2.072339486381785
-0.2578645293900305
2.722063309149956
3.3854604708165157
1.1741498787186524
-1.167523157176442
-1.937641172287735
-2.0005752918191266
-1.8503125947384036
-0.563328758034022
1.6037523296413467
2.6283306540271636
1.7269283730034157
0.4229280758458356
-0.25400222962119834
-1.164530846567767
-2.556500943593461
-2.5939575498431067
-0.13813778843281888
2.745342914979987
3.077840868610672
0.9267125037889726
-0.8751544801936698
-0.876816027720579
-0.6668370089926818
-1.4560970146674483
-1.5899704873996783
0.3465785122329173
2.380797690946446
1.8865194833387955
-0.4593416067406155
-1.8296759879172024
-0.9210854271133813
0.9565265200906489
1.5573717695868456
0.1221839934100621
-1.5972536297934816
-1.4305412657123122
0.2777832021618796
1.2366609906716934
0.48181145582238866
-0.4907408591252555
-0.057550841316496223
1.1819691912172126
1.1931972284856915
-0.6055647297433662
-2.3450382109457304
-2.0746513547712166
-0.16344624096114946
1.4729376867094968
1.8876158872789983
1.7228551601929747
1.3728138495227429
0.04464343122656973
-2.3718827978626575
-3.8678840743481993
-2.441728179479886
1.035333225359154
3.5815715195736204
3.385632887847005
1.227420541586355
-1.0426539427673074
-2.3119428057847404
-2.3820310774611433
-1.3160960553108092
0.5587018314078338
2.1647642003705285
2.123614872570923
0.26004108389824593
-1.7479500277359978
-1.8546121427158146
0.07687014785508244
1.8491852086812635
1.3463127778580017
-0.808724073149959
-2.0037574320991016
-0.9898986913747961
0.8251932320524076
1.5745390830660126
1.0447436766189382
0.12776112615406535
-0.6453904950979102
-1.1521737126693068
-1.0530538511229848
-0.19427930499205073
0.722530502103595
0.8311818991882545
0.3548942576728883
0.2871024139687068
0.6653024363413594
0.2600887285305392
-1.294125384120368
-2.291583933135337
-1.1531698151244523
1.1812153802798986
2.4166546626007372
1.7494038336116289
0.30829715720644263
-0.785333971353034
-1.3947873724031554
-1.4916380198097896
-0.8986475095334963
-0.04461701265103928
0.5176066142293716
1.0659135309999994
1.7249805491091008
1.4469659194409155
-0.3290039739291462
-1.997907068997769
-1.6234932430634703
0.11617504104099832
0.7092713271238106
-0.43599981519698033
-1.0292768685375036
0.508137164830807
2.4090522340140783
2.0749110639479107
-0.19678556296394215
-1.9309024196256472
-1.9909593795068434
-1.246465295427504
-0.34825027123410024
0.8345790920462538
1.8276682665719355
1.6916662871000379
0.45550889102800435
-0.8828454844637298
-1.392690571728286
-0.7756417988309168
0.25796972128424955
0.36508573980359366
-0.5042485819538544
-0.47195303894596063
1.2440080390814239
2.1662005178362183
0.09064442471680567
-2.722783480344431
-2.3720243694335283
0.7369790165185076
2.519385375251581
1.2742877785176594
-0.5237192758666749
-0.682066481021431
-0.2622971274286178
-0.8459167731831714
-1.3445467057019225
0.07098546104047126
2.2241306160648096
2.123702465429383
-0.3864806169732055
-2.179616003351568
-1.4412556750892904
0.12666543305433836
0.5870655903525682
0.502108391546291
0.8876720652012551
0.9404050911897155
-0.20671962785411277
-1.407035208836347
-1.1264581617574863
0.18220935778770314
0.8891528199660171
0.5338636190324678
0.03586443013166067
-0.07692280196574054
-0.25885254252252726
-0.6131390101388107
-0.41237573118030113
0.5243144663975806
1.1768098549539026
0.6477495828238274
-0.5560451985623204
-1.1049403067348655
-0.5789583386584292
0.025333088474031158
-0.05275463046727852
-0.11538694370708086
0.5846946834970562
1.2928297226440666
0.9321872501795072
-0.1600741546943276
-1.004393264965244
-1.4199660780523469
-1.316305453839462
-0.010145274676968446
1.906950684229913
1.9703990078683868
-0.39640622884008114
-1.9677384138023049
-0.5429376592694483
1.3096964355838807
0.6710756684543404
-0.8945120256056756
-0.5501451267866682
0.7953976879218062
0.43608166601763637
-1.2025798182078136
-1.2011200245894382
0.9665903140341816
2.345752097836419
0.8543068485474973
-1.7114596801404078
-2.2939973668034646
-0.5379718862689787
1.345834290807031
1.6338108873573145
0.5243916858702573
-0.8283583536425049
-1.3073731398189419
-0.37755449569207905
1.1261076602514284
1.4236069876767024
-0.015088607059490016
-1.6037253846204103
-1.6326240829101153
-0.15869851216398087
1.408075784888028
1.7915787128687137
0.8157117375816912
-0.6430946973277704
-1.4942623545897717
-1.2120002468349986
-0.09866848007969851
0.8787763906004493
0.8959718688706333
0.17748778551536887
-0.34119911671548997
-0.18407320261108548
0.30238038436641046
0.46026845232032776
-0.09849163598388007
-1.039142656098872
-1.3605133910909437
-0.3132295026443068
1.5329100726140372
2.375432778241233
0.9866193647164395
-1.4747401100085817
-2.4926055045707685
-1.2471517985463125
0.6392011072794798
1.513761702353838
1.314736466205932
0.562684704445653
-0.5814715427572854
-1.5307859497532126
-1.098957788809006
0.6599909164690894
1.7193126071016542
0.60417559653529
-1.3893683511448713
-1.8104379292010404
-0.12062640288415659
1.8677061506144388
2.134430108384231
0.3862404366297284
-1.7699291579025425
-2.2637743294992894
-0.7110037123043094
0.971578378651493
1.1087587972987727
0.6105925657937213
0.8602872052116521
0.7941408185553862
-0.8910316404162377
-2.4042240131946326
-1.4015392704946752
0.8637946076015283
1.622910205874132
1.037364421723819
0.8648199660646075
0.5305593850954582
-1.3447639172721721
-2.9380897636415786
-1.3312583176191657
2.041440881013327
2.718375732649792
0.006516472803021028
-1.963042177069874
-0.5617371797142304
1.7910724072718422
1.6138477243341292
-0.8470956761705359
-2.477129255495024
-1.5412812418472035
0.614166208187073
1.6818754765531334
0.9363397951771171
-0.2914054552788979
-0.2680085455725458
0.7804750770345287
0.7807665438910121
-0.8539279641372737
-1.8938485075433593
-0.8305176939346411
0.6614071175371429
0.7202467769180901
0.26400205595538667
0.730174211423885
1.1122506255903202
-0.07557583814469705
-1.6028981567093277
-1.2782977939546465
0.2695564205125596
0.6578019672680095
-0.13552043657858098
0.033535388774732874
1.2914746519236853
1.2202007612515595
-0.7363820251590988
-1.8738008428913497
-0.7223586971524745
0.5711530004078147
0.21561172082618285
-0.3095848205501491
0.5848105997250425
1.5375603530130157
0.6442154527322307
-1.2094292586629236
-1.7039709373742216
-0.5249783870739619
0.6330267110076423
0.7642941569459234
0.3735783032411208
0.07318016505151465
-0.012380386332339462
0.2029568105444143
0.47187203705171443
-0.047596687152095744
-1.382886366071057
-1.7752188917493363
0.015881275251031578
2.1730828330264966
1.9683145978022434
-0.23249792048297302
-1.655368646703863
-1.0701380269118785
0.32602879161615855
1.114706415294274
0.7218880960748525
-0.6992562208386429
-1.8354518438919094
-0.9927091419484463
1.3285347739307445
2.391265477759471
1.0134669210941112
-0.8029465589787222
-1.2324918011712567
-1.0021656411273978
-1.0823375454721982
-0.6298682731592883
1.0892814562814213
2.5857615611359743
1.7418275558880756
-1.0733165359513468
-2.8261356489544074
-1.3273997683438525
1.6021166848100314
1.9844713130485798
-0.7531117068995339
-2.451141558399778
-0.3634533450787978
2.4018312687419066
1.9123855115089408
-0.39820136005159334
-0.975378398556237
-0.3844763213719022
-1.1467931949189973
-2.0320096184336958
-0.13585007259212156
3.048058237755043
3.122321433813756
-0.30440534001998687
-2.8991414952111008
-1.8355183582986678
0.855075387222703
1.6681961629098703
0.019842842514560144
-1.6378015453562869
-1.1625935367202838
0.772043282580472
1.8456120469924429
1.1676974352289786
0.00847746175795218
-0.5161305118497541
-0.7868481808017216
-1.130811377940209
-0.8328733837159797
0.24157205080607538
0.7579693329911156
-0.01583845025628592
-0.5522883836593037
0.7816205760789966
2.5436096085416224
1.615571828767696
-1.8331088278589611
-3.6593722360848826
-1.4323461654801442
1.8232866720293406
1.734967358607436
-1.1584975854398418
-1.9842401633319817
1.3941664133054812
4.67857306325697
2.76337451283804
-2.8873146330631427
-5.845178616845796
-3.0522706856025144
1.785692689863043
3.607480274051878
1.91422922652409
-0.12240237561135349
-0.35218284726112725
0.40319463163826125
0.16015586073712562
-1.5227398189360424
-2.59191632232326
-0.9718302625869757
1.9052760261680317
2.427569777397238
0.27599711125309584
-0.9424208661362004
0.3381652797072706
1.2253086054942632
-0.37076707879848236
-2.2060945211231133
-1.6443223657456387
0.2280606021974483
0.8520877498865959
0.31778728466424544
0.6675023539944377
2.037942011678021
2.062720816427044
-0.47341096431078694
-3.3270820871532636
-3.39254162112915
-0.6700136792562474
1.853635447717869
2.164960678376339
1.3009989398251705
0.806869062520792
0.25117306202304596
-1.0482576749961943
-1.8751168570484509
-1.0366183660808768
0.2899233806014769
0.49769589922550167
0.1276332328170331
0.34274630783778887
0.7023317077098372
0.43836085762547283
0.0941904766110568
0.14307220650123734
-0.24807864193631848
-1.3353063249716786
-1.427949853148237
0.4280581413243761
2.064612187334742
1.1637948205887723
-0.9887978046874227
-1.5537615535945704
-0.315172774938824
0.7880994859771345
0.7833488321225256
0.24116277788362497
-0.11243865857086423
-0.07008516954849907
-0.007192463302190099
-0.5449114294374606
-1.2807278661358712
-0.6234077454870102
1.5141786017157575
2.357276577569848
0.1620931324371506
-2.3161313587743995
-1.5546513100175208
1.201958929417647
1.847100168804545
-0.2709201295643232
-1.701282172149826
-0.4234350899319334
1.308920833564682
0.7191873965197754
-1.1937823719908782
-1.1384703356841033
1.4235180482946814
2.9804541545717442
0.6026285493652699
-3.6415692089901612
-4.716277359005879
-0.8508027417616985
4.049723722451418
5.05154748784872
1.8420651443713965
-1.746557117040008
-2.841782924117388
-2.1346663164075976
-1.5184392784895655
-1.0616696850937013
0.5218292447900692
3.0388771556079717
4.043730482557609
1.7703479253686838
-2.0757950347531273
-3.922582723557463
-2.4726035825382326
0.2702142431300654
1.936846207402854
1.9044649323750042
0.585736177108679
-1.1778890230525976
-1.864617935433423
-0.4940504914152979
1.645467409288154
2.1620761973828353
0.6042807831788675
-1.1340280498724806
-1.5638443752235833
-1.1115430213920066
-0.5340350360675862
0.2871335314062249
1.2177422488808982
1.3202994329141657
0.3638239279990913
-0.4882166225137537
-0.3107656778657351
0.24414797209161618
-0.020792620967747654
-1.07912230375305
-1.666102078916795
-0.7932569298601944
1.1748219728754528
2.7007952936606157
2.2618327403674336
-0.022734009841730792
-2.1273628905890773
-2.349101889613968
-1.2372160210713823
-0.1980614094699499
0.7051029651954435
1.8459867078941998
2.1754671780109196
0.5874749717055173
-1.6336629256876307
-2.0257116105449335
-0.33618967610532396
1.1171484942001806
0.6521269487101594
-0.5242939325764225
-0.30168190505026193
0.8152130488471142
0.45199553532281
-1.2894935647344847
-1.5236655539684596
0.5335100180852902
1.9774367696573543
0.8733353385829823
-0.758823727801825
-0.45318235888668107
0.6681226940717166
-0.07012064326305573
-2.0755629879058803
-1.964348015359881
0.981763715163865
3.2365636374099718
2.127135400153269
-0.5757237098449941
-1.9361185698669223
-1.8659682874560832
-1.5354149093180711
-0.42425893435048806
2.0050554897011548
3.6728285554785822
2.116732987138666
-1.6679306768865538
-4.039494932034115
-2.883665337598912
0.4172524167473271
2.816964815058739
2.5513365878885317
0.39541795779185596
-1.4533141970358958
-1.5006571103142161
-0.10084395113595557
1.1558611292905117
0.9758180312222646
-0.4357718236972415
-1.451704701869167
-0.7660275833081003
0.7490277734557566
0.9734636261031043
-0.321357225908284
-1.0094832104654183
-0.000978758929355391
1.183437835770806
1.1850126106729308
0.5118386520870633
-0.3683262629485817
-1.599227813675168
-2.0701242457029445
-0.44076717829778733
1.7324941178270639
1.6573578078241986
-0.02873673253469111
-0.3488483936960111
0.7023253504957881
0.4413325091259322
-1.3402925690792293
-1.9706750584907708
-0.47469697321311394
1.1550321172787241
1.30207466349388
0.6913646971118695
0.5085060904801747
0.23880761513699686
-1.0961679971693585
-2.274652661326594
-1.0792609433463143
1.6718590253077092
2.5103794373725705
0.46275606751947873
-1.458912770929623
-0.9655840826017242
0.40819883437849197
0.39747703065834017
-0.49263161725155635
-0.5333508485074943
0.1942775158200149
0.4447685800874045
0.18603955844460449
0.2574069286663022
0.4131209878546439
-0.1548937906161829
-0.7530241739271762
-0.14597308609137297
0.709638580149985
0.004445635696063856
-1.2393706967312632
-0.6017258929569886
1.1520515001030636
1.1401133849602811
-0.5213424705197779
-0.9712552062433879
0.3101421673517209
0.7996314610710585
-0.36294606154464687
-0.7981237132543865
0.7533752803994759
1.8423380206593774
0.22916440048989734
-2.2155127596079907
-2.1816174211393915
0.2279173316109074
1.9192913889445413
1.1922261696751553
-0.5328298261914521
-1.185344217482071
-0.42857026526242215
0.7606019268052916
1.4260160231744174
0.9714831260396903
-0.6067877669303792
-2.198719256706669
-2.1791290241804164
-0.12944307865810056
2.35383016643409
3.049180101574941
1.3942969264608032
-1.1512338902342447
-2.9097639505986925
-2.9441742668656263
-0.8382615401252308
2.2692398879646927
3.4434535090995366
1.4576205861644136
-0.998638612573795
-1.3218019209923715
-0.8129242624198723
-1.4334371967651598
-1.5993652216201244
0.8070194391425194
3.451565005331429
2.2425235998647643
-1.862940902145407
-3.404344191331084
-0.30536086695202475
2.9228748388645704
1.7410867712194107
-1.8958900059671149
-2.710102680122702
0.11946584044098299
2.270604340240378
1.0047920256721408
-1.275846476340053
-1.1899247359897869
0.8328798763331638
1.7560964915887822
0.404971534345786
-1.3275259701527917
-1.5299364047805697
-0.6391288258091771
0.0037965856826576456
0.40889577850680153
1.239427551152742
1.862091266166319
1.0277018873538182
-0.8771763125835917
-2.1148870105651207
-1.9177591308393434
-0.85944541543194
0.5696908941214566
1.9671270108150771
2.2486800640018707
0.779761323120834
-1.1577298243167147
-1.6687002698342668
-0.6677380356713454
0.30572125784810394
0.2298085343251878
-0.5313690572946501
-0.9117297463032322
0.006133959403897601
1.893517707592011
2.681999257186968
0.7182801464439312
-2.4150634317571074
-3.2219122257029578
-0.8553097504960465
1.7167966111173687
1.8087933228992736
0.19525600293338613
-0.8287581115684709
-0.545771279114937
0.29849119660716505
0.9772294665031707
0.9554084629743114
-0.08545777306457489
-1.5307975760069514
-2.052035861112231
-1.0023998679004005
0.9173576004146211
2.3749192139757045
2.3596411559962145
0.7541436388864464
-1.3843260600540959
-2.4173002358692317
-1.7342698492860562
-0.4032850581147858
0.4406091988243296
1.0026260924196473
1.6910873992616147
1.787682355657341
0.6151605035797596
-1.0430196404413727
-1.9706322641729521
-1.959028851039682
-1.2331559642868415
0.3510777960211647
2.339173788271897
2.94078574315974
0.9539697402249213
-1.8888890080045022
-2.458281306642728
-0.45455158349373304
1.0793932367309118
0.32671007486518155
-0.7401400387468152
0.0050518042164370575
1.1902976122053213
0.5180141774530964
-1.0049952217038645
-0.6933982655213752
1.0594875025958161
1.19880984540118
-0.8747122410095679
-2.026963649585853
-0.3194231527059172
1.743452822405199
1.1105600058306004
-0.9746198725046273
-1.1781183298234
0.4658036938791456
1.107962492928517
0.2539655442403832
0.1084163248373188
0.7260719074332643
-0.4906782133605942
-3.230269447349442
-3.0565609840801184
1.6196957940240446
5.625395524707388
3.679240876286052
-2.066757324683705
-4.89161474616176
-2.2607568848163146
1.727557277659173
2.367397704547792
-0.03532641021707376
-1.618316204511183
-0.4059084348145691
1.5147264103279343
1.3724415519281772
-0.3054367160806584
-0.7802982953250489
0.3870422361512115
0.5044034982891236
-1.6846878927326372
-3.1455768130664095
-0.6859648401969684
3.584224291468917
4.36383427269245
0.5330192517675204
-3.2592846065614296
-3.0765672410389016
-0.2841188749082963
1.5583488426527483
1.385490619476692
0.47171249482743505
-0.3179823236253332
-0.9764446216461455
-1.0355234851900754
-0.012864343444488386
1.1090117809479867
0.9672775976395561
0.10604888538423547
-0.030084490651806454
0.21532385763514222
-0.45070955265736345
-1.4938716862230514
-1.2746849141035987
0.11437087570851112
1.143958467535023
1.319099088249114
1.2168798574846584
0.7427560396268287
-0.555472043202683
-1.8749040935875836
-1.8112938523058437
-0.49355177739022893
0.5578815269020471
0.7228732590845276
0.9822550804494792
1.879810659529779
1.9871902363796068
-0.255403669642599
-3.494736034393847
-4.179267789869349
-1.0683029416654888
2.805613558674873
3.917021512496028
2.208750130820449
-0.12567306327536898
-1.8314275184871955
-2.7216301213855547
-2.321604418997751
-0.4240618150371739
1.855735941328605
2.8938861650253203
2.0279868572334663
-0.06003044469622407
-1.8415660715282254
-2.0537230433661797
-0.9580966214158163
0.05104169327858201
0.4233639941540112
0.8051170155371569
1.2060399716902126
0.7714894624339637
-0.23370524772023218
-0.500010190329253
-0.169401953992912
-0.6859466479554688
-1.6003523681331626
-0.6231844970404755
1.988766536325531
2.6069194327563827
-0.2141223930210998
-2.778400773003776
-1.4756419547537085
1.8111874378897488
2.450106181450705
-0.3431693867579811
-2.5938987402619116
-1.3370496102530434
1.389300430476245
1.9639043570213726
0.35112631765544755
-0.8477783008846058
-0.7684099949856168
-0.5483173384559669
-0.4322808502605969
0.304338162114209
1.2273238692743793
1.039480852847277
-0.2805927913925189
-1.2399767200223342
-0.7798272073213804
0.2801154229969327
0.3476532088518982
-0.473269971051215
-0.4377878177123838
0.9066633534678458
1.851521757361707
1.1683681117337663
-0.47271154191570697
-2.0113599590101616
-2.8160884907099875
-1.9841549770509253
0.8196906130062984
3.6072160951410273
3.6245352867687965
1.0388235741782734
-1.3951888225203877
-2.3207464318315476
-2.58403871456524
-2.3048953402736077
-0.40814981325506666
2.538418978811498
3.827140431389226
2.0476709451463333
-0.8558845780585375
-2.262437543911425
-2.020143566276621
-1.2731752439051705
0.028683789019111318
1.8932663408853272
2.347466637887062
0.15636715671846615
-2.059592593982525
-1.2738143901846375
0.933005240629452
0.9524763411685726
-0.8134567149212177
-0.897675020022286
1.2034218766406029
2.1316308525983745
-0.010470503086574837
-2.6480087263857452
-2.284278287686398
0.7053510545021775
2.5765338370640727
1.2107805214356608
-1.1762815485103486
-1.3537562174660394
0.41429900965930844
1.2876099358884128
0.2669892605726998
-0.9061924946967793
-0.8333587667607939
-0.11039844212347792
0.12754915499709438
-0.1956536254638068
-0.227858997702177
0.5723516708550049
1.513197709561904
1.2477170317370292
-0.4836217915534564
-2.078635099610031
-1.750124053509986
0.09345558673979097
1.2435524945712526
0.7971954483152716
0.21321621722332934
0.4351971863447849
0.2864036225134307
-0.7785421691460062
-1.0639625847055825
0.21970637744489518
1.0048674394259987
-0.15353874289239405
-1.251819003650335
-0.06303066412784537
1.8291871984394743
1.1702335083581856
-1.6971815869985072
-2.7849078751750214
-0.1646360675974097
2.964786983136932
2.5721000020347238
-0.7188010856848146
-2.7357511320324392
-1.4250585467752364
0.9913573257194342
1.5734394663660862
0.3446944784651877
-0.6353226177099495
-0.5786663791416713
-0.38513244057170964
-0.2606126161017796
0.49158683642738876
1.318273577267598
0.8252121594225224
-0.6735498773146327
-1.4916745429760292
-1.0495029610981996
-0.08988940108983613
0.7482937473377019
1.1720616779056119
0.9298748995299306
0.18282255373899853
-0.43276568655543984
-0.621345467875271
-0.7598041027064335
-0.9055040459290918
-0.3428250366710461
0.8445825379716375
1.1221117494670863
0.07214220589002066
-0.4008986986018732
0.5326370591117221
0.7967260349519181
-0.6725224595474536
-1.4815668135625377
0.009978378331333927
1.390125336305754
0.22947442846647792
-1.6139981607543177
-1.0954663554695838
1.1033051633782307
1.9928792628946972
0.6860567829781502
-1.202391482800583
-2.0073805846833275
-1.0511056332718178
1.2771380155378107
2.9990005508360524
1.7012752000913791
-1.9996294234749539
-3.853588548824419
-1.2898168857031764
2.4175512999265996
2.488696841082407
-0.37241817839063385
-1.3231084733700882
0.7867950624834804
1.6240645245147636
-1.1169874161218392
-3.199188198880932
-0.5984601245075735
3.2393244558189593
2.404178376974212
-1.8697420939106548
-3.0861848249715806
0.11211312069995077
2.3568478734184932
0.8198453786703196
-0.8844415632130903
0.1270860660491691
1.2817096442834373
-0.18796045642376455
-2.298171701687542
-1.8647995379729196
0.45854342587940455
1.783917236575898
1.3280527070782824
0.4382867067153988
-0.04590786009086707
-0.278819458291597
-0.4821086640493619
-0.7824371966277684
-1.0193128247240342
-0.5594983330412284
0.6899904783515601
1.5289999336378608
0.9103072798456181
-0.3072730031137499
-0.48326794783953875
0.14058484583660624
-0.14909108305480767
-1.3240335595292239
-1.3445958250805283
0.36317036174963596
1.823742028816969
1.526304006279618
0.2316703730484301
-0.6006201013974841
-0.5807774358514947
-0.45102887974679123
-0.9197916351790455
-1.3657991618098047
-0.4354172360281319
1.6130191998387886
2.6206686336768295
1.33104805634368
-0.8877484038053013
-1.8585142312506562
-1.2606562810616333
-0.5755699775958194
-0.4688195957385665
0.21497417541599007
1.8143728694520174
2.3621046966752544
0.674102986157509
-1.412843984037376
-1.8849668577305578
-1.1895812307697378
-0.49667293148441305
0.23549865482752186
1.2162682081891536
1.663988470449104
0.7679571246912918
-0.8648666788303893
-1.5511338930399938
-0.6104899991586491
0.6364358507755405
0.7671035922293397
0.18525014157686492
-0.031321217291111855
-0.01721368676561684
-0.35075181620304635
-0.5869239459882556
-0.20259386084619432
0.16165576636834955
0.013266316410567046
0.1783361496274103
1.0310620996280893
1.1845038079583399
-0.26661059810035304
-1.781480989190362
-1.4902678020920472
0.10134274377402885
1.220428725960373
1.2453538494554346
0.4891058508117558
-0.7584503523048296
-1.5843207169675553
-0.7590267493174373
1.1975588859502548
2.092265456258493
0.8202499777745247
-1.3831016424101927
-2.456353530549553
-1.371724454213936
0.9853000543964417
2.3854833573524266
1.5930167538834046
-0.05812682433144217
-0.7714284916331458
-1.0176974623059905
-1.8231517158028459
-1.7541360838542743
0.7634749924501062
3.372135173050224
2.4923518822703845
-0.7782858284084685
-2.1805706261574347
-0.9620805855155657
-0.1648119357712258
-0.7660079460182017
-0.5259970354345478
1.1574028038673678
1.896532384580391
0.6491431041398563
-0.5700645995863368
-0.39331706867863725
-0.034666831911977884
-0.5094469016952357
-1.027361787340511
-0.8353004481329912
-0.07754224276134744
1.0856151699392154
2.0433926606831085
1.3717440920310966
-0.9755354170830495
-2.492147570399971
-1.3610181909199368
0.6692161385864376
1.0778490409184318
0.4566985042165994
0.7102502263429987
1.2158339892404586
0.0893722059501382
-2.0434840175271116
-2.558687494968512
-0.5335108722313854
2.0693255738018155
2.7431267924205263
1.0057156414260038
-1.3043185330987537
-2.084608420494038
-1.1898761974013625
-0.01563428015757978
0.7492667230629286
1.3738148637373608
1.4685186375891097
0.38138032305098063
-1.015080717371371
-1.2334668048484272
-0.5900507903047617
-0.5706623143191201
-1.071185134273964
-0.3873885088903699
1.849147306335503
3.4976050026303978
2.3853866013654317
-1.0539611825100401
-4.1536958088124765
-4.358593277435036
-1.2043985776960622
3.0117696458283634
4.75052780559727
2.731408898700545
-0.6599168171289189
-2.6674105754014246
-3.0388541010833787
-2.1803727533572954
0.27014106375161784
2.9454857699063357
2.7496158360137097
-0.2580538950691047
-1.9176398065498361
-0.19500868004572738
1.6032585877488992
0.33253528496353685
-2.0222877398469232
-1.873571922237319
0.43455098620066174
1.721307539533624
0.7581685203393692
-0.6577307334093802
-0.6914182703063401
0.317438006201602
0.8889481499609219
0.5634071266549371
0.011002359452440817
-0.4780550985877065
-1.0640110000353569
-1.1707569823107664
-0.1529736737870212
1.036597395600078
0.9987772584416732
0.27310811587558326
0.18758356760394249
0.23094068399255563
-0.6255434342725522
-1.182639014163875
0.10890898474073496
1.5970362830779823
0.500690192924783
-2.0573375865421917
-2.2103898254095924
0.465680245030045
2.3664411796707783
1.818213264049551
0.7780555092567436
0.09101347349192804
-1.5671689119379937
-3.276646995467273
-1.9956718422993374
1.8020340406674118
3.6583878323151326
1.498382768866837
-1.5818476881087848
-1.979018476196213
-0.04895786083481781
1.2764017649414807
0.5716884568326596
-0.7904615209285354
-1.0303038325206875
-0.31542929861019997
0.049558434228458806
-0.029843624892417403
0.5660165805483557
1.8091464778802453
1.8819660607998903
-0.23581298957028016
-2.7933753115112414
-3.1103342782932173
-0.8577797340475983
1.6566321695974553
2.4238354798638277
1.6663319173028095
0.5264925571030721
-0.5124139130631182
-1.2090062923700517
-1.2444856477199275
-0.8229768580187019
-0.29770721880275947
0.3616957367713046
0.7972723781497206
0.47981500079845524
0.18842323549099085
0.888165502679775
1.2822915914700017
-0.36016134475699324
-2.518837144280529
-2.180338644738386
0.32529252441643797
1.7932026571070705
1.0445775426775958
0.10180070269796639
0.3704104778641443
0.6090440920879003
-0.3354615898381189
-1.2903852928764343
-0.9471701293242784
-0.16304016507081953
-0.058842264740473285
0.11549684661149039
1.0567152452958621
1.4971507862087596
0.42304837480649093
-0.8750926201321946
-0.9478285906038738
-0.4209737026808813
-0.45134806168921554
-0.6648628698337393
-0.024746911892947077
1.280999150979793
1.8317391970571277
0.6864749110739915
-1.2917247234093359
-2.1519003805448897
-0.9770629008137334
1.0925338622316674
2.11987840496238
1.2436489996756666
-0.7799822119586991
-2.2821090663700816
-1.8505153942529748
0.36692099357815444
2.381168686210496
2.17925358264629
-0.07006824653849987
-2.111805626997597
-1.9050600861970066
0.23952477780314455
1.8779710515113959
1.1727665351368635
-0.8681735448387966
-1.7238074099353844
-0.5318119091070992
1.1843069857229014
1.6679786422272787
0.6473731268930627
-0.9474802917195967
-1.8318741516764858
-1.0949203046644767
0.707220866472419
1.5997347272315314
0.6549027253375684
-0.5090300047618331
-0.272438872999538
0.37320583887453224
-0.19349297362322554
-1.1203368742436561
-0.4672970308985678
1.217848127595282
1.3366793156002985
-0.6781421893939341
-2.051086130828502
-0.5815330221619063
1.902458204428999
2.1064061731781614
0.055949043348408646
-1.505228287805834
-1.5290919376009073
-1.0442974127057383
-0.12208988260079773
1.5908410513207658
2.3330059537956513
0.3959619209531769
-2.1043765790909927
-1.6572871916329472
1.138532417976116
2.1941099147391947
-0.11814192957758196
-2.7727557358666908
-2.348524123082173
0.7942712544960607
3.362328485803433
2.778311653300972
-0.42658611112619127
-3.035194589362733
-2.2689222461406926
0.8164954158125066
2.1960854041014213
0.15785770274212735
-2.0889520340304193
-0.9803763451462031
2.044516213646651
2.561993372931372
-0.4196247345487073
-3.0214905600612294
-1.7665264889457137
1.8169803746614328
3.1950317629425253
0.6990202886469931
-2.470240175550493
-2.647437551335617
-0.23353477107416792
1.5730139985035108
1.1963835151698992
0.02130037804787071
-0.21845709498273816
0.3638328151583151
0.6096382412331252
0.04436825808500397
-0.8066926187923646
-1.1194388163585707
-0.5830914436046366
0.1761743850973359
0.3856860024736283
0.31218902222235134
0.631936026031157
0.9043638164375822
0.28492414031147817
-0.6450531950959949
-0.736642067522425
-0.3328631261325102
-0.35983121857128714
-0.40695166227023616
0.22385071740444426
0.903350723772419
0.773195115145486
0.10770123380446817
-0.37410825947632037
-0.4242821213146698
-0.21222219662720904
-0.1477751941545029
-0.4959338596610768
-0.6456279249854816
0.30739233235659935
1.6294409141115118
1.3492574445423737
-0.4430862703581777
-1.2641045194177958
-0.3782543994913042
0.0724462984409015
-0.7040339013028878
-0.7353013059181851
0.5897753235301288
1.1394868816671788
0.19640600675012618
-0.14194016498040965
0.8460268841218618
0.9789672235193093
-0.7325093464651289
-2.19091084719564
-1.648620993571063
0.049493220816187206
1.4106030948138126
1.9253212650908778
1.398408300833081
-0.12699280963571952
-1.520358325110064
-1.4742028532491318
-0.3299182292089129
0.44962580789409273
0.30666367553342905
-0.09074834862986647
-0.027951237483813382
0.5451271253391531
1.0223671850951608
0.6654765312340788
-0.4581561203026552
-1.3082171306896824
-1.1053109066198226
-0.2877865256596226
0.3233718898129595
0.6964217555442853
1.0639333565551665
0.9391123032137234
-0.0943395827409789
-1.2099986250075625
-1.2947698782402783
-0.5043540075443868
0.32929926219365646
0.9895932583869227
1.3572196946670059
0.7726636029265757
-0.6681092461229597
-1.4720340834350871
-0.8844981722982136
-0.1571241098700028
-0.12541600250583662
0.42063915224906256
1.8906836042695574
2.0138708514689942
-0.4132923675478902
-2.6678994266730225
-2.06630568790223
-0.010496660923801058
0.8094555530859392
0.5776238861698899
1.0475830106223525
2.0404123800028824
1.568775600886716
-1.1370965848185426
-3.9504174169400867
-3.5736101329787524
0.6009074885039442
4.581830930896463
3.6562516677453685
-1.1935352913548467
-3.729618818906511
-1.0022393611367906
2.3399488141866365
1.3238538545166258
-1.8316601964344676
-1.9689641587713194
0.741494147802101
2.0671805656843603
0.733744284088074
-0.7868493597902343
-0.8486483619969629
-0.16683820850309258
0.1764301748735382
-0.0727174903147949
-0.4814728670625963
-0.2802195264867528
0.7758234630327047
1.6185363678173408
0.8733227336632784
-1.1101173231831925
-2.3166446904288196
-1.431232690003857
0.7582109126137303
2.232302272162247
1.5286743665496
-0.5937670452691391
-1.468419361829965
-0.036218632408324285
1.0302851336745797
-0.6176121138618718
-2.497769367617952
-0.9095340595690093
2.509150041511088
3.0004701442575534
0.34134029629826246
-1.4126336980367908
-0.9707057156054384
-0.6925362618637091
-1.0921882296144645
-0.29282414903166726
1.319077947038866
1.2358229646104941
-0.41978549371141555
-0.9176176798532751
0.38924625180413974
1.3260043614297732
0.5726506006256755
-0.9758201022766767
-1.8994940593813385
-1.3070323271354645
0.6339251678586163
2.1208697336803515
1.3786492484159043
-0.543205434463123
-0.87866481922149
0.4834778461495022
0.6519527345946095
-1.2815619324548182
-2.374472887167063
-0.7019557777714102
1.5072434236068912
1.8130208607881555
1.0728123717736862
0.7291545396480893
0.12959614910286538
-1.172432412182586
-1.7330954042043922
-0.9084379980630011
-0.21251962708632183
-0.2785305810441764
0.4056619586688165
2.03206816415916
2.1404106471087037
-0.15682507521123054
-1.995712043994321
-1.1649228513168446
0.5176903262951941
0.5438510682212774
-0.5569693097992002
-0.9395959713454805
-0.35246272071212437
0.4108041994093265
1.0329679823841464
1.3882852834164385
1.048625720149516
-0.12148967329880363
-1.5178591205795413
-2.1747415359628968
-1.44575796590231
0.3514680145221081
1.9547160042758207
2.2117381775637814
0.9945734718376877
-0.8478043556627194
-1.880363771824177
-1.0337219732592065
0.7862441812057497
1.0734164105626596
-0.8412431267261061
-2.154479469617344
-0.42308464356371983
2.5011157175543652
2.974447119875955
0.6937290086868738
-1.4872809795132227
-1.88347648088813
-1.4231628032706891
-1.1809849313223735
-0.6560641878627627
0.9611828253684773
2.847757100693023
2.952993500523907
0.5171414761724001
-2.5566223356725852
-3.4073143901781813
-1.2221045450784183
1.702244943121445
2.2890903305366206
0.18768056324254223
-1.748793872985621
-0.9805636053386466
1.4625886531466226
2.302135159026367
0.3706796005234072
-1.9158359474486102
-2.0670141092301635
-0.6457027403948945
0.490729733841475
1.0892852798898052
1.6377458604310677
1.4048870327846512
-0.32034114829962945
-2.242452936968657
-2.3074931382023793
-0.271140316885793
2.0602278529238793
2.55733246967635
0.5762332988352095
-2.079200887678959
-2.4699084126084534
-0.037609987863172295
2.1692922444614426
1.5139174361281573
-0.5204888500769367
-1.1172156719337838
-0.5453440290757056
-0.42705070996058087
-0.0521588961595414
1.4457781829878127
1.8362389913800519
-0.6682020662746674
-3.0533148291526366
-1.5284162666650847
2.060233378492404
2.751507596804911
0.05883790042275968
-1.8677149300156077
-0.9835713058754647
0.49642564502223074
0.5862315503066096
-0.03511027977646096
-0.25148318750575627
0.020684435750801266
0.4912672665170181
0.6108950428395583
-0.14746313492904659
-1.1038239117031672
-1.02214620736189
-0.12117182452303225
0.5679628680466147
1.1062150402721003
1.5875821591914887
0.8286415326630312
-1.2869780384279745
-2.4063254169731003
-1.2210812556878616
0.2911538899125083
0.45403031093892526
0.621105504741435
1.949786157251883
2.513406214903657
0.3545597740174871
-2.803001617861683
-3.5715569718353057
-1.3830467093516048
1.2379155492626686
2.1638766718948905
1.6080701795209649
0.8066336825951596
0.16073059625790037
-0.7599158384864125
-1.77325256394377
-1.6366741393400077
0.1686509376096356
1.9244863688613072
1.4578528114469467
-0.6671936415040561
-1.5401654221273435
-0.042425285204669184
1.386921148208005
0.38749482100946386
-1.7643637814501651
-1.9067996688419442
0.7999018863159487
3.6142587877112025
3.010937793338032
-1.218733658307951
-4.968080069356029
-4.0182570207157084
0.9270308479424467
4.74563217982235
3.6540610697575855
-0.5673709082602291
-2.984877590212237
-1.6871906651491355
0.3769895029885807
0.37431396530226835
-0.4107867473895869
0.2665560558393673
1.342670894438314
0.7174948544991234
-0.6420635967350714
-0.5951590187762413
0.2471952553004353
-0.04007313212694617
-1.0827358162512255
-0.9628908580096969
0.5326182898994979
1.560439793861255
0.857969528611287
-0.5452794093704494
-0.7788750932390951
0.28731019114825274
0.9513645324565763
0.09766345661723803
-1.4094930893819975
-1.9077031317533222
-0.6720628115679997
1.4541958213680932
2.5687677972032597
1.4400010528756195
-0.788519204354343
-1.7103765706729752
-0.8051687709814662
0.0668834535061208
-0.3061558649358495
-0.7320356308654364
0.1731476897727806
1.4599862895471707
1.2971573301542447
0.12554892399909753
-0.1147491451662236
0.41671575674396266
-0.40354872900448513
-2.6494692567583513
-3.291559522147556
-0.35954017180918213
3.6514030435806433
4.524466477275859
1.7477778775378507
-1.3462391164925587
-2.5340149176932862
-2.506389933820393
-1.86549509079697
-0.1777747893222117
1.6614720768301174
1.8108837727867984
0.7873521749037558
0.9319986288073318
1.855963437476312
0.29602456437936125
-3.7859523850545687
-5.185564261619542
-0.8370483884249091
4.554025251280134
4.678353667853411
0.3980185612061161
-2.4584975885626346
-1.6703452934203387
-0.11065595091888338
-0.07864114982355228
-0.5644490954266909
-0.12172362374615957
0.7584364074783779
0.9768794182097142
0.5375970816670835
0.07931603731547031
-0.08537086569422957
-0.15588773205339942
-0.6439175422006441
-1.4499283427986094
-1.3336875104684671
0.32517648037482155
2.022079371687207
2.0120446817840896
0.6596584200789282
-0.4662493970782488
-0.8742968091492552
-1.248576514329612
-1.663502678837444
-1.159660935655915
0.4718121899392745
1.9568445471242846
2.255071765117302
1.5197027544575241
0.046042388189550795
-1.9021917755701045
-3.0355451099980666
-1.911291334517596
0.6706691321290019
2.1195634131631556
1.4946715721588795
0.5642791752714781
0.6746372659502042
0.6129067114861967
-0.9430715473237907
-2.584194588719682
-2.0600030592839063
0.16466395363837277
1.8148192086743218
2.06230386245276
1.360130708060437
-0.15542449257567917
-1.7411393557542938
-1.8016384931368483
-0.37730738880456777
0.5997418765957503
0.5673010262515873
0.9611867600907988
1.7377533349910723
0.6922859355937275
-2.1990806702345673
-3.331067099807932
-0.7726479071462715
2.2997666189008763
2.2579843752958633
0.12915235319418492
-0.7876397282629604
0.09353496095354415
0.8248521278954274
0.2995831266304186
-1.0026160835660258
-2.2639569418362666
-2.3064678146739457
-0.017478726754888284
3.277691737534944
4.114646066701355
1.4322291941282397
-1.8307003972173699
-2.989609456803202
-2.337362196542764
-0.9852324771471583
0.6192297479853603
1.7396194504527334
1.686073464667208
0.8863085331085737
0.05181742468476228
-0.6465963190307665
-0.9203233740972515
-0.5736485001806699
-0.32544920900103597
-0.5653309008023024
-0.18206629095076107
1.2992939534894614
1.9665565778148846
0.34068157825284007
-1.7171449435883783
-1.5952855420325207
0.007136857021885639
0.4805126858421315
-0.30082090779214066
-0.109220962574182
1.5490922475570807
2.4125256458252196
0.7397123023332836
-2.2901910306006728
-3.7403151379099477
-1.9197919394348273
1.5841911619505358
3.213884242354197
1.5151338139024388
-0.8782444268895584
-0.7630287366953931
0.9945064160611709
0.8980602747640687
-1.4425129769165763
-2.628423369190901
-1.0289906699684943
0.9825765683593151
1.3645862647296048
1.039599231034395
1.0007658628401344
0.45222279765643336
-0.8302817914319354
-1.37688324739247
-0.527705758420396
0.3688774089692355
0.22712340698445432
-0.26370654987184977
-0.17117939837196328
0.2009897922148064
0.1863093923384858
0.06193023013947236
0.5309314578182202
1.215515584639312
0.6754781374769494
-1.3698153371900574
-2.6819985982607717
-1.1878532488946698
1.4966454830274754
1.9484198940995152
0.12375534876170256
-0.6476865170882529
0.8430409078751441
1.6911889078166378
-0.25492754807573953
-2.6263354186819705
-2.172299287905589
0.261538279190007
1.5392299795098499
0.9787594627484031
0.22993003614472718
0.18717295683626545
0.4135614261806278
0.35767123516226007
-0.1911365883800905
-1.0567617939936362
-1.5544695196119631
-0.9779588443996912
0.4598242418128064
1.6291399794147934
1.6814071715791983
0.7300392851844398
-0.5406087552225757
-1.2351993067359857
-0.8270659389155249
-0.025658568455474335
-0.025754639823451924
-0.6000623870149805
-0.31761379644344545
1.108515929318938
1.9587073495936729
0.6472293615901216
-1.773602552906282
-2.3643222432601063
-0.0803530557908429
2.406720640788037
1.9816808347355557
-0.7610938901043348
-2.384351814590147
-1.2296076334692785
0.7404486867638478
1.0834145133972164
0.129976215015985
-0.06418492837548052
0.952101675662447
1.2615733637492028
-0.5395967452212849
-2.704267121595636
-2.1300136903993576
1.1154526412105628
3.266349912166608
1.8381388594036556
-1.2086613377945046
-2.5627830690535207
-1.5303343816470456
0.3827910388713618
1.7809462530545719
1.908969914954798
0.5171810838472621
-1.3883533737165357
-1.9056955957623256
-0.6055478871688271
0.7109066708568369
0.6522579400904075
0.0728055359197256
0.28169701040439754
0.9722464928807857
0.8578626498558876
-0.5610355923302498
-2.1812183170829393
-2.009515896563076
0.5140844447376253
2.8859855639158267
2.089776634738208
-1.0573310119263688
-2.6418836433519615
-1.035437624472688
1.3175249856281377
1.8530901745004928
0.7493071618493983
-0.6277996948592348
-1.5142227431156556
-1.4121227752231749
-0.16342798684469495
1.1731962025808045
1.3315487940732942
0.6415077343160349
0.06848386562137222
-0.60372547148203
-1.4854464308926705
-1.1217994546735195
0.9671673314734687
2.1930560178765965
0.4985002894424713
-1.806401419204781
-1.3044978873793383
1.004610793337445
1.2652250928626134
-1.044637025510366
-2.3009032216225807
-0.20182338867562444
3.0390949465798194
3.7119705800308194
0.8369551952844422
-3.247088551264988
-5.121765808721628
-2.9070129226219663
1.902898661740718
5.139030203215838
3.952741716992463
-0.01840869568872413
-2.835657487390701
-2.912139893921628
-1.6919528495549367
-0.4682019300764542
0.9995826569357498
2.53517887812531
2.584630217714202
0.42394904202167816
-2.136135293365499
-2.6679348985616462
-1.000418856794086
0.8761362507933844
1.3194282121876146
0.6796062684107372
0.34752905055319905
0.5578613949736895
0.18981467158497548
-0.9287045141372035
-1.3654651055596887
-0.6198115887505495
0.026517957916075797
0.18340879057836967
0.9890104068103249
2.025646790198913
1.0313102389518425
-1.8489117214349018
-3.042829770880402
-0.6774106835786131
2.3533498960408146
2.392204400984972
-0.26778072399091823
-2.2918760256280266
-1.4726078093077442
1.0451429512870392
2.2385100287169903
0.6757709085095296
-1.712414976196739
-1.966161399331488
0.12637664740064863
1.8710323733103822
1.3218949195975653
-0.46506965286949004
-1.3030774397853024
-0.5873430981126819
0.4707521415185661
0.45973154986126274
-0.568735038023467
-0.9027355371657275
0.5591489420599146
2.0835979862975704
1.1373200155199286
-1.4205499028329216
-2.123463133666537
-0.3370013440265614
0.7741448562711732
-0.12581202179108097
-0.309931549268005
1.5314595556801627
2.2509259569314155
-0.25182573570436223
-2.8254743535878246
-1.9871194309830056
0.6087637235470558
1.3413726454947024
0.28747695143009877
0.001057878485450435
0.8010618493027717
0.8527427994981384
-0.25212525279329245
-1.053992475152902
-0.8362147945352615
-0.3026508825160172
0.031228118484518966
0.29232748480748544
0.46153268054302093
0.4328192316071613
0.31149682046683147
0.011053609090881331
-0.5241929627010539
-0.6230980904631215
0.22572182983918487
0.9916450385582569
0.2973913350164145
-1.1845959795724774
-1.4059137725778954
0.02628432313740368
1.3639022768342595
1.26754687322532
0.21808112524359669
-0.5212436973406235
-0.3572965225666946
-0.017127376006310535
-0.5941337542099719
-1.453906049844516
-0.6495411203383065
1.5644390624188753
2.2532782972847927
0.40551149665161285
-1.1779930955996665
-0.5709004046255862
0.27162702163722896
-0.49251815885935085
-1.3050070122169535
-0.3905699049075168
1.1435842257746365
1.4486046146884795
0.5060078346897869
-0.582031265303936
-0.9955385039587413
-0.5622741016702061
0.26588785136976717
0.8384861635293077
0.7605476185016482
-0.14986149775247748
-1.4753157651218443
-1.7274593807251772
0.1067509230507602
2.4527565207799653
2.6038681377039623
0.34560298117118426
-1.9494139483889497
-2.57833364083508
-1.7520819662194727
-0.1497404393696125
1.6178328069732575
2.522410698221405
1.8905995140208183
0.3721221957894099
-1.0356063850556847
-2.108141424763638
-2.430126489939067
-0.989238786021103
1.5569113206043457
2.3839196860127454
0.4668945898622103
-1.319692451364202
-0.36508786823101375
1.7744540398773179
1.9141421707560533
-0.2449004701817644
-2.2753374714501264
-2.5130136973319552
-1.4676310132543644
-0.12612705338206867
1.3762895657794179
2.8238690524673284
3.0023434789436965
1.0369836417563312
-1.856393520853443
-3.3245096411611685
-2.5436894499494183
-0.7313715868353469
0.8883473570046714
2.1225028445862737
2.7257145057664935
1.931001163616677
-0.2895305701868023
-2.501130456561789
-3.045639589883733
-1.6190998263900374
0.6836059851138468
2.327422436582368
2.2052011131960643
0.5920289805812449
-0.7885716388373313
-0.8894825549350183
-0.7033214578070994
-1.047205501749574
-0.7933640952546079
0.8341510475365903
2.114410486044676
1.0096004228069777
-1.4800773691196036
-2.0096405538138153
0.5600982089188643
2.896479997115823
1.3894449807583795
-2.571371980879736
-4.21639511403296
-1.6103931805656873
2.4637480075233005
4.411770965433708
3.1515748586043077
-0.1301747722954323
-3.2661061392672885
-4.161685915679937
-2.1766568268561115
1.1872771145389431
3.356587420715134
2.7758615979963226
0.3979295165369803
-1.3196224837710482
-1.3771777038133861
-0.9878555739546108
-0.9194451255584781
-0.21099622668872178
1.4290004995144039
2.1266410322780276
0.4503523087612184
-1.9778630188196828
-2.3692417861868456
-0.34414645833694907
2.009677409370025
2.763814362173034
1.4683246151222442
-1.1151568130623428
-3.2456992251831176
-2.999372333019272
-0.20646204099148469
2.741587004325948
3.169227608074884
1.0624755745774297
-1.2007097706006478
-1.8098278247954505
-1.1656610072725986
-0.5202420046193933
-0.024495148706172174
0.8865428185006212
1.6424216706951873
0.9379589266208143
-0.7471831766386402
-1.308113198397737
-0.2943573153816803
0.452919148919227
0.037400556278122506
-0.3064654553762024
0.0708597485310776
0.097107380618665
-0.48737600295017447
-0.15962767075285772
1.3313282892192326
1.5651732476822229
-0.6124940853048992
-2.309645435139089
-0.8614294998180142
1.5732132237220926
1.3691339702717935
-0.8585243577216546
-1.7203217519334117
-0.41387390340045394
0.9577681274047221
1.2312627606306783
1.1092366918514758
0.7856356184253265
-0.4151260463748978
-1.9960150881276189
-2.2969490421539556
-0.761656457871815
1.3496864883810646
2.3971543227156222
1.761160638453453
0.20798002705124802
-0.9883652948865367
-1.4474734669894815
-1.6028640327805939
-1.3243430538455163
0.007115235171636175
1.8771623717445227
2.5885467676062657
1.3502033776363016
-0.6646104885253749
-1.7827575197167407
-1.522584761664685
-0.5271976658035216
0.37982132162078025
0.6484221744905443
0.18620593151502385
-0.38879988480334005
-0.19421476256889098
0.8067952003349524
1.6034215193968364
1.1897013381503376
-0.49042645970056964
-2.2934229740996486
-2.516288709940736
-0.7118845725414391
1.3668615294090851
1.8703427586944439
1.1830968573654799
0.6419209188650852
0.11955581999771074
-1.0325418720378414
-1.772960090758998
-0.7091693211750603
1.0596187002945114
1.2178071911702337
-0.12747214397324116
-0.9074741024962026
-0.5700850845624823
-0.1102865654996716
0.463625632126896
1.4563699648844177
1.4591965212382978
-0.5567885105005244
-2.485059558664299
-1.8127461022261884
0.4815173830858865
1.7329550320594183
1.3391017949812352
0.3427686058658801
-0.5306111787373796
-0.815314803867554
-0.338280892561446
0.10415519402807971
-0.135704106743487
-0.23693120450436972
0.5036535162291356
0.8246621115260012
-0.5239749181097707
-1.868211081737357
-0.532161093012014
2.5016872387660927
3.074471647407279
-0.2480488337369056
-3.661094159913209
-2.9616624841286074
0.9519145956839055
3.163679170493842
1.0662546166924658
-2.0352498940911734
-1.3706090364107515
2.1400204713225763
2.812369651683757
-1.0480515995402888
-4.033450249241703
-1.818239307542976
2.232292136208293
2.6001938159992295
-0.12980312610573977
-1.282158749144863
0.22360741977091309
1.1322460236047072
-0.13325664418890495
-1.315931013332431
-0.7108492072722663
0.2716017145232556
0.23607178788815011
0.041933337166443894
0.4581559846918863
0.6278304374385133
0.08866952120496267
-0.3005823897713417
-0.19624752401743426
-0.2524715395986268
-0.47943294814366905
-0.1972249807488565
0.3535166545239915
0.3191486371215927
-0.026267257015519362
0.1729225364096222
0.4596626328822283
-0.05791069565952844
-0.546339976871428
0.12957256181725485
0.6348618439173727
-0.788285161836214
-2.3041205799656352
-0.6110905225913793
3.1739625123844624
4.01249099931277
0.04164490436878071
-4.330144083372048
-3.991572863114597
0.4138235716450932
3.596080343709874
2.333967240906213
-1.0020053267928544
-2.104820937813
-0.17871425461485108
1.7807277453744412
1.2438512064590102
-1.0546513854100645
-2.4147421270866136
-1.2124598023531064
1.3693607929381222
2.5781185309631827
1.244240297877007
-1.0006649311528173
-1.9983703383514921
-1.3904735393687158
-0.1641467330784482
0.8949068075003276
1.4856069791119206
1.3295961851863523
0.36044882766885394
-0.8504567505744937
-1.4443448441385778
-1.0321239956751356
-0.06487868804591815
0.49773915991138257
0.29471839744570033
0.17398174370082828
0.8335355432526917
1.346097701598127
0.35191805604714865
-1.6235906455402582
-2.359507371730906
-0.7284479919289782
1.5397044006880114
1.8910243443401125
0.3797991249125194
-0.6393964236738954
-0.2131071000477106
0.10281149678267412
-0.6813002854405101
-1.1539941597206098
0.013485475404622006
1.5007567838034872
1.1612311929236976
-0.5276976172699889
-1.1729865243600421
-0.2701238674412391
0.36666817640743465
0.015361438709906274
-0.010964936414960992
0.7040373880729408
0.668628108882638
-0.6548900545599172
-1.475281910192279
-0.44457087519031663
1.1551609871558528
1.3602313647296385
0.19706998771324719
-0.8324984585063757
-0.8569014264007343
-0.2019636893675265
0.35257294742852757
0.16557589637320932
-0.651139496855458
-0.8019383774759711
0.8086725664186926
2.7869190103998003
2.1419566522115856
-1.484576619500364
-4.399552613462021
-3.2504943231664862
0.7397670665210423
3.5874401018489133
3.2767889920852045
1.0670205931056003
-0.8553361797752372
-1.5557856670812416
-1.6626525944835668
-2.0333037167948893
-1.9319889568035464
0.3435513471777155
4.00134597477848
4.9834117814786705
0.9990443893445398
-4.322412848404351
-5.292783310224557
-1.3248672937695312
2.8148976324058443
3.4778920438898417
1.53689537750637
-0.6618924339122557
-2.097278487972597
-2.1438496103317384
-0.2609750144504027
2.1480403007250843
2.279389768073374
-0.2656373492448565
-2.366909901958071
-1.573657397776597
0.5925387349506404
1.442257647924304
1.0992135367852585
0.917369575821076
0.15067060723337858
-2.0335350229859155
-3.234397686213736
-0.8618673503139272
2.9967779679920366
3.8471486029420805
0.9353682689407778
-2.163270015843521
-2.5475981583372795
-0.9920864925867526
0.22882272155581804
0.4877354978527858
0.663208758401133
1.0893456261542953
1.1106685794586817
0.2847554149682074
-0.9034842735968704
-1.5329846635522468
-1.1943622641829046
-0.27860763491236035
0.6867563296622552
1.4543696475851258
1.6140729841776884
0.5809927114923286
-1.3243569005279896
-2.3751126823396804
-1.111868734381444
1.4044384494924262
2.288357975470142
0.44698364088254705
-1.7549299209025313
-1.5352323643371317
0.5988174740203944
1.6561166008093828
0.38446758435027883
-1.0312523178184516
-0.3578707564662859
1.1417268771946083
0.6188627739550451
-1.7146520927061577
-2.5437198566739636
-0.21107967491533963
2.8679996659463005
3.2813479919077144
0.6178183377890725
-2.334068132116571
-2.8152868537809437
-0.9819149079825842
0.7525168778807294
0.9582999433068485
0.567846042518963
0.6963597038897045
0.7462874589915305
-0.1494582498246496
-1.1813918773515812
-0.9485604699352284
0.3268570880006179
1.0789415178960307
0.49848911712294935
-0.6247642164069468
-1.055956497961959
-0.4791655979200851
0.4867661867491091
1.1280297763937999
0.9820210399166022
-0.0841745366378213
-1.3614283471865007
-1.4804594519201522
-0.04356470424421142
1.428743379939095
1.2241811419002784
-0.18418183454315856
-0.7835484136650028
-0.015422598806165895
0.5456735847833794
-0.17941533026527853
-1.2097738591535487
-1.1063971101097003
0.18687564502414925
1.5754376976329
2.0268558282939444
1.1250271863521701
-0.8560340682566692
-2.666047735970789
-2.6229949290556327
-0.5309885550239293
1.778325753157129
2.626118594323102
1.96816267017644
0.43591620341356613
-1.3432028328278314
-2.344988497625502
-1.7389667369767896
-0.08449620454179058
1.1130979584755836
1.1394328255289814
0.6476506920295285
0.44978055042729537
0.5070487415765662
0.30566780441673713
-0.4696330208469484
-1.6230292025413053
-2.1969272845067955
-1.0964671894567084
1.245981070322974
2.734141998370049
2.0603245144107944
0.2184924319915668
-1.1878462655522464
-1.5969144389271575
-0.931101876254708
0.4071615090957029
0.8097406205175045
-0.5744586112504587
-1.6448578523766666
-0.15382324709883977
2.3751839672130606
2.623811830120526
0.23781296525810344
-2.0365613187640235
-2.186334952520288
-0.8586859765108885
0.33311123194347503
0.8252807137969553
0.9139659068491954
0.6875774761421146
0.13873504890925514
-0.2357158396952568
0.014015070778410682
0.2799349234382161
-0.48017164746635904
-1.7662862707599316
-1.4927717066392505
0.9905983013163409
3.1425979374348985
2.173176930515759
-1.1908283050352646
-3.4582394134633563
-2.324414979927551
1.0196451470943333
3.138016864478029
1.9077879430452898
-0.9726179500585077
-2.0503407561423015
-0.6977303646868815
0.5528310278374822
0.401859221102689
0.32567397567513384
0.9157162723487776
0.3433695839374632
-1.7402338251626022
-2.293160494072852
0.4585911362397508
3.3109156219372853
2.230319571427801
-1.6529289870897377
-3.4671283346228297
-1.2576537794051879
1.7895353870261852
2.1285607553973325
0.3010060878800645
-0.7358636544691503
0.03301158026017243
0.8133378815658933
-0.1544100699937178
-2.173964475764446
-2.654067607233859
-0.07795118536633375
3.5637405669144524
4.304773198764722
0.9164352521948946
-3.1638222050634806
-3.877762759865887
-1.3051336227497639
1.1769264809340862
1.4385425284943787
0.4522307931332303
0.04549474108719074
0.5902395015677863
1.230140329327373
1.053069861813096
-0.4065535196658652
-2.4949350070468337
-3.053798871654444
-0.6595396891383084
2.5636224770338654
2.930734873315544
0.34848991656428
-1.4083884073055843
-0.26104024924366376
1.328319183626143
0.47408786640761896
-1.8154201478523946
-2.546628956143157
-1.0820607926017527
0.727123619625903
1.6283040755061517
2.02321001336489
2.152252200974668
1.0707627016681354
-1.519883862388155
-3.543706042623826
-2.656864684125956
0.28954415588771015
2.120167286157913
1.5268556469263823
0.22532096171977115
-0.05910461979655797
0.28166392778740923
0.16002906260206945
-0.30900788818274477
-0.5226983408612397
-0.7187264482833363
-0.9834337818388594
-0.32266794618756295
1.3376499339447243
1.950483324159507
0.3483695123427189
-1.4368116749351605
-1.1007021492605222
0.4328342067917111
0.6468781258643272
-0.6280651501985887
-1.1106860448665359
0.2635405355714424
1.6443730040595799
1.1552698917346214
-0.37663139109706595
-1.134458651403881
-0.9452928065691515
-0.5204564083460528
0.07424787465316376
0.7614005259648287
0.9644527969323768
0.5949794877466666
0.14750807124015425
-0.29971806671868495
-0.943471733079225
-1.2583647990700304
-0.4068856685368074
1.098418523393209
1.4199981368695906
-0.004829105178804022
-1.2066177099974098
-0.4998982835736437
0.907497025100701
0.9677713553035955
-0.12893182486485277
-0.8865198545434199
-0.8940322932100307
-0.4563254747553209
0.5274142439086899
1.6155934064985806
1.3344321111915014
-0.6661427326238986
-2.2986047972955506
-1.5627079482881479
0.628212763170492
1.7630966223326492
1.1353480478200388
0.22937171747131835
-0.022132690439928097
-0.4414382133823561
-1.4390119787847362
-1.5994508288426525
-0.03152987247119727
1.6122998033106148
1.551185843029658
0.5933787435817953
0.22721033622535028
-0.08760308676697817
-1.3208871210117046
-2.370732685602865
-1.5919246727077292
0.5606841161838105
2.377066518860452
2.956280034140273
1.9459212969569735
-0.7329532329749381
-3.3715540628603415
-3.1918458914574344
-0.2481263569383741
1.9818844435377563
1.4125991814030843
0.05260251685905314
0.3266552376797926
1.2671096695442785
0.4758081062453649
-1.7197962904554598
-2.4705352200881134
-0.5674128122541305
1.6924938506386087
1.6986748513753995
0.0056528530341464
-0.9149427336240288
-0.25711910808820415
0.6473919610066008
0.6993293269551649
0.03823856037889019
-0.8382957516754141
-1.4138002657675741
-1.044081800977707
0.297389064072413
1.5851867322490247
1.7836942599290047
0.8679248497937648
-0.44610360560187484
-1.4033213313406891
-1.564052435227746
-0.964184385516633
-0.021336964853301506
0.8436630171026187
1.3801051468200174
1.3595106895611726
0.6630301275380973
-0.37035370130326234
-1.1141687329699141
-1.32591019230029
-1.1932038668691765
-0.6541084691230817
0.5661893797738545
1.887533699020737
1.8502797917704588
0.1859989786662296
-1.1329594641722007
-0.5816416725650071
0.3736778286873345
-0.3794660998601374
-1.9737677453193587
-1.7091725417711972
0.9435850813108955
3.3453447304255683
2.744779211632618
-0.41303581276378504
-2.9193235658207484
-2.5455429828692977
-0.2186083426120683
1.6729153696426808
1.7522040428257033
0.3757006844574577
-0.9800877489112008
-1.0657149180776622
-0.053930621615563175
0.7548999000307428
0.4284881203573407
-0.5102831981025023
-0.6020028709595359
0.5636678725187022
1.3120252835686923
0.10534806906132135
-1.6799793350719037
-1.3720329084699303
0.7570179165813037
1.6357228156876782
0.14721455612249898
-1.2033409623172735
-0.36946788783201945
1.1208355571966044
0.8052732432537782
-0.7784348354766565
-1.0541813659805992
0.4041195926465575
1.156641498746594
-0.24095075114272502
-1.9014306379528427
-1.2935677169104027
1.1954412750721795
2.79351995970202
1.8204040255217215
-0.6782283469642886
-2.5930411477613218
-2.7173837291933234
-1.023764509537689
1.5619344225253657
3.2645776340578547
2.543102165139818
-0.17698324697193646
-2.453651139456669
-2.357258090192384
-0.7282661039770792
0.22891118736384647
0.21892505803196624
0.7514039080184819
1.8539712058728621
1.6203126832778545
-0.3400908365729895
-1.8479180470991396
-1.5303780421644493
-0.47535513322576967
0.3181315555826149
1.1020257286836999
1.3746758978652196
0.12499176923482798
-1.4353388353495866
-0.9698124774377661
0.8699785905498028
1.1071267047301978
-0.5912661027288668
-1.3079488974243882
0.24445734670490257
1.5977419140069395
0.48761071419570046
-1.5296881839792837
-1.356681872726217
0.9093898730602914
1.9279537313933501
0.09350084930040578
-1.8767214432972734
-0.9828867475849401
1.4178160869231156
1.7152164499840432
-0.43432685176402747
-1.9364650460580692
-1.0907089619427757
0.6114708781616147
1.363587771972841
0.9701780126040797
0.0020580168284754074
-0.8519337124698303
-0.76931906598372
0.2865291387603209
0.9431439146739168
0.0909048896131584
-1.2542676094572498
-1.2194742154377172
0.22641318850112066
1.3196625669558992
0.9745832044739032
0.011812952831498316
-0.20233659113881763
0.2754004489933217
0.0772904430952764
-1.1748823209041463
-1.8063908224213518
-0.41366989542734406
1.683767333626516
1.9624334981429798
0.3226562116917785
-0.7873182807416446
-0.2321350650115336
0.1517709127006917
-0.9912851017335097
-1.8040693188263175
-0.23449094085477404
2.015865905911802
1.7265547350697867
-0.5118075923816051
-0.9805282560536629
0.9848915392682144
1.617635084546647
-1.1342426701229618
-3.831083546702413
-2.3361643947466395
2.069150331367862
4.244703536645264
2.006407663658976
-1.3608497720404196
-1.989803178532896
-0.45825062322607385
0.07654403883444218
-0.9080842814550403
-1.0944921619657928
0.39247626408526715
1.8328516223807936
1.824336960293007
0.6479474390495799
-0.8589757556814738
-1.8597300667882406
-1.640926267275117
-0.39472196938993204
0.8443792780125825
1.4704421934806293
1.5220783575024126
0.7122658477278686
-1.0867427974610016
-2.370889056120972
-1.252796677871074
1.3750105476031842
2.254013761150052
0.1919808058228538
-1.998621844666391
-1.3626516480640167
1.0654382728962688
2.073341783104651
0.9896357809172488
-0.25500754508598894
-0.9441218473888207
-1.9341106903576872
-2.5008138832176807
-0.6735614618826513
2.7477104900230795
4.023478585964647
1.5275927430004328
-1.8302672883178805
-2.6072846159099674
-0.9897607480139676
0.4286172923787626
0.2614872350044648
-0.6447642420725753
-0.7650399938348066
0.48607162466571585
2.14578915883195
2.3693509370175527
0.37690288128241195
-2.166440279958529
-2.7332424171291074
-1.077006941708185
0.5680742189958284
0.805818602364916
0.7314532288023526
1.3380058233206884
1.4502827181175708
-0.02056281888408817
-1.6516375619362722
-1.5271592703730494
-0.3551767283426561
-0.19340860426292414
-0.7832510896147044
0.1410285725321928
2.6189012237192997
3.374053932115244
0.4737150167560387
-3.200218347732364
-3.536745819246191
-0.8586255681877035
0.9739492199150848
0.6113688732816955
0.6550958257240426
2.311212404589496
2.7160174545321616
-0.20053134822426846
-3.6276092447675423
-3.5339799757246135
-0.21201784689863837
2.479900175798353
2.2021142006082597
0.22087969351013098
-1.0998084631525236
-0.942660987691722
-0.03550945225196286
0.6066972778974743
0.6405714393414772
0.5395638042815295
0.46495079093183034
-0.42705145171508285
-2.071550980808502
-2.2471888357879144
0.18818795416702222
2.60289322303803
2.18173249968701
0.15095471744646344
-0.6349658003793714
-0.20506112365967713
-0.5184502620864856
-1.5607388436796141
-1.3941238578390822
0.3553537677223326
1.676234768519299
1.2531350781766486
0.20029768043384016
-0.10984614230514916
-0.044265677733001434
-0.48864479118586746
-1.142089417923124
-1.0330567748084345
0.11328859680339252
1.4366206596614302
1.5759952147972973
0.18028656462398868
-1.262980321870793
-1.1931223123323762
-0.15051754565477607
0.3203163839917345
0.17536867489303337
0.4407387953520238
0.9907381394069408
0.6852215179605397
-0.5465960897994147
-1.4039118762005662
-1.0743335942005863
-0.15969964707492637
0.43619730631299825
0.6455640896549465
0.9370419231076871
1.225106245934878
0.6480219598071805
-0.9921460639374828
-2.172563813013643
-1.390965482486586
0.5008103113251522
1.3360894639443406
0.6197958414323618
-0.14382145091579396
0.10747135828919102
0.6989757063536692
0.5180193506795377
-0.4704366308517264
-1.330554725534871
-1.140250013229908
0.15865332890943246
1.3888955462742474
1.1069657581891676
-0.43734486370217923
-1.3077827103992161
-0.5610850662441436
0.5594425138812109
0.8208233066713729
0.5238208200732086
0.20542994925814828
-0.19576247025351365
-0.5064366658134
-0.4349701850581651
-0.34882609025957495
-0.4251361611300952
0.07127956795419899
1.1545419957299052
1.2153627071508941
-0.47119472627765685
-1.926539588665043
-1.1767452078996592
0.7822237430888663
1.7907105193031863
1.5151910632607875
0.589035304145618
-0.9568690844964435
-2.3778755370587903
-1.9939282634057627
0.04939103919844976
1.5773503113110008
1.6742168559338977
1.2666022837230606
0.6322066745779711
-0.6895402412792108
-1.9928155862654897
-1.8998218531776008
-0.36821806377385097
1.2939240497983604
1.917104942232027
1.1986592671195462
-0.3063734952836133
-1.3410575608614517
-0.9365232828583705
0.2450542429394379
0.5410062813842507
-0.306040686565016
-0.7432114908162283
0.01699838170164017
0.7752131861761058
0.5726668345692866
0.20905802323856856
0.4220592731646961
0.39476636154713013
-0.661661738146716
-1.7955371660946067
-1.410649753598072
0.44256991150625846
1.8412397841515513
1.3793494849798336
0.020664955254608805
-0.4555448676763855
-0.09599809260603608
-0.20086892514612445
-0.8069876902850172
-0.7735552483775756
0.05502046602573782
0.636080918608716
0.4540464929084289
0.07801639367049847
0.02579073018079324
0.00627497077061476
-0.29024657495746853
-0.2723744030131493
0.5565779991281576
1.1256839662721376
0.13865031367346115
-1.4691799910517314
-1.5968712852716422
-0.15951024990544266
0.9681707315460808
0.8860449127161545
0.5045512498496536
0.48435390041588644
0.21604865518942915
-0.6347637673937618
-1.0524493883465205
-0.22143441784095916
0.7027387808712586
-0.011436446051666436
-1.550010864282575
-1.065368072805794
1.7467656678484034
3.3187503402296703
1.3165973165843643
-1.7788669030186193
-2.5817082735132013
-1.5395558810281929
-0.8807808091882583
-0.25798106432178114
1.8020411667713023
3.6937079856746027
2.428367379436136
-1.1317869894712957
-3.1155675482673173
-2.274789874204394
-0.8111330953846476
-0.2019055173194547
0.30497069573230073
1.4191860631919895
2.49888712110644
2.3973044214485375
0.5516126643280591
-2.255259169443565
-3.831644569339047
-2.4091578958498547
0.8967819296611467
2.804624702288817
1.8153269246233736
-0.08815896990541544
-0.6084429810123835
-0.1317700556973024
-0.14990609780209121
-0.4808517457361504
-0.07937936013667327
0.4995857030385878
-0.16783382504135613
-1.391390153756897
-0.7647895061242361
1.666238246904772
2.4871245686256716
-0.022412320463230058
-2.6704927214690914
-1.8171421560084908
1.2306442762747625
2.341416372267419
0.5499976092611852
-1.264880889547168
-1.1084885677924214
-0.14904737284092567
0.15062976537667183
0.26383018787573187
0.6351222690588544
0.19881368778082367
-1.052522656762767
-0.7603467562936408
1.6827093354810565
2.6604375132142786
-0.31542719554413956
-3.74440966917341
-2.908200087809103
1.0730896171949977
3.1800091205185015
1.5879951149522666
-0.8116599754493188
-1.022575531954736
0.5219953667497609
1.1046126476509337
-0.6112617766200281
-2.5772586456746764
-1.7560106599138061
1.443344079549375
3.0393765289223698
0.9126976054077944
-1.914850205067095
-1.586757204547152
1.038737807731531
2.0507731399320925
0.31931604444939937
-1.6250257561571997
-1.8740427899884609
-0.9445436370071485
0.3837729906658274
1.7394324092863378
2.013320221546364
0.5441776204889063
-1.1936175551741006
-1.4493947121438746
-0.5980745234962931
0.011639568756082625
0.16537799601493475
0.4323014828361232
0.7801471558938613
0.5523433476610878
-0.37983271711156086
-1.0323684162424471
-0.42647302883135263
0.8376069993809988
1.0318993318599436
-0.34809189858279893
-1.5487885633732568
-0.7414712589061434
1.220378407093507
1.6900185444273772
0.05845279293126487
-1.3084672588842836
-0.8080624466268552
0.18805920503348977
0.24363650593658237
0.16806527549459996
0.6434509893697535
0.48391731782204866
-0.7443213484690062
-1.1906643519414075
0.1557867703660788
1.3627225796873086
0.5758638933587619
-1.0579826478554062
-1.370261868482738
-0.20114026176702274
1.1342029914709528
1.6917939442199064
1.040053814323089
-0.7146599730598859
-2.217237075259617
-1.8172081020558561
0.22912852687342475
1.8349586562008147
1.5866222316299785
0.18020425562425446
-0.7580834418958151
-0.647070174032198
-0.34012455460117197
-0.512928805787674
-0.4591453727461527
0.5465873345717345
1.5379225829281205
1.0662196689624766
-0.5585770371161843
-1.6964946173090785
-1.3787738538219765
0.09152665654141763
1.6336812875023003
1.8430095612607642
0.10860571092785705
-2.0257186737299406
-1.938192973930727
0.5739441507313537
2.3445491550648994
0.9471382575659508
-1.763932007776353
-2.164566927984573
0.2784376943610144
2.5481117149880967
2.015208536953995
-0.5352504984002869
-2.1992328261564538
-1.5837700285103091
-0.05981477704257626
0.6148702408215118
0.5254761959462053
0.6527261403872555
0.8382212944784168
0.2612635235084146
-0.628372485071343
-0.6789318702205874
-0.1936596948835393
-0.2353884606531632
-0.3561345753450143
0.41876331454982757
1.1433328236665974
0.24819243434292462
-1.370211029075907
-1.2618556031146444
0.7771726495522998
2.157179564199835
1.0437643279092415
-1.2385802439842812
-2.0289628194985316
-0.7087611027618546
0.7405273038664202
0.6962418051209753
0.11260918596123591
0.537010947866344
1.1798791030582292
0.16362836433533107
-1.926396457694578
-2.2714120447558197
0.061888257639463484
2.3988614644727733
1.9335606208438518
-0.5163917742576575
-1.691233642362413
-0.32339905876868075
1.1724327036593045
0.23011684299127222
-1.8519127499264254
-1.5848925259987448
1.2764528877975159
2.9965639804250817
1.4215390973955433
-1.0647015998519653
-1.8509196872723708
-1.689860560167156
-1.6000586888867732
-0.23744594371327385
2.5953765874320633
3.7093174111148084
1.09153660806041
-2.3877802415132647
-2.839297833003123
-0.6708219379629031
0.8171321093511764
0.5682275026635684
0.30130895392178725
0.7132021486189722
0.5177326369394699
-0.7112381451478991
-1.4213199231305957
-0.35100496860388
1.4402293838403397
1.634964221089182
-0.204397308449703
-1.6151430667770565
-0.6378357995473853
0.9456305772689048
0.2611992585105725
-1.6694505122896357
-1.2228669999250938
1.6119795445320615
2.73328186055559
0.5645517385277098
-1.496370920171498
-0.9482577230945844
0.10923821788778715
-0.5374508591385084
-1.221149798950457
0.1462039633104695
1.8817724353898093
1.1308242989717627
-1.295131423208027
-1.858413773304481
0.5142689567912007
2.771418789291781
1.8135101219089946
-1.4949368955334994
-3.4935256548060116
-2.065944383875563
1.1608000372783522
2.8324985847186164
1.6160333421041428
-0.5989007686521121
-1.4062487662448528
-0.6734362602609748
0.2206957648019793
0.6231621143668904
0.694650499827458
0.2950578240453783
-0.663354896430244
-1.370676758060239
-0.9342588923599341
0.37615494975112235
1.4109655873560976
1.220521920744903
-0.07762375250682729
-1.0560431471360214
-0.48131685738720503
0.7258376379604152
0.6698040005059305
-0.5009112626361355
-0.9665695845907963
-0.3480097227135752
0.06422548945633362
-0.039107222904434226
0.30035772563044816
1.0104899575183275
0.8976063939359933
-0.10763312327593376
-0.8227742592091571
-0.8127714558606237
-0.5494485815588259
-0.04701439201062307
0.689665545017218
0.6781712209192329
-0.4128037971027242
-0.8235460079168335
0.6043595133826083
1.7863653310191057
0.40900420065856563
-1.9294405887585564
-1.9245629332206662
0.26767188971518224
1.5054536826464202
0.6345641291255999
-0.32664509458689056
0.050566493398825955
0.5677157273018482
-0.08849079981566663
-0.8841194000099752
-0.1930671063978937
0.9708861229564407
0.11645780481385497
-2.16933401666283
-2.196857041103294
1.0930125232715304
3.8623318369405544
2.7461342616492863
-0.5331771638732242
-2.207273442162246
-1.7608713317880385
-1.3850891965170957
-1.5159138634090796
-0.28821269569856195
2.455029587472329
3.807005049838752
1.7721428439940987
-1.7534440164789804
-3.4827820617228458
-2.3878237402173115
0.2332366673359293
2.4631525204834532
2.7363089119156196
0.8156773872832503
-1.6095114197181748
-2.397736216456259
-1.2028523510225433
0.3769704198885067
0.8489219366229991
0.49534743209180776
0.6739284562095206
1.6034754825012434
1.5819130914518729
-0.7193458259329296
-3.5187036014604316
-3.347224451033842
0.14644596333826065
3.086289504386166
2.490495709929784
0.1683482961131568
-0.5031307104560051
0.44406117240054577
0.41948972451640787
-1.2660096941840782
-2.495157799980229
-1.5920068488107755
0.4820332565642037
1.6699027597864955
1.6090947170888177
1.5351756100833385
1.4014054037814825
-0.3412019572827329
-3.0017480316115037
-3.1716330704862106
-0.06269743090614976
2.33918783712518
1.1633899486942454
-0.781370485697847
0.1877478362810251
2.2613554890794365
1.1960123640819975
-2.202575072416687
-3.033167017770513
-0.14483661369769385
2.2200864937165092
1.1581028373712614
-1.0617602088014415
-1.3080144483334104
-0.1064549906684992
0.3579288944310466
0.1919000691981606
0.935442645965297
2.1014493182351153
1.4808685467551823
-1.2267775905822218
-3.372851819326695
-2.63685216882896
-0.036711502890424554
1.5300427109143673
1.3047285678174028
1.2203541002577674
1.913974883780292
1.2274066462654367
-1.53008650340082
-3.2745797596673767
-1.7378138639421048
0.8127682304485274
1.2963700271012712
0.46315916015376973
0.6458327236498164
1.2223709723643055
0.20376984354922853
-1.4020226737687385
-1.1991649785926644
0.09334841497738061
0.16779187304614512
-0.5085747965446068
-0.03243524811323335
1.093993069002764
1.1077013585232043
0.15787803265952835
-0.5039828523367014
-0.7368669065174148
-0.8093172864042409
-0.29161824050706586
0.6928881660761808
0.89295226809339
-0.03485972930654491
-0.6768597389355716
-0.20741498132591557
0.2680336574741794
-0.08603809498723872
-0.2684841288556573
0.4330745602453101
0.7713205123124812
-0.12468745458085297
-0.7598989837974965
0.0921619260313537
0.8105876852871451
-0.29082528437777744
-1.6343620887440522
-0.8682657381373309
1.168926427128737
1.8667834522139914
0.6666920024149494
-0.7870792638145456
-1.1232529297966334
-0.41744314377960684
0.3890429030640738
0.48340065443308217
-0.1169401879728321
-0.5871671669930737
-0.2440661270941031
0.5088487336109723
0.7162071886434297
0.24681105411363477
-0.25225613124617285
-0.4758470534834196
-0.45629426941485995
-0.01602591221317186
0.6214117260672808
0.4638405205792696
-0.6971203021894162
-1.2589352001895775
0.008912018757926396
1.683579780877699
1.5596897981932392
-0.20423045048885233
-1.6721403056694009
-1.6669180173214813
-0.39245899798618444
1.1862889373767187
1.8761995792088122
1.1331452175440222
-0.3954744552291729
-1.5484337587364978
-1.6704684675295285
-0.895043350730245
0.2777202127759193
1.3455505547892108
1.7686398761119637
1.2089042679549262
0.06436403029232828
-0.8461112355953716
-1.2745503743134323
-1.5812969373626555
-1.655831898554198
-0.6053677603718639
1.7405758261564646
3.573821822973323
2.7471253612087154
-0.29622983969328304
-2.7008117386596937
-2.6814118524748185
-1.4136413780908172
-0.6835724158276916
-0.06798751547530626
1.7688933040488337
3.7229602666346024
2.9261705797020134
-0.7027353971880106
-3.4471929742939964
-2.7657529390308375
-0.6110723659592409
0.09070725806228391
-0.21792627016325303
0.7184161484259476
2.740589989520689
3.160154682884886
0.6714217117576269
-2.5708718166142135
-3.616722423102115
-2.1017149172857907
0.23787124543442661
2.0097079733908014
2.546345537499821
1.3233035179167107
-1.0274594084544777
-2.1843618534696256
-0.6430415505190369
1.807087036431227
2.020752911532446
-0.3673281895093151
-2.581266585923494
-2.38098455073747
-0.4026511816188045
1.345580898380061
1.965723090591189
1.922113721988392
1.4451422826627212
0.009560131902489083
-2.137556888889005
-3.21913679453517
-1.8783149888375605
0.8234806643397405
2.487648533719395
2.0581725398094326
0.4752562344895898
-0.8701805254199124
-1.2430656257390313
-0.5878802224770495
0.4453483898925953
0.8585368575697131
0.34168624739465336
-0.5312365504485808
-1.159964769113718
-1.1558038646702908
-0.1500870853399012
1.46929547611568
2.167117444196503
0.9490874742079244
-1.0097203827125971
-1.7379025696638783
-1.0166940274905192
-0.17014602764915743
0.2335087846689237
0.733909095169358
1.1951204959313335
0.7011920568463906
-0.5052636566872719
-1.0200379178014116
-0.572020257971086
-0.2681769078052481
-0.3025038422225531
0.3387699640433023
1.508490835042155
1.5211946786325723
-0.12907061493753394
-1.70418039535267
-1.7511058633818615
-0.8215711596169037
0.15949272705696776
1.1953264295584693
1.9492333840161404
1.3395113537412804
-0.43255497740514326
-1.45423479866413
-0.9054937220666868
-0.3195852597504444
-0.7356228772036804
-0.7499445163437266
0.8160893477947447
2.3665941829197696
1.7843462237995418
-0.42367761955013145
-2.1009975016900624
-2.0614812996419483
-0.5213989283467062
1.3719976622263745
1.889464397546163
0.4796599469148492
-1.0309248403289355
-0.8512810747088739
0.2585466853917144
0.6508736095441251
0.23124732383573524
-0.358559468062524
-1.0425021139249322
-1.4013260528151565
-0.3178697671323727
2.038804824132044
3.2754717299841096
1.4512618712870624
-1.975058382688474
-3.5517171981140385
-2.0872015942498305
0.2686736948251971
1.4185566134680283
1.5973620925011318
1.544727254019673
0.9124727349988542
-0.31013846591932015
-1.0932720734746457
-1.1281823285092567
-1.2331711768094467
-1.406887288018231
-0.4738407013617344
1.7041005474948423
3.2610035719311052
2.4095031355864456
-0.4009525319470412
-2.990489631441841
-3.420598758308482
-1.3100595316505328
1.724366187518277
2.945122850503769
1.2759433346032474
-0.9916267347839205
-1.080360852588159
0.33328590464062224
0.5917750295931005
-0.48490802403897154
-0.9441058547072158
-0.4725443670069728
-0.16364016501879314
0.2371133113328574
1.2829566135131654
1.5809889894202918
-0.08105941493871488
-1.9417930851717469
-1.5317827964751412
0.5473578978762916
1.5633897310009106
0.5106728965131432
-0.958115812598933
-1.0492987166920802
0.14405627134464918
1.1450412054566457
0.9558973953401558
0.08552466657992357
-0.477865271919437
-0.769427617588242
-1.2468086534020921
-1.226032141431527
0.28638548293291727
2.3520508456650324
2.641944482046607
0.49472100924864404
-2.0763937911492722
-2.7537749525970527
-1.27092888535056
0.7934401396224421
1.8042608484930422
1.3451625375979266
0.17506248246561681
-0.6863913446438553
-0.8445313421949145
-0.4789223353926985
0.2671730713787575
0.9728242961275109
0.5836487165438986
-0.9344828242391727
-1.5926424704827438
-0.2505707429078927
1.1664522741160384
0.776803378560492
-0.1367072434049374
0.2753194274942254
0.9825528287035257
0.07171586876019051
-1.56538609801356
-1.5196909416998599
0.2119164561692693
1.3482578121058963
0.7246155875357249
-0.6037553630342097
-1.118671422153376
-0.30505380465332693
1.1502116188009077
1.8859748644495402
0.9174490086243346
-1.2560295055768482
-2.5846188267840198
-1.4418550864400224
0.9888644578131223
1.8013072031978843
0.37283779899675984
-0.7532316984558715
0.20516030132779442
1.6212114190811278
1.0263551016828028
-1.2822246164375275
-2.7905168021562683
-2.0704352675765327
0.06266270559575844
2.193363084365453
3.321413718771422
2.499970046666121
-0.437859083061102
-3.5598522863166044
-4.103887292932634
-1.49731873169537
2.0338175957014575
3.780501211212108
2.7412028143165243
0.10851023684255517
-1.8577211340486455
-1.9900418530424238
-1.2089718278002028
-0.8154160561389168
-0.5585285347722502
0.5886557287373597
2.373718304874308
3.0215475703410566
1.1295604869604987
-2.272791559413451
-3.9502338238923653
-1.8618642423214409
1.817298750038311
2.9417460138849
0.7958659252484234
-1.1997372681772611
-0.807013359136608
0.08316384629977852
-0.4401455286169103
-0.6778852744423793
1.0037067796765848
2.1366679082643123
0.1254655585391003
-2.517069219998212
-1.7406945427861245
1.3524215313051635
2.219846209948586
-0.016206128087804292
-1.7698385759617479
-0.9612647696130856
0.49659767149170114
0.7826649136183516
0.770995947323146
1.1378472786942018
0.42607254588245586
-1.8667563888014813
-3.0489695804409673
-0.7617906996160959
2.8253086097709805
3.2857509231975013
0.1403066299302065
-2.3353773003162677
-1.419139037003574
0.39968734812615897
0.14456742162314123
-0.8438301109073647
0.053959743598224225
1.8503537552505835
1.6224836581417617
-0.6817615386290206
-2.1815883491391985
-1.1733165959501155
0.8993820817737206
1.6001261972665013
0.3573109635694361
-1.047294032673694
-0.7039724585586031
0.6896049793588095
0.6171095052999757
-1.0119780726540752
-1.1347160146658384
1.2094920295323748
2.4505242699608543
0.09129197665995138
-2.722770707443093
-1.8567012631474986
1.229713213518118
1.8398030316553744
-0.4455866176776334
-1.3876239034821813
0.7675427417790155
2.4700534639334575
0.6541303268265747
-2.4269849492292948
-2.7149580184910596
-0.28536724927189017
1.5056099558771996
1.475245613726869
1.2321559623090832
0.9797617240404448
-0.6851151941946771
-2.7872524027167214
-2.3628138976426194
0.7151832992090095
3.049811553712929
2.334547443206789
-0.15844033182383527
-2.0122155044125356
-2.2552182495307007
-1.0787998050426009
0.9283944309538555
2.3896540163742723
1.7003216527748477
-0.7899375500747827
-2.3062385408225556
-0.8116344734128305
1.8963809428376308
2.0305527833242203
-0.9838013365383653
-3.2305048364281497
-1.5233321309134704
2.005630752666699
2.853614256353395
0.5419728103466877
-1.1133848640439163
-0.2098397204412076
0.5712469056847063
-0.9606014777624974
-2.5530083320217294
-1.2435551278658128
1.875227687917875
3.2667058886063565
1.5649453858531943
-1.2670621881246407
-2.432622600538362
-1.0078737878120048
1.240507218902159
1.5733798519425586
-0.48969735124399755
-2.2157049828579365
-1.191822621055839
1.2271997635073122
1.9879252788253234
0.7829532281290705
-0.11811717123690425
0.1354304838715166
0.02827696981860357
-1.0716043503399424
-1.649214031160002
-0.8956685226735468
0.022772631595743872
0.4934597457132465
1.3164168147870703
2.268987862005184
1.7389959478063548
-0.5385347205441132
-2.6742955249602867
-2.8723055347584077
-1.0894403367626952
1.2557629804160226
2.43231675899672
1.78840464419929
0.16922185674942905
-1.3509647030172196
-2.1682075334295288
-1.3601654199464326
1.460762381443742
3.8300032124442116
2.174327907187462
-2.6834580500975624
-5.129060808834914
-2.0221344888668065
2.7827953058302763
3.8612766062636874
1.251852318892274
-1.0961454023839143
-1.336311948365488
-0.6684251116323413
-0.14605387987052787
0.10143549617163133
-0.26849349654145427
-0.9125267290444906
-0.13582365849480488
2.2227747833875044
3.069495769942069
0.2222694186118989
-3.5982954401306975
-4.022126655550787
-0.7070783247213884
2.76758364047766
3.4601521015544803
1.5818353459220966
-0.8098541452579691
-2.0317805567199096
-1.66542906205706
-0.3943469575056481
0.5723515775514635
0.5582828988160219
0.11242214560775886
0.1461468160570298
0.6361433675346169
0.850698812812483
0.4033599309009717
-0.6039899980971795
-1.7480305745416913
-1.920047892338603
-0.11630116922530535
2.423801365274965
2.709416417242864
0.0743245289776669
-2.2605734025207243
-1.5012465853549823
0.731122394073439
0.9643272817061984
-0.8190992218962525
-1.2825498408892355
0.7736886571915339
2.215435465744247
0.569848263029671
-1.7593349116328556
-1.2617603121451533
1.0006172954504182
1.2475292227582073
-0.8237589771060231
-1.767352838894324
-0.12772759853483617
1.4655019924378403
0.861877569525781
-0.3470838527228685
0.009519772428263906
0.9033225040644401
0.13044309065942944
-1.6145426487923284
-1.7804583059758237
-0.17747914253081726
1.0136286217218031
1.0499835552218104
1.2302055500824796
1.5532939240406511
0.14477239355192956
-2.752079995300325
-3.48770150872699
-0.24415316754678795
3.3028772441947605
2.8785067919114065
-0.38777695666536727
-2.277588799574159
-1.3964628174851657
0.3943726891798472
1.4172329646758153
1.2904032123285434
-0.027399470425127415
-1.8752116553175164
-2.2473544494188054
0.049688162156775746
2.764071205263682
2.4890272223860754
-0.35794678072955444
-2.104325644694925
-1.3771928739556643
-0.23836725430653827
0.14217414224455785
0.5897252417861147
0.8854864990922953
0.15240090097021422
-0.3187099344038837
0.7989130344864731
1.2860467983913098
-1.1089310643986157
-3.4304175682764058
-1.4427346633729814
2.740683624616393
3.1873447449855
-0.36255936362517077
-2.1570031678216797
0.03262667427785614
1.838164680938509
0.20011947998350083
-2.036396207127296
-1.5979318560666367
0.3509836612507998
1.081871013018452
0.389146605801433
-0.1261623942802894
0.2835679781273003
0.9604153291637274
0.8969867355959599
-0.34328860165990105
-1.947880989187655
-2.0145247990269355
0.252577612945898
2.604639888082782
2.0139362569302093
-1.0278710295454343
-2.73410784804574
-1.0720156256570474
1.5283168415791846
1.7887759049362733
0.16250220766210083
-0.5310490587230027
0.14088112336122494
0.10187125896267803
-1.0967568316692309
-1.493259040153178
-0.18023532219450886
1.3077163825641076
1.4540139100982397
0.6020593051728338
-0.13722900187954762
-0.4195708275106539
-0.5259390040077165
-0.6613977810969031
-0.8484791050706932
-0.7952401950848789
0.08316148268529701
1.637062772486226
2.3685311923360968
1.0164696040807408
-1.4893787675155936
-2.7664697384488184
-1.6217975103604882
0.7659507102885721
2.1357926024949085
1.3055217996899846
-0.5716732882744792
-1.1585570467013413
0.08346199996395562
1.048176063082407
0.06611479844370707
-1.5124751253283104
-1.2413530900741696
0.7987635567539201
1.9820990379141972
0.796116227590449
-1.163294080514278
-1.6620065141594942
-0.630062343476041
0.5890557902635373
1.1452767405984419
0.9292012120919798
0.33101280448814857
0.023046611964532122
-0.06507208799564328
-0.7921357889114432
-1.8494450573817922
-1.449171780133774
0.7243503160772389
2.288980525547809
1.4958951200148034
-0.21769156751709187
-0.7190216842910564
-0.28156474948092597
-0.3260091259417192
-0.7568534533945724
-0.5404927430351696
0.2122489544164987
0.5315215662024144
0.37526965701318915
0.604044308761095
1.1290315177031909
0.5329277107660898
-1.5357094022820883
-2.8676819384761556
-1.356366925492544
1.6977918996895776
3.0297801435899663
1.6291470036002744
-0.5792579932011102
-1.817499801440405
-1.8886945539773043
-0.821392426583161
1.190230787863793
2.3967629868034512
0.9784015190002285
-1.6861720952687353
-2.215413944838596
-0.1464029602863694
1.489105360296039
1.0024701936833573
0.04804592033098567
0.07761292779806642
0.11859783198587605
-0.8526097608401475
-1.727273628257381
-0.7294110292688244
1.6859153957881705
2.658023550591097
0.625932452766266
-1.9709825854497158
-1.9051171889333312
0.07209790028015878
0.6834988690501647
-0.40362358863811126
-0.2447265104477567
1.7825876122397275
2.196096596723214
-0.6431225432500989
-2.9987644524831225
-1.5349567834777198
1.2789394830011582
1.385779844221068
-0.5080255412079034
-0.7871456518312964
0.9528984064613373
1.647181473050242
0.0845979800560516
-1.3519641137253298
-0.9701060156114433
-0.1345897733164862
-0.034309121702581144
0.2571081925120815
0.9548123392276742
0.5334942897949077
-0.9515467015597634
-1.2169271201203993
0.29435820126744894
1.2989016591312619
0.4470507092709647
-0.7613645800392371
-0.5268965178972271
0.7962507146238261
1.2965347976901143
-0.17566959485921693
-2.293305104583952
-2.2316760818958614
0.6936216265606845
3.2467936536138557
2.165257397433086
-1.0961746507609187
-2.456627997575882
-1.1961970778857005
-0.10484723623521792
-0.054130895282587764
1.0675409382990968
3.154132573704676
2.5240141547573653
-1.6808551297503806
-4.519966626012794
-2.4842038406479894
0.9211368346849736
1.2236714372374564
-0.0009414263749472455
0.9291263501120246
2.9266527144020418
2.394367140068541
-0.5294218910115611
-2.6455978776031865
-2.653760680408153
-1.7850336558711644
-0.9516737066543471
0.15450488370813456
1.8575584183042086
3.4271159404171736
3.1859354621785156
0.4260903211218888
-2.821096462538888
-3.5970913441631938
-1.6884708784884837
0.3749656880816296
1.0425418138121239
1.1660068133986843
1.310940021667417
0.5623426796322548
-0.8345142857267012
-0.8591655620023043
0.6122600106597347
0.9421013272867822
-0.663483430756907
-1.4835622584393693
-0.1769222192248471
0.8257409744846073
-0.028202580004134878
-0.6999259548165908
0.2809128070183614
1.10194659843451
0.3238141012425073
-0.4237920848157669
0.3090451733896701
0.8813876378222528
-0.47876953441917247
-2.158526648267353
-1.5637076527924592
0.737114246131108
2.1000703050686953
1.5094175597402493
-0.030147726790275036
-1.2612789594595417
-1.3063237005465136
-0.0414665689727602
1.2214093318174317
0.8919197442222178
-0.560722843956805
-1.1493593777822568
-0.48264755164636075
0.005465213671748128
0.057065488270863156
0.7935435242094543
1.7587404167222798
1.0643421024203303
-1.1534331422119357
-2.355395731984782
-1.238303318314452
0.5210836766987248
0.9759901817621991
0.5406223900503769
0.5267409856174835
0.5495759000406748
-0.40926377197940883
-1.319944062555162
-0.2735311812860893
1.927943139160508
2.1745288111438676
-0.5916813891204065
-3.601156819823583
-3.4205980078835414
0.1516662631867963
3.6616579428006397
3.6008160640025397
0.44455845983573683
-2.042540417180995
-1.6622311306557427
-0.021637980546583734
0.4163423007637272
-0.5323541872721853
-1.204199986624333
-0.3276866789707617
1.5361229830486556
2.3280840302306847
0.7695165465791689
-1.56197386702641
-1.9193327000052178
-0.27513996722656003
0.7947502438906732
0.2713171724385159
-0.21924189187276072
0.19028400021476863
0.29229838634793875
-0.39156525991464847
-0.4472527885844504
0.6487542158172247
1.1998954842880347
0.17640287534678262
-1.017884902257396
-1.08915414329656
-0.5767791524337181
0.06795635653116228
1.1047074351285853
1.5213394487906313
-0.02061625536825679
-1.9314919130426247
-1.3168354457862406
1.162234713193681
2.0850840702168947
0.551447584996318
-1.125396177129066
-1.355679722339129
-0.6775842634673038
0.0780605624768024
0.5708140845544799
0.49693139093458355
0.06328475631454727
0.22078796747202595
1.0918159827792617
1.2033416873461757
-0.3799559675384768
-2.3997640883355573
-2.932375410840883
-1.3057903938606834
1.651069672696789
3.8092597056601445
3.0339861867295705
-0.011030264537785356
-1.9675873546159728
-1.4980285749112756
-1.1926202586374661
-2.3393160797539205
-1.768624336099014
2.161773958976699
4.919765626573074
2.3801476666154944
-2.1003761148640403
-2.868863777618277
-0.603091433260288
0.10392395928291331
-1.0460834645649193
-0.4725514225282761
2.0674903645315013
2.8178027022630068
0.5332584911841177
-1.773047934113032
-2.04432326959655
-1.3918229981895938
-0.6507055247766631
0.8957892194659234
2.6738144313045407
2.4415467712400067
-0.2253431765599541
-2.637397002314477
-2.2051751284081234
0.3018772503790708
1.5936585686735933
0.05623900200591875
-1.722121581310938
-0.35993448383519766
2.771234948649703
2.731919921345229
-1.379495255684499
-4.044781305121374
-1.1143753104977645
3.570785101833177
3.318321373131026
-1.7608179693884594
-4.870013724810221
-2.099489610726849
2.5847818730577097
3.599362883794275
1.2452353804118872
-0.3726581914218719
-0.28924413275897926
-0.8957592650308928
-2.3088114176066945
-1.736196442559974
1.0638684693156422
2.5303123114544417
0.855733312270064
-1.240126021084796
-0.9178255490054783
0.7565587597014555
1.038378997949785
