Theta
5.326971873511378e-05
0.0004970587562357833
0.002242256577644388
0.00659612347776638
0.014411075869984753
0.025233270984650873
0.03719333751296908
0.047428616410573006
0.05225970910857842
0.047051151239235985
0.026586323442924168
-0.013524915554456231
-0.07480416400779498
-0.15388608097215906
-0.24109990092460531
-0.3203688345234989
-0.3710153746773516
-0.3714058287108955
-0.3036727668565368
-0.15843429037363446
0.06140711197752784
0.3383492101969892
0.6399831604843277
0.9214427939048209
1.1311015551139747
1.2189158321304552
1.1458066205316948
0.8924204184181627
0.46573644788622653
-0.09821242638071424
-0.7366305298857826
-1.366996982532314
-1.8979192887322087
-2.2427733287528606
-2.334361115388378
-2.137749598346697
-1.6582667193547378
-0.9427701694142208
-0.07396632476107062
0.8412600094166653
1.6876025719803476
2.358261263645614
2.769891910588925
2.873296792599267
2.6588001980688203
2.15631000087889
1.430574146124984
0.5721827656777431
-0.3147628924511776
-1.1267642732956882
-1.774976878875955
-2.196998177924267
-2.3639298568981357
-2.2813030113711097
-1.9844372384912228
-1.5300200296284219
-0.9858887639778088
-0.420848060972009
0.10413662232948895
0.5426553017379421
0.8669295045091058
1.0687264774200864
1.1570890823982174
1.1534712019942601
1.0852569298537686
0.9790600250041258
0.8554324078053037
0.7261453146399591
0.5942483708501936
0.45623019807659876
0.30510563259218915
0.13336510192153261
-0.0645307629374337
-0.2897893472266389
-0.5370853278071002
-0.7933073862736241
-1.0378255834299928
-1.2439765681387775
-1.3814160954842292
-1.4196660953381672
-1.333142698637681
-1.1069249080053498
-0.7417297247565534
-0.2568160921567289
0.30973297380460363
0.9035506078676638
1.459431460390957
1.9093135217622252
2.1916958247560356
2.2608980720394825
2.094636682743281
1.6988149148999037
1.1087251627132433
0.3860096444717732
-0.3887602600393384
-1.1269511302286328
-1.7442455943853763
-2.172314222838575
-2.3678241680195544
-2.3172991408120747
-2.0371837124320424
-1.5696123819833825
-0.9753424077183765
-0.32557942300912707
0.3063124219935496
0.8532202663841595
1.2625299261593625
1.5026400565372398
1.5658708759234437
1.4671154870812753
1.2391541959000063
0.9263911873411491
0.5783678880814241
0.24335053050005703
-0.03804853239740134
-0.23863669838379256
-0.3485739729458964
-0.376199388187568
-0.3450792667729883
-0.2875920290182992
-0.23632083905850743
-0.2153306594178899
-0.23375629426080474
-0.2834799532383855
-0.34143154939477727
-0.376067889634485
-0.35673971881290245
-0.26364414856206
-0.09552954653625467
0.1271907392853548
0.36499050845238856
0.5669220037116498
0.6815454440473204
0.6685472356250566
0.508467941676932
0.2083017807913056
-0.19835883971750162
-0.6564714895549988
-1.0984188055984165
-1.4543799000186584
-1.6621717301606362
-1.6753864465347716
-1.4695454939383794
-1.0461151065238803
-0.4337351611398277
0.31387183086000264
1.122899938339606
1.9064299045946247
2.5728019999421345
3.035229094127336
3.2222983067371325
3.0882933533336843
2.6215516851469003
1.8490601037148366
0.836222582458127
-0.31841006762204166
-1.493037179102705
-2.5563472272129055
-3.3839326991557255
-3.8754511474897093
-3.969779928048942
-3.655310258183748
-2.973249238319536
-2.012945048861078
-0.8996144125032016
0.22372865116677373
1.2172525510196315
1.9649585103430227
2.392051004637106
2.47633884484023
2.2511754508781463
1.7985354785867957
1.233116208557635
0.6807180891105175
0.25534084920321565
0.03907974312721647
0.06764181964604371
0.32330769603705983
0.7367336406698345
1.1980398916240595
1.5758823971997826
1.741742586256186
1.5956465492080658
1.0885389515783719
0.2365400733152834
-0.8761012160427532
-2.1063964783277416
-3.273247822242106
-4.186144758345324
-4.677452481217427
-4.633304072970003
-4.017608300309061
-2.8836520706272095
-1.3694278950678138
0.3237123591475949
1.9651977290479976
3.334862503641916
4.259688394142029
4.640671524284161
4.465431491057302
3.8051913321901507
2.7977987798335926
1.620787554823607
0.45960671289526056
-0.5235307401201322
-1.21495725045238
-1.5648075526788328
-1.5897440164142587
-1.3629889727345863
-0.9942970424924934
-0.6048522381666284
-0.30283789184200005
-0.16449214910963847
-0.22344468429199574
-0.4688015229570952
-0.8506817929725453
-1.2911748538889143
-1.6986455936996634
-1.983380801627104
-2.072520829452078
-1.9221174252318112
-1.5241876596624546
-0.9074041810172276
-0.13181432453839262
0.7205822708573097
1.5575510764248888
2.2891793951409576
2.839581454250771
3.1558977677174576
3.2132847639347184
3.015517817281612
2.5917509280737634
1.9905868255760744
1.272679575858245
0.5027870793520887
-0.25806993690965924
-0.9595247837641643
-1.5665316138005416
-2.0603466014440524
-2.4353123225176803
-2.692613079711971
-2.8335753907006493
-2.8552246319407892
-2.7495511049746395
-2.506175658115832
-2.1169947285647543
-1.5813674918357206
-0.9107864342001626
-0.1320013085797013
0.7123595061671241
1.5660042009449089
2.3636593673356145
3.037475394186826
3.5242283880225704
3.7723822378928165
3.748213234841295
3.440285997008287
2.8616881611711773
2.0498003336708877
1.063848772667398
-0.019387629336039405
-1.1116349092634328
-2.120886504021967
-2.9602308617109423
-3.5566788704700145
-3.8590273510695154
-3.843783886404059
-3.517969583716397
-2.9179073269601385
-2.104098221572186
-1.1535263192771656
-0.15140292597562213
0.8162390055654869
1.6690094438704755
2.338169473599092
2.7722067165716555
2.941467459853206
2.8411807907301947
2.492235788728288
1.9392942192225215
1.2462626857731818
0.4895962060772011
-0.24975211911764855
-0.8947221805803418
-1.3799094956182787
-1.6580243702263466
-1.7047841889128685
-1.5221644957797287
-1.1395724287204634
-0.6119989719126431
-0.014450778235030754
0.5670266821754141
1.0465683006443245
1.350488747410208
1.4284537037092426
1.2620423331462656
0.8689542633406545
0.3015272263808422
-0.36077827881862135
-1.0237745785886372
-1.593421472815232
-1.9903522709633152
-2.1614751392022957
-2.086831392463665
-1.78091116973384
-1.28848078400478
-0.6758109538563499
-0.01914251605832367
0.607378182459983
1.1423476807179167
1.5446602161521656
1.7966455608060812
1.9024761630995917
1.882820622802848
1.767528871338531
1.5882409598532434
1.3723495016788594
1.139015437651408
0.8974053542262722
0.6472012343243851
0.3812952085053149
0.08995007851366543
-0.2349191964128106
-0.5964187584994606
-0.9904247301187125
-1.4039589529487637
-1.8140518354751949
-2.187643888637592
-2.4834049959424918
-2.656057673255402
-2.663038886882599
-2.4723477376731973
-2.0697616600747746
-1.4639087904930659
-0.6884948506353368
0.19880599998509513
1.1214002829163037
1.9925892360257509
2.726606971237723
3.2498713783519304
3.510922441110221
3.4877800437711204
3.1913243156778277
2.6636039032501664
1.97092555277833
1.1927551827478133
0.4085718476263118
-0.3143766508149141
-0.9294924895368
-1.4137685263760795
-1.7655329838661815
-1.9986094396386445
-2.1347638405141316
-2.1960889616503367
-2.198797301940331
-2.1496812660066626
-2.045905782633487
-1.8778383820301108
-1.6338472180766912
-1.305694380559815
-0.8931031811999601
-0.40634820606805067
0.1335074614524541
0.6962898497057156
1.245659832490283
1.7429268538287692
2.151348918023931
2.440183614260271
2.587600191818213
2.5820043507998847
2.422063775562712
2.116058102212913
1.6808739660076462
1.1407001828254049
0.5256509763304179
-0.12942497244530082
-0.7859393931819388
-1.4024757548999922
-1.9359878216957611
-2.343991808323348
-2.5881103766400466
-2.6385013367102013
-2.478242668917846
-2.1068447435243955
-1.5425825275163505
-0.8238282140702664
-0.009381025091507015
0.8229432493417732
1.5808153288086486
2.166225576126077
2.4886885013890647
2.481023928756797
2.1144386965768303
1.4092709556808292
0.4387413482214479
-0.6753635962145826
-1.7750694375085223
-2.6860242233885345
-3.2431073604273077
-3.3185205531056416
-2.8474034604373886
-1.8455839872776467
-0.41503335212421816
1.265576851109763
2.9648156264220313
4.432691601702044
5.438432911738189
5.805343337461441
5.437814782988781
4.337274360888323
2.605287068426915
0.43328473762629865
-1.9202730780886297
-4.162944543709472
-6.007548155618574
-7.212117272929083
-7.614254952262105
-7.154069473531593
-5.882051018854421
-3.95129971868913
-1.5959384518364024
0.9009070253185992
3.244908766043252
5.168763250121051
6.465704677200904
7.013921659439607
6.7886578465297
5.860459935891457
4.380089757181458
2.5527876139785453
0.6064419667771315
-1.2406823612002154
-2.807056186488136
-3.9656778174334093
-4.650776744572968
-4.8541945690288335
-4.614357996601769
-4.001833869419493
-3.1050852603311876
-2.0189056253977946
-0.8366391853114615
0.35411990883916056
1.473472164866868
2.449959565111875
3.2211627537423646
3.7350916033685984
3.952883848609167
3.8525532221167405
3.432785935500604
2.715625411955618
1.747332653643827
0.5970680520950581
-0.6469237665137034
-1.883638757478955
-3.007453608019969
-3.916998332978713
-4.5238900989884385
-4.760780299305956
-4.588395578971934
-4.0013033709087305
-3.031652087670901
-1.749627128860082
-0.2597337519994177
1.3071644269512872
2.8056254641389033
4.090375118996847
5.032556397105191
5.5353839170842765
5.54657246763314
5.064921595516253
4.139560599705522
2.8624439945132667
1.3565222649965458
-0.2378205321004919
-1.7767031789357144
-3.1265820263529487
-4.177280735826906
-4.852723251781521
-5.117260534638272
-4.97596537330926
-4.469067825816851
-3.6624221693853642
-2.636457053829769
-1.4759169605821043
-0.26221010376567866
0.9308950036873178
2.0386919915265853
3.00512910759052
3.7816518600631084
4.326186216191652
4.602759572032394
4.582029010925123
4.243276585550167
3.5786032594411847
2.599326644021299
1.343196459326207
-0.12006945484334956
-1.687471425155936
-3.227239582402889
-4.589525695213488
-5.622362280285255
-6.190736298444042
-6.1958107174972215
-5.591244268665467
-4.39400741076213
-2.687703864726784
-0.6172312966324985
1.6249721807647537
3.819161042405235
5.742000511095145
7.190578794179161
8.003914262779347
8.079962576972955
7.386952943548774
5.968321659020813
3.940585208619493
1.4836673070611754
-1.1759552338876202
-3.787672454648189
-6.1022759504535635
-7.897820642754854
-9.003194054752942
-9.317282556913133
-8.821299849815674
-7.5810771313071195
-5.737294517852832
-3.4847254388619837
-1.0442681899851016
1.366947345095872
3.5617191794317127
5.4006171540399395
6.799023028097217
7.723359794749786
8.179095030947343
8.195006305137872
7.8084857093063365
7.055324240692403
5.965377054586636
4.563859408370085
2.877166069273378
0.9418100983205273
-1.185172660018738
-3.4167556589488894
-5.630682948967793
-7.67158336821473
-9.361881384203793
-10.520517751518787
-10.98653560641756
-10.643821294920452
-9.44319815746379
-7.418065737720488
-4.690332374094062
-1.4647599458452214
1.9884170342715084
5.360767198530227
8.339158269544567
10.640885277183868
12.045952799674405
12.422594531630306
11.742827427689617
10.085825511559595
7.628446103492709
4.624248240199257
1.3740606216890867
-1.8079999447624042
-4.628989498764901
-6.848116066924649
-8.300726349930315
-8.912721847765797
-8.703919159806468
-7.779933679628852
-6.313613675103223
-4.518878817818484
-2.621100432010998
-0.8282951652391122
0.6931799720008722
1.8354798147905473
2.5566337972153055
2.877640093479855
2.870016363465705
2.636246031194675
2.287293011896912
1.9221370503893744
1.6132039880773485
1.3992680866487457
1.2854511039567686
1.2490173102754372
1.2493086187204356
1.239804022862448
1.1797664463980775
1.0426981636737342
0.8197761772640999
0.5185850529668843
0.1591632850626233
-0.23053649090055156
-0.6184404944797961
-0.9709005386160297
-1.2545725002697015
-1.4390250982923
-1.5009811099885664
-1.4297056737010718
-1.2322222707245674
-0.9369094705036386
-0.5938007013740928
-0.26984953108094084
-0.03843798275074164
0.03564132236016056
-0.0874892294822711
-0.4094366041826887
-0.8868645584682594
-1.43349557368128
-1.9310388165872159
-2.2477912907249356
-2.2622100461751002
-1.8875726927552388
-1.0930557289604497
0.08351021054609979
1.5345343523285275
3.0937610363246844
4.557472770701922
5.712415202229379
6.366695493555523
6.379435644898165
5.68467735407071
4.305770948937923
2.357805787604133
0.03701469217707465
-2.402117773812302
-4.67931342920877
-6.526227637233004
-7.723790401040209
-8.132617267641166
-7.7109131580340495
-6.517330668638397
-4.6996730434132035
-2.472693322850097
-0.08932289255783225
2.190374627495092
4.1290765944710754
5.538280207087663
6.298145413828259
6.368631607757422
5.790157522553732
4.673801141533584
3.1832299078936015
1.5118680476925075
-0.1412340050252665
-1.5941385976807585
-2.701394373936423
-3.368495498546875
-3.5602020526571825
-3.301811547283177
-2.672842435861926
-1.7935513029418515
-0.8063073883862225
0.14510838264332618
0.9352562814311641
1.4731026879726707
1.7120686770730231
1.6527747785549183
1.3384499100740213
0.8440784427436977
0.2615126337617793
-0.3164102394337879
-0.8097824333771959
-1.1613890897911239
-1.3412607424427632
-1.346203715183206
-1.195505636861605
-0.924409015790253
-0.5767930731468603
-0.1982448621269253
0.1696011021729532
0.49320392673856434
0.7500257084257981
0.9302080002346853
1.0362953856521537
1.080313480337435
1.0785934185206452
1.0458829902835856
0.9904916566954923
0.9116928356695531
0.7999875173272818
0.640123302532395
0.4161179215699999
0.11736896207906715
-0.2551489029213618
-0.6839966474518698
-1.1333607046479346
-1.551615693754895
-1.8789847059620912
-2.0589232019039025
-2.049843899288505
-1.8337887904198065
-1.4204239306770423
-0.846352293391925
-0.170372535876449
0.534604028303072
1.1920386733767014
1.7329445313696072
2.105305199249297
2.279608539157419
2.249857579656908
2.030996846480014
1.6543280637892808
1.1621957221113584
0.6027709034303766
0.02541672055529328
-0.5233837717549826
-1.0038163630434715
-1.3858775914340788
-1.6506586082848955
-1.789097459509012
-1.7994069871050486
-1.6854272936817802
-1.457045948856564
-1.1318907014468618
-0.7364431275048877
-0.30496659539856147
0.12411172933110473
0.5133967333150313
0.8318420818375084
1.0588293443331624
1.1859815091687347
1.2165188440861487
1.1628320730751933
1.0431345617646033
0.8779822436731443
0.6874776724502584
0.4896708200929042
0.2999600245242501
0.13070916147811412
-0.009609999856046778
-0.11762882114325736
-0.1958460409868363
-0.2522953723499864
-0.2989863625560815
-0.34930117034772806
-0.41471048212703504
-0.5013457028603296
-0.6071956022121102
-0.7209702538729698
-0.823517467551365
-0.8918050370564345
-0.9044945199427362
-0.8476093610042404
-0.7186477517177898
-0.5276895364981855
-0.2949088531569093
-0.04528455171000935
0.19760832956087945
0.41668199271319795
0.6038718771253069
0.7596218290275923
0.8898100480367974
1.001414626071516
1.0984364391515622
1.1793000573013226
1.2363907099697924
1.2574829356457935
1.2279823248411106
1.1330192291134278
0.9593240135456088
0.6973192511639119
0.34358414963927475
-0.0966232881330196
-0.6073457251525971
-1.1610041734304064
-1.7189391496515611
-2.2334219048573183
-2.651112489866058
-2.91803628766334
-2.985798423070043
-2.81834537124854
-2.398524296104306
-1.7334110837666419
-0.856970314912051
0.17097644865627287
1.2694008816854399
2.3433902979343535
3.2929274419573
4.022270131717198
4.449597007880655
4.516515597810955
4.19647017554783
3.5006438051154305
2.4797538857112027
1.2204580620301688
-0.16370385227425496
-1.545375258804999
-2.798098646865693
-3.810221101898668
-4.495955356326734
-4.802365652741479
-4.7120456010266585
-4.242215894657017
-3.441431710326382
-2.3845786362703225
-1.1660411748070294
0.10885654001151689
1.3332020974608303
2.407645836035914
3.248891000261403
3.7970957821819695
4.021322291204261
3.9218817855135804
3.5286465127761066
2.895342383370661
2.091126182440369
1.1914129564388793
0.26965395569392675
-0.6088397398491915
-1.390572029709465
-2.0352746253199028
-2.515652481636191
-2.8159237324917847
-2.9296588631624
-2.8578035539324103
-2.6077604333490942
-2.1938305940091207
-1.6386325495685656
-0.9745426852387655
-0.24398885059841616
0.5021842109675986
1.2083764132308201
1.8193868640710102
2.286058258490593
2.5703365821193165
2.6489854401460153
2.5156090066069443
2.18113804570192
1.6732501141419682
1.0347970526561714
0.3207783259575207
-0.406282280244079
-1.0820702525947314
-1.6467468154935212
-2.0511004532947634
-2.2616128518243324
-2.263568228113184
-2.0618407206034624
-1.6794622356346611
-1.1545631610203202
-0.5365380365405502
0.11800185735858465
0.7492767692016158
1.2982998757230078
1.710929193811977
1.9425211841282248
1.9635128039402563
1.7652591124265167
1.3642177882288649
0.8024041799041626
0.1433820162630257
-0.5353356384157156
-1.1518965408869135
-1.630224264092286
-1.9094861494158242
-1.95211818293036
-1.7496238711057934
-1.3250419677369079
-0.7309574961016181
-0.042613528477264795
0.6531483215738073
1.2710310786873271
1.739492554122063
2.009449043101788
2.0585072910177074
1.8911311340303292
1.5356203154430945
1.0387278555642177
0.4585438745402799
-0.14369103155761997
-0.7116027200044254
-1.1997034975880558
-1.5760255326874475
-1.821559807347936
-1.928139617709331
-1.8964293432592492
-1.7345608047907994
-1.457114640083534
-1.0842637635801498
-0.6412388322787753
-0.15797827214795068
0.331745531377706
0.7924274616975572
1.1902736193699976
1.4973493710950379
1.695147916760795
1.776282746097684
1.7439316911248925
1.6098203788233454
1.3919201430527648
1.112444723412726
0.7958520953902971
0.4662422931035996
0.14399528123250774
-0.15773537305381266
-0.435436578564276
-0.695102051739075
-0.9486060660846017
-1.207053168158918
-1.4731265455910991
-1.7350157795893264
-1.9640108108844352
-2.1168880260559386
-2.1430096790813407
-1.9949735885089495
-1.6409330088481737
-1.0759601755754449
-0.32930396327072553
0.5349862604761971
1.4249175596638686
2.233834340307567
2.8575606288865396
3.2120941355939387
3.248405248963443
2.961224193105842
2.38993135149013
1.6115866382876989
0.7276621153729327
-0.15309510283872257
-0.9324849982641201
-1.537649706642957
-1.9296760177588759
-2.1045967733490913
-2.0874331468979266
-1.9215539172244052
-1.6566219767866546
-1.3383392718145841
-1.0021390528083962
-0.6715831434648262
-0.36068773603042426
-0.07803869142216813
0.1696126507935504
0.3755598730034248
0.5333807135770562
0.6387434348097457
0.6918261162449416
0.6992619244148323
0.6747454100600299
0.6376690234110204
0.6095077227478075
0.608466524553106
0.6438431567602843
0.7119393711250948
0.794912732394596
0.8630186031469269
0.879887780643808
0.8100370067059963
0.62723844853429
0.32181839618757513
-0.09477147049240146
-0.5890384921613102
-1.1087168300908996
-1.5900517063527173
-1.9676353923577372
-2.184575124607855
-2.2010611855490256
-2.0000809013468337
-1.589727177588347
-1.0022356748045573
-0.29028808412378543
0.478879555346618
1.2310082598617003
1.8930553811066453
2.4009315688506354
2.7057630738730154
2.7780325957100382
2.6091915458984785
2.2109166028579232
1.612881173620412
0.8599810272093206
0.009344650501471508
-0.8731186847053898
-1.7168810303022957
-2.45153427355405
-3.011684093306456
-3.3415804841339316
-3.3993862872986242
-3.1613400249793098
-2.625910148945777
-1.8174401536273388
-0.7883225012613652
0.3814431194866244
1.5883783153127635
2.7138620773230784
3.636225784923722
4.245277730615183
4.457451104082436
4.229422302385542
3.56761712879366
2.5310638138725503
1.2261723236784632
-0.20611352343070513
-1.6086855647371328
-2.8291850984020206
-3.74018319733415
-4.255360952418725
-4.339115986214863
-4.008465786842671
-3.3275650624567703
-2.3961910102970116
-1.3342822222338695
-0.2648844815645766
0.7022937720389103
1.4844965716464589
2.0343446113515986
2.341497798149509
2.4279480939734626
2.3388979678884536
2.131339813092343
1.8622726804479672
1.5786467017038106
1.3107944860099892
1.0701304326552405
0.8510147844020982
0.6360467879942285
0.4033980894717572
0.13423510396449703
-0.1816411094045734
-0.5428864800355684
-0.9363772075442068
-1.3390849201401416
-1.7212050705733322
-2.049508488758996
-2.2902472247322287
-2.411811193528691
-2.387971906347282
-2.202043072272695
-1.8509309371084246
-1.3474615155933178
-0.720115127192569
-0.01034323564039505
0.7317388381351039
1.4523366346725008
2.0987783255402377
2.6233626513863477
2.9858564933489333
3.154980291970992
3.109686254648351
2.8410065598425307
2.3548435985240483
1.6752670407890793
0.8470855114215112
-0.06400675325082392
-0.9755653098349647
-1.797787331913396
-2.4468048634614643
-2.8583014146221113
-2.9975953534434194
-2.863960487703881
-2.4890529484289763
-1.9306989177652452
-1.2637637942204645
-0.569698174545376
0.07395412103259562
0.6029462560822602
0.9734832167138838
1.1662290209979673
1.1869012855882823
1.0639384230592726
0.8438189756233856
0.5841247063069132
0.34461823508226275
0.17767427142248945
0.12002615241193233
0.18736836064650175
0.37246229299626826
0.6465407292508815
0.9633080676589818
1.264804279220878
1.4886717182017297
1.5765798004477085
1.483182455331115
1.184151951192063
0.6816676039757049
0.006533936084150899
-0.7831969221016347
-1.6071888650044863
-2.3714434038743213
-2.979979201187272
-3.347956200499584
-3.4140443526382205
-3.1498650411079496
-2.5648556321114175
-1.7058831990855985
-0.6519195045705831
0.49527016746295865
1.6229024634739642
2.619437153167312
3.3855593256336087
3.843135926744091
3.9425092190532602
3.668453783271534
3.0438159077485354
2.129120925727122
1.017405604831217
-0.17509597599897372
-1.321238733105707
-2.2970108108377705
-2.996093378060302
-3.3434459352169172
-3.3058468112785997
-2.8970375740523213
-2.176006484976841
-1.2387015690184222
-0.20494583314017617
0.7970179326466853
1.6460086973376777
2.2416827386910567
2.5154340520912664
2.4373922754033526
2.018797810039274
1.3098842783833895
0.3942763212541363
-0.6187085706118037
-1.6030492691835887
-2.4269030348723346
-2.9665297912509923
-3.122993952522562
-2.8392805432601547
-2.1142395856035674
-1.009723907290149
0.3518427463775536
1.8006917180133464
3.142676845777503
4.188199027221873
4.78151582955859
4.824861150972811
4.293060035749996
3.236454316180285
1.772468437144255
0.06804048370893767
-1.6837634658449268
-3.2890472774114787
-4.576473718540753
-5.415627548794436
-5.728442506909527
-5.493501690021501
-4.7444836746593975
-3.5642929676650588
-2.0756844611092844
-0.4285286733360026
1.2158663707289767
2.7020203446461877
3.897096552760802
4.705045687718738
5.0760411108322225
5.009747396455457
4.551624619377355
3.782445147209409
2.8030460069463894
1.7179831673360746
0.6217448028648195
-0.4101542436375538
-1.3246395559507498
-2.090104482562454
-2.6926421644147305
-3.130968380880252
-3.4112029636903682
-3.5422653750106967
-3.5321676943792366
-3.3853403348052806
-3.101407570333271
-2.676099533050544
-2.104587428912049
-1.386562522913373
-0.5318131723113537
0.43481962880113245
1.4700571583815434
2.511354635559656
3.4794832576926003
4.28484983104627
4.837253066549035
5.058241815900631
4.894381401858947
4.3286851079023325
3.387352446936297
2.1399595936265667
0.6924874587608144
-0.8260306879611643
-2.2806733201698175
-3.547690413371778
-4.527713372266842
-5.153093759823537
-5.389593488784066
-5.234219670370163
-4.711392409268508
-3.8690084501557727
-2.7748296557764154
-1.5126946045005953
-0.17776972659819482
1.1296942039773346
2.3122092370563654
3.284062250658811
3.9802101727328476
4.363049985731822
4.425223338383724
4.187690940213723
3.6937309066549067
3.000659877228598
2.1712987190163138
1.266728809367053
0.34152811018724455
-0.55779724824562
-1.391525543158688
-2.123952074605794
-2.7209466218759832
-3.1492929683701774
-3.378199947279435
-3.3824843616022404
-3.1468996914590193
-2.6712468922739534
-1.9755931914832805
-1.104303564710928
-0.1271089677427072
0.8642864290358684
1.7644383155548669
2.466484444840079
2.8771076209264
2.932068750765309
2.6095896885691854
1.9386440039797102
0.9998110172742064
-0.08238295927928292
-1.1551868720608742
-2.0593320456941635
-2.653195329181663
-2.8352773325599943
-2.5611904282706046
-1.8522062333309142
-0.7937830212437411
0.4757128390022991
1.784339423880426
2.9510874297891947
3.8117045236253664
4.241671253108848
4.172963263424104
3.602444241000337
2.5908803814869064
1.2529165860905316
-0.26020637070308145
-1.7822242062945883
-3.1538991179435567
-4.2416674734350215
-4.950138552695204
-5.227567710491196
-5.065075950110707
-4.491335748965523
-3.5649085719077624
-2.3665294670439248
-0.9928828746773285
0.4482377465431943
1.8428574246103824
3.077394481819525
4.047570589511669
4.669247876935662
4.88974954184908
4.697337301134941
4.126130322391834
3.2542220334132232
2.194097453283938
1.0764312528993472
0.03029591498275678
-0.8363721168476879
-1.452792021518071
-1.7954843053166896
-1.890604010153857
-1.8071637031606822
-1.6416007267487605
-1.4965513120974947
-1.4583590120088992
-1.578013770234471
-1.8591911762007949
-2.2553730800285803
-2.6762783585477776
-3.0026553413787145
-3.1077429690291765
-2.8825586638566203
-2.2605531030862465
-1.2362558208900616
0.12665512519817432
1.7000858881017478
3.3083411235816187
4.753720471874523
5.846080348618031
6.431044955679626
6.411903740940378
5.761899902243004
4.526238657991674
2.815065225831092
0.7893952846759928
-1.3574805769107734
-3.420178773955412
-5.20050124866812
-6.5244918352236905
-7.256897416787821
-7.312669735973313
-6.664610354056974
-5.34651564335264
-3.4524473086439786
-1.1333244081494007
1.4091884926916216
3.933197196356231
6.17346310342159
7.865248977482424
8.773732213845356
8.725965508139211
7.6412227275495175
5.554572996380992
2.6281736237192503
-0.8539780850541318
-4.509551722138147
-7.898492192005116
-10.576617858806864
-12.155434198388615
-12.35970786508663
-11.073789231072492
-8.368415356253301
-4.502126385441644
0.1048358446613622
4.921805683517736
9.377152211849168
12.935158978873261
15.167923470815655
15.81088457689894
14.793767454732333
12.243138710418329
8.457816154053019
3.863169100598677
-1.0468174208941556
-5.770475848556215
-9.854274432253106
-12.937494895522784
-14.782348644553128
-15.288210213908371
-14.490091380734212
-12.542876203507639
-9.694241044043604
-6.250463715324992
-2.5402305693792973
1.1186872029694312
4.446581835469095
7.221428024318589
9.29103184419009
10.578327996978581
11.080237441240355
10.86001951839194
10.033054606413451
8.74693228607665
7.158268412770923
5.409870864082435
3.6120973455868848
1.8317739565251758
0.09117440095261672
-1.6220461421858794
-3.3355170754163384
-5.0674272411422665
-6.801970132712769
-8.471026913654091
-9.947655973415706
-11.055012414696414
-11.590754198174608
-11.362945951670154
-10.230652351025702
-8.14138902505779
-5.157825811777393
-1.4674437615815186
2.6283330599050445
6.745006414995064
10.461493971361898
13.374980267570468
15.155118113102056
15.588672540198807
14.608069005321152
12.300674259012496
8.898584460521567
4.751068529052641
0.2836995941729211
-4.0506148129590684
-7.823001761515447
-10.6766220578194
-12.365700876639792
-12.78060898492043
-11.955564253236396
-10.058045174702858
-7.361957879041859
-4.209171427900162
-0.9654448911154693
2.0231266728499135
4.467783436305128
6.1648667575507945
7.01127122837218
7.006734780333498
6.243762608421573
4.88767772598222
3.1504775323798064
1.2625749743256085
-0.5538099754008432
-2.1067842925319464
-3.2507741733845985
-3.8956365859043802
-4.009037943646679
-3.6132377836054483
-2.777846278312512
-1.6096759582916005
-0.2404049493600819
1.1869716448884486
2.5315742848986664
3.6666044420667068
4.488823085885775
4.9252302663409075
4.937064819672226
4.520952093449468
3.7069055259758157
2.5535117657297324
1.1414232887881826
-0.4333323405144226
-2.065199250000713
-3.6442841948408318
-5.061721063167511
-6.215531226790348
-7.0166743131164875
-7.394802682895346
-7.303143625523219
-6.721987505470321
-5.660667380191844
-4.158338721105082
-2.283944434877885
-0.1354326145704542
2.162352539336356
4.462209200197202
6.602405972246598
8.417817038548089
9.753532377271732
10.479351512530195
10.50318866079546
9.781823843184357
8.32801687016791
6.213185194443286
3.5651274214438824
0.5608557404015271
-2.5849361924543652
-5.635007307575621
-8.347487750594034
-10.49575095455282
-11.889088346778697
-12.392447559580376
-11.942967793638859
-10.560754528878636
-8.351599244354498
-5.50044312498982
-2.255806071722768
1.0936202880209058
4.248264684520927
6.929696465880958
8.911084810284528
10.04175763474056
10.262413369318084
9.608927779271987
8.20446364934031
6.2412308271006385
3.954579587864025
1.5933629365980917
-0.6089822208184894
-2.458910477773536
-3.820269198186268
-4.623358270021016
-4.865171841287771
-4.60172375110986
-3.9346796535112856
-2.9951619217495407
-1.9270400139893786
-0.8710814991437827
0.04900861349989886
0.7376248681156562
1.1346117623144123
1.2186819031931404
1.0069298063870282
0.5505285958558782
-0.07290960519682763
-0.7692869953471227
-1.4392541428719412
-1.9899095914432348
-2.345845704459454
-2.457824578145185
-2.307374228924326
-1.9065636976937446
-1.293508402013088
-0.5249398426563582
0.332625341498051
1.2115922993201358
2.050421772627963
2.7980052722954136
3.4147927212786056
3.8712508810435744
4.145104146264657
4.218986877359343
4.079559775279227
3.7182834009282226
3.133654896113147
2.334779247465323
1.3458100630986258
0.20993374863833425
-1.008926366715778
-2.228157025936845
-3.352822876345911
-4.285779773438122
-4.939879037736478
-5.250241446362527
-5.185045875952595
-4.753659780934301
-4.010584564644091
-3.05307696777674
-2.010528193314082
-1.0256022518674013
-0.2300391405484112
0.28017862083082484
0.46559122338474435
0.3559080488062699
0.0513645344967278
-0.2889195044253657
-0.47127651405256965
-0.30182087286167264
0.37436001104829963
1.6360376229464926
3.4579991026603514
5.698497683924118
8.10537093681846
10.341441246076142
12.02694292894967
12.793563876332117
12.342306923565575
10.49644962709996
7.241096899038364
2.7423847595348056
-2.657582599401304
-8.470435735928131
-14.112964164646133
-18.974271774208944
-22.489858692117046
-24.212104393970893
-23.867120086212264
-21.390539462118596
-16.938272055498278
-10.871727220433163
-3.720086561091243
3.875600367352585
11.230047986002603
17.685096129158193
22.676278504445424
25.78724922865143
26.78669831510574
25.64450695536954
22.526561881185117
17.770432275860223
11.845704737321539
5.303319479586891
-1.281091369201562
-7.364163743131624
-12.48616889648696
-16.311121397158562
-18.65098796741713
-19.47163779765126
-18.880874818728483
-17.10115201229546
-14.431433205119092
-11.203990250078995
-7.7423532848979315
-4.326197871893956
-1.1676477448764995
1.5987469691336826
3.9128422755364842
5.775393608984076
7.228113184808745
8.331151851865085
9.141781452338739
9.697883408504845
10.008744397558862
10.053874544166773
9.789100423192355
9.158456191713608
8.110093514197281
6.6139213494096225
4.677872659371744
2.359415563640138
-0.2303520108814687
-2.931479828458558
-5.548829570349698
-7.872849868557494
-9.704177940190311
-10.878265841538056
-11.286406612037073
-10.890078951010842
-9.726636801173823
-7.905730536669537
-5.596992922641035
-3.0107212692341982
-0.37441769310583517
2.0916183433166253
4.19673693687691
5.797845789150936
6.810837199148778
7.214644074644712
7.04797313519934
6.399460990379336
5.3927304269777325
4.168604685831089
2.8672689772894833
1.6129859017573889
0.5030149225384015
-0.3985817342018544
-1.0620144547737138
-1.4880687511814543
-1.7011877006938487
-1.741652721133575
-1.658419960806582
-1.50282455328611
-1.322945358701764
-1.158742911738534
-1.0382656546445082
-0.9752782382979753
-0.9687597056636086
-1.0045355139203536
-1.0588774900870257
-1.1036741281765379
-1.1126629873075056
-1.0677308472257336
-0.9635850372852328
-0.8090093021888809
-0.6238737223889881
-0.4326981234901756
-0.2570276932079848
-0.10925542426326804
0.010456890174993006
0.1139705434846484
0.22219359097162328
0.359747975220387
0.5479414571267222
0.7977498379859949
1.1051347193779413
1.4502148857925092
1.8002018154107715
2.114741278323768
2.3518803826708803
2.4733145291634218
2.4484803590391513
2.257652048747754
1.894034910765906
1.3645966232007278
0.6897672452615523
-0.09736730141781512
-0.9519583965063424
-1.8185856862110124
-2.6334749475419947
-3.328634504442735
-3.8382601559338645
-4.106618833170375
-4.095729986169003
-3.791134124449446
-3.2047280597766514
-2.3744669166557464
-1.3612495901558932
-0.24353230674220006
0.8898344309948264
1.9482083963480148
2.848446304519137
3.523268805757824
3.927084250596384
4.038798249526188
3.862091532727603
3.4236375255019422
2.7694502779668646
1.9597769968527576
1.0633908262950693
0.15210744764070694
-0.7041638154286632
-1.442043553384638
-2.0093566666239617
-2.36984765659134
-2.5072123941540547
-2.427342502750863
-2.157970522960483
-1.74559335870529
-1.2501388067808075
-0.737989806927867
-0.2739017197697718
0.08751481550024341
0.30977305475018
0.3807120233936537
0.3153482910384238
0.15380712728290064
-0.046127525005899235
-0.22045928169268517
-0.3117473065615289
-0.28033967881803545
-0.11182088048083286
0.18060198067913139
0.5589647685796304
0.9677309847447432
1.3435442001653068
1.625796513915745
1.7665092811835463
1.7377573038965972
1.535056715312471
1.1765505352927639
0.6990893409459746
0.1523876424456211
-0.40788026136311895
-0.9272027323083708
-1.358549358324974
-1.666806124904968
-1.8307597997913951
-1.8430837013716308
-1.7094662051013128
-1.4477505411644078
-1.0869809086738607
-0.6654815092214298
-0.22726443170977886
0.18307465284366123
0.5261449612966405
0.7732858769939951
0.9108901193083446
0.942532424646534
0.888211940422595
0.7807050891143383
0.6595535075457044
0.5634650282011191
0.5222327511323686
0.5497370656281227
0.6397892596557184
0.765939783843844
0.8851164124046725
0.944277812856129
0.8895249378692249
0.6771598354713136
0.28529035347691617
-0.2766290563341443
-0.9633310919393695
-1.6963154538093175
-2.373556798532948
-2.884819554777246
-3.13001668114806
-3.037320465144221
-2.577511994702101
-1.7717012251029132
-0.6910131723169239
0.551451996395021
1.8148017805787746
2.9484306140834415
3.8115026930118563
4.291399372796403
4.318967248235477
3.8788389980809703
3.013536582074414
1.8202450991125778
0.43951828248166336
-0.9633108590044264
-2.2210518230461136
-3.187840550478354
-3.758951005130684
-3.8844388882766805
-3.574568338751278
-2.8960968440712236
-1.9600698613164331
-0.9034416310402381
0.13193090755110512
1.0193062794672185
1.66343402755138
2.011467517748345
2.057028299053986
1.8368743398162068
1.420993930761336
0.8982411601470813
0.36046414849815755
-0.11178088454178016
-0.4595112159836981
-0.6504221252996891
-0.6790427160125453
-0.5631973643322223
-0.3381993234533814
-0.04989168440354417
0.2522945838590106
0.5210205924823971
0.7151074374007546
0.8027942110646471
0.7648749798516029
0.5974796697405429
0.3139200062798547
-0.05488622065982981
-0.46201809274340555
-0.8487831218520533
-1.1517268267337528
-1.3119356728646527
-1.2854735460154574
-1.053069948271379
-0.6267641877548603
-0.05164981164064642
0.5978996115391817
1.2269744298488519
1.732760393595364
2.0196415998786326
2.014805127762661
1.6819374614311235
1.0306414019403156
0.11963773038784621
-0.9475192697643828
-2.034553663641101
-2.9912896690293045
-3.676076959157959
-3.977215682398401
-3.8290855429290707
-3.2205954465198943
-2.1955879898608406
-0.8461123322339886
0.6997631542643782
2.2934279428306406
3.7821086384791536
5.023932319889932
5.900026838436326
6.322824929950416
6.240716043190408
5.64014699119012
4.546426395824045
3.0234507396143475
1.1714633075625076
-0.8780384944409569
-2.970419291145372
-4.938762123435196
-6.61704727177325
-7.854881506263094
-8.532303330920808
-8.572681921122264
-7.951857779050572
-6.702245321370762
-4.911349381269979
-2.7148929808376288
-0.285198626455529
2.184319813301743
4.497160303463378
6.472103357670445
7.959640234254158
8.854638988557568
9.10410796101009
8.709505740366469
7.723623088525846
6.242725162095146
4.395244591130355
2.3286566659247274
0.1962211810182292
-1.855019507009946
-3.694210630241898
-5.214412490798727
-6.338116624559084
-7.020516292518273
-7.250236941524794
-7.047173500339019
-6.457572682305772
-5.547186775508118
-4.393682218110945
-3.0794981790762312
-1.6860553328847305
-0.2895257633974907
1.042194446813609
2.251426768283056
3.291226406987803
4.124592851382817
4.7233985546574395
5.068163822648838
5.149205838045726
4.969094420083609
4.545713966960198
3.9143493720112814
3.1266300532103917
2.244976740040904
1.3334122236665247
0.44743229782022653
-0.3740667811976485
-1.1124190279742785
-1.7672618706559322
-2.349860163928223
-2.8738652041870516
-3.345873834848063
-3.7579554474021135
-4.084094364081636
-4.281823706557291
-4.299035867240269
-4.084471470363495
-3.5996475960565
-2.8301914616364514
-1.7946209905857262
-0.5483233979793206
0.8189447776429686
2.1920229791320565
3.4441806000220834
4.453421721935889
5.118557605278254
5.372462166431263
5.190623517109215
4.594036175221975
3.646189155801786
2.4445740525098647
1.1080746311628062
-0.23753747749078277
-1.4735615934242199
-2.4998148225449097
-3.2424558753360646
-3.6580431755123706
-3.734308539885815
-3.488156198995237
-2.9614735730471464
-2.2158477580527367
-1.327357003751904
-0.38185006298472735
0.5296310118505712
1.3160662274900983
1.8934135183158802
2.194005387421374
2.1774914418517475
1.8406457008187274
1.2228281413843716
0.4048784706527917
-0.4991808499365907
-1.356846347260749
-2.0362609157919467
-2.4266430792950606
-2.456140864330593
-2.1036031569492977
-1.4023505501752611
-0.4357888413066816
0.6741437693829714
1.7838260261048962
2.7475087505409754
3.436837195390045
3.7577858911494477
3.6626283900165433
3.1551481455378276
2.288514677584109
1.1567247068952757
-0.1182235585122374
-1.4008171150061037
-2.5562915873244427
-3.463830244380464
-4.028172981545266
-4.188906764919358
-3.9266808751792412
-3.2656775639225404
-2.271791411721187
-1.046533173077676
0.28259711958344286
1.5744692718289952
2.688927569165746
3.502693831068992
3.924492997744128
3.906852670560374
3.452754510917135
2.616337724354668
1.497291242710178
0.22887466317157557
-1.0393673867483415
-2.161511854928696
-3.0142539045133745
-3.511739475687466
-3.6139313365600674
-3.3277933993069566
-2.702370411216776
-1.8196279858415056
-0.7826031665383104
0.2977773838172752
1.3154971026817759
2.180004994822642
2.823276002330144
3.2031513798021347
3.3034365977353457
3.131457073717683
2.713932472767811
2.0921962460420147
1.3177683018442787
0.4490426454377006
-0.45081485614502176
-1.315612498726202
-2.078763370368375
-2.677524438228303
-3.058727233499213
-3.1851493139295783
-3.0411965491190345
-2.6366471817858463
-2.0077445632482576
-1.215233205162285
-0.3389606263674406
0.5307999851961631
1.304106086737027
1.9023862505846743
2.268107110399773
2.3717894879093024
2.2155177132292136
1.8325257182596932
1.2828584695100567
0.6455557977452521
0.008242553720029196
-0.5445585282999453
-0.942714557830772
-1.1398062313230006
-1.119297750276354
-0.8964287772156989
-0.5151215550614534
-0.040557519526746674
0.45084035057607846
0.8823915859709118
1.1879019595182871
1.3209555204061987
1.2613765739256633
1.0175304243247718
0.6237568857210606
0.13356688804994513
-0.3894887220915013
-0.8812130545433335
-1.2852269247514974
-1.5599326630246666
-1.6831510212870746
-1.653493420680236
-1.4884996029504096
-1.220737474595132
-0.8931092313840999
-0.5537832466855165
-0.2506151873222255
-0.0249522745452782
0.09509056012692778
0.10142423545774944
0.0114875311490146
-0.1298438361477775
-0.2540716314257961
-0.27932209732806573
-0.12601093509975017
0.2645412509958657
0.9121635559700415
1.7847927678809088
2.7941682002724506
3.8023979414106504
4.639046679003824
5.126302075350344
5.108473658379558
4.48109760555582
3.214435893567624
1.3668100608290399
-0.9150034955899772
-3.4087461243545496
-5.841401206531382
-7.9227514213211245
-9.38368780706978
-10.0138806470748
-9.692909347632026
-8.409803322624127
-6.2677296983399104
-3.472892067996772
-0.3092633870805211
2.8970620340259265
5.818769913012014
8.167705724673493
9.728851539061084
10.38291802207411
10.114891388797101
9.008690384981014
7.230044090223951
5.000792287578341
2.568547184193936
0.17587959960460953
-1.9671284579469999
-3.70375208581275
-4.942753117025106
-5.66088676332711
-5.89587078309134
-5.731006726262479
-5.2745309239973865
-4.638383747148103
-3.920785511291685
-3.1951271347209915
-2.50577021419765
-1.8698633340518476
-1.283118867107464
-0.7272591725236944
-0.17758605795704413
0.39016341097730256
0.9941551600582021
1.6420741156198568
2.327876160806876
3.0296764741292215
3.7090033546902177
4.311927039171681
4.77276634046779
5.020763635305075
4.989390771008216
4.6271903615515555
3.9085388237066407
2.8425812206216907
1.4785087037502396
-0.09469351813362743
-1.7550448756339985
-3.360159056390194
-4.763445438199584
-5.831327946083996
-6.459115108307434
-6.5835299575134005
-6.190275676002366
-5.315681920229994
-4.042457771882942
-2.490330478405676
-0.802825337981214
0.8681013976194007
2.3776323883702464
3.602077370491246
4.449967691736724
4.869576697171049
4.852655175918098
4.434339831760526
3.689070631276644
2.722096925252805
1.6565741442819248
0.6176291573708024
-0.28408332859596225
-0.9666198001834488
-1.3863965954829696
-1.541584173826245
-1.4687594942787887
-1.2336138916662782
-0.9175952048246381
-0.6030403197678886
-0.3595189118424019
-0.23376201447659845
-0.24467929191576776
-0.383797524055714
-0.6202695071207794
-0.9086397431690503
-1.1972987774606625
-1.4360158802694187
-1.5815425580271056
-1.601077296799235
-1.4742666126098312
-1.1945438030066855
-0.770095575425325
-0.22434326794138995
0.40449397572671847
1.0653339802079338
1.6980037722463466
2.2389047261735358
2.6282373720569443
2.8177406902095092
2.777441560260237
2.5000943630407706
2.0026192129219753
1.3246884569251958
0.5251151753783443
-0.32354312157285214
-1.1420852035634637
-1.852958566302026
-2.3884450202914604
-2.697581919252335
-2.7516667408643074
-2.5483772838440863
-2.1135744413710515
-1.4994007834525744
-0.7780727540407288
-0.03204775562962102
0.6576025278917479
1.222260370758401
1.6142696347892993
1.8116198700475983
1.818211444625935
1.6597197973628584
1.3758414852957448
1.0107582657141214
0.604557412221889
0.1881757720381134
-0.21711007368823812
-0.5965916554640329
-0.9373627409726673
-1.2236548875872564
-1.4338550951282454
-1.5407620117692122
-1.51588714224511
-1.337010729580615
-0.9966803434443108
-0.5088876267465824
0.08806524692456051
0.7334839856938294
1.35119589680527
1.8604765398623317
2.188687768172752
2.2830543027378876
2.1196585243302115
1.7084653505762244
1.0936485200180819
0.3486786607122589
-0.4338386195423701
-1.1561943930479495
-1.730657560604137
-2.0924699509477014
-2.2084810882723493
-2.080365683815584
-1.7423080999894025
-1.2538510298633048
-0.6894690025178098
-0.12691103522131802
0.36376285126485974
0.7290688888263394
0.938242437623217
0.9862161725567046
0.8927359155323833
0.6972858590523482
0.4508228654686517
0.20637288374335008
0.01058033916237589
-0.10237601680219259
-0.11402313557083414
-0.02235072603210078
0.15906717135224643
0.4028326280625777
0.6702612328710299
0.9151765213265743
1.0893702525789142
1.1494599567197727
1.0641005420463394
0.8201858756328346
0.4268425363501553
-0.08360591353974228
-0.6579467029470836
-1.2274836723324245
-1.7164896026628442
-2.053341149782509
-2.182594549652971
-2.075283832985383
-1.7351867411720607
-1.1997596540561946
-0.5352258841030807
0.17361021029092863
0.8368023283234386
1.3729617526209026
1.7204719326651414
1.8447664246301148
1.741603186279254
1.4368305493953468
0.9827468908404055
0.4506933666756943
-0.07989142926951838
-0.5341997861282521
-0.853738614544731
-1.0044455573301458
-0.9799191815732355
-0.7996373610819419
-0.5029427257429824
-0.14036483873099723
0.2356225474668846
0.5785165407992877
0.8533255374568522
1.0393412617864575
1.1298996979303444
1.1291648747313396
1.0466679940834838
0.8911689120331154
0.6661145771356125
0.3688219783240667
-0.006066066705117277
-0.4602171567989502
-0.9845419986229348
-1.5534848503591892
-2.1222412609237797
-2.6280421401844594
-2.9963218869696098
-3.151605384496336
-3.031136904461752
-2.5980170502210314
-1.850759172553567
-0.8272742902974708
0.3971426843060623
1.71685599449935
3.006475692578609
4.133710710721973
4.973499884861975
5.422412436921697
5.411953401191348
4.9190481057138475
3.9719038402123914
2.6498030445755836
1.0762614301224198
-0.5940723107836534
-2.193745119156689
-3.564011119508
-4.576002339720815
-5.147391278726275
-5.251369239620559
-4.916920725557212
-4.221626549186251
-3.2791981905038816
-2.2233286218631156
-1.1888360164589522
-0.29174627141281834
0.38869940713537576
0.8223942226057186
1.0320620258006197
1.0871745793665097
1.088787209586796
1.147455606340271
1.3582181341067336
1.7780182321858011
2.4103979048092836
3.200324363720272
4.039946336070552
4.7841748992648565
5.2733480301038815
5.359198036702071
4.929943781319509
3.9306235175161306
2.3757288333841315
0.3525326279294507
-1.9849616814917634
-4.430145772473937
-6.743876240233324
-8.67810467983496
-10.001053444214055
-10.522633751317676
-10.118811881761202
-8.752508529974559
-6.487322738878746
-3.4902153030173544
-0.02091985405546402
3.591460824978817
6.9821060661687895
9.790855165254566
11.705168550845936
12.500633470801175
12.073205851604344
10.45757194985942
7.8275333645689384
4.476935965966516
0.7830904516394231
-2.841853442754141
-6.003887071559735
-8.376495018707127
-9.739483873956287
-10.002185227252562
-9.208256707080627
-7.522255747254954
-5.201292538883017
-2.557112951830435
0.08561095150755807
2.4293146615171617
4.237003724537485
5.355481176413324
5.726386524905626
5.384699079227136
4.445874336920652
3.0843260239634076
1.507112036744989
-0.07314857918821827
-1.4629879175036453
-2.5085078290728475
-3.1102073399996386
-3.231003217154913
-2.8965288676332897
-2.1875694249017457
-1.225593387406938
-0.15362046943233096
0.8844622264684375
1.7629563799333596
2.389000932558134
2.7108570016598916
2.719253414289937
2.4425253241904805
1.937116443072419
1.2757196611461723
0.5357350090978898
-0.2098601677071469
-0.8986092069807019
-1.4821089287878828
-1.9272652917787512
-2.215253886585362
-2.3389193099028502
-2.3000941286813745
-2.107968073409779
-1.7788075907268468
-1.3365624445304334
-0.8133087576941873
-0.24840411881699265
0.31429458390998544
0.8309158437066789
1.2626452848980771
1.580175375583172
1.766726273157584
1.8189407192870242
1.7453020938338324
1.5627108657592435
1.292670854590823
0.9586051935507408
0.5850254517895536
0.19789988016128074
-0.17525286026351314
-0.5066039558918861
-0.7706669222662387
-0.9477181094932424
-1.0270934424403768
-1.0094967129792167
-0.9075929602890088
-0.7444695403530898
-0.5499225494389152
-0.35496086761971446
-0.18567448903794104
-0.058202318734678335
0.023813587684856675
0.06870927442049031
0.09315914227064663
0.11602603956819613
0.1515038922607437
0.20409382817859575
0.2672104143303967
0.3255526025567618
0.3600685258723995
0.3537649366646308
0.2966234869589223
0.1884767092743475
0.039510007089830046
-0.1313879092700545
-0.29994303964795277
-0.44081337420737654
-0.5319186086109594
-0.5576215273718571
-0.5101660497774912
-0.38971432243948817
-0.2036654679453434
0.03426110531730397
0.3048722098344846
0.5841695175793257
0.8440807888148273
1.0538427030288764
1.182729395011068
1.2043519887771663
1.1018056065216029
0.8722130011304674
0.5291374380267426
0.10188493459189112
-0.3681295491993038
-0.8326255472753998
-1.2420241614313805
-1.551076062991242
-1.7245605308659782
-1.7422160160082312
-1.6016200358428
-1.3183926642263595
-0.9239679471922918
-0.46154979869660046
0.01917729790369592
0.4681829096369624
0.841661866080157
1.108227409921771
1.2533571603537323
1.2807136068749074
1.209785403415132
1.070431711521158
0.8958034442359354
0.7155274083683779
0.5507308842771632
0.4115911897012585
0.2973231612105623
0.19822801276363183
0.09930083058177196
-0.015283325913390265
-0.1575850475354013
-0.33205665934923495
-0.5333246365588148
-0.746165901023307
-0.9475582757873284
-1.1102432338424588
-1.20714069807033
-1.2158288148062633
-1.1222928541987005
-0.923423525018916
-0.6280613434340795
-0.25666782440555314
0.1600783370984479
0.5834588772456278
0.9695537354252958
1.2729780702707492
1.4519336215905183
1.4743645506562517
1.3240246233595598
1.005076409926974
0.5444198300029488
-0.008692426080773148
-0.5863680013860304
-1.109667892180495
-1.4995581459638743
-1.689263296482759
-1.6355377278185546
-1.3267330654289633
-0.7861934866768401
-0.07049437890013106
0.7368813367387382
1.535212586416723
2.2181424659352174
2.685932293282949
2.8575168498477015
2.6816603401276007
2.1460255886260375
1.2824480791785235
0.16684027826631379
-1.0869980927028167
-2.3391902786811225
-3.439771106365856
-4.2470328882617245
-4.646197998183591
-4.565802625426107
-3.9888744185583187
-2.9569796623887985
-1.566789199162611
0.0404091892779421
1.6953510088952224
3.221456971303778
4.456225065204243
5.270177148517559
5.58106228850633
5.361759169884015
4.641097386355104
3.4979808374478503
2.0503948788645947
0.4414445848654114
-1.1757055083903214
-2.6526336719608974
-3.8590078861381922
-4.6933911555713275
-5.090878672383997
-5.027419720891916
-4.520861984582655
-3.6287626062216356
-2.442976003401106
-1.0811511659170003
0.32432743674990594
1.6390530323906944
2.73990401425089
3.5276491487030226
3.9372577023144952
3.9444417961246434
3.567590973896563
2.864926747418512
1.9271085940455484
0.8660053185133152
-0.19885778920835342
-1.1541719115739602
-1.9053155749192208
-2.386180105593829
-2.5653250632980193
-2.4477593934361423
-2.0722263696907026
-1.5044837585279205
-0.8276355548330178
-0.1309615982747854
0.501246415505793
0.9995514906620667
1.3170343706046381
1.4340828129184762
1.359555861139119
1.1277616732636602
0.7915355831930089
0.41269003995681136
0.05175636166449632
-0.24099595015125044
-0.4320263455077576
-0.5082153227248685
-0.47778133909648873
-0.36816905063361555
-0.22074849919319753
-0.08283120872403063
0.0016696636381218065
0.0011385166637385012
-0.09696155288022257
-0.2825724888141857
-0.5234254109398286
-0.769645561359573
-0.9623469034793486
-1.044902076524112
-0.9746587768762726
-0.7328395354509111
-0.33072952372080955
0.1895679590603244
0.7608627354257922
1.3022701137100978
1.733479073143565
1.988698975447423
2.027828951594429
1.8430731904160835
1.4599614956639106
0.9328009461805677
0.335488248883094
-0.2507437168899972
-0.7506181041890829
-1.1071056448797783
-1.2908318924412474
-1.304793049305918
-1.1831362763146183
-0.9839319929206428
-0.7769912983096204
-0.6287157578435998
-0.5869236371842758
-0.6691571516229355
-0.8574755715225373
-1.1011886519628786
-1.3269716988495572
-1.4539020091334927
-1.4097719987717456
-1.145245802999458
-0.6438551689482116
0.07292704250834725
0.9461376762435749
1.885805129505196
2.7827930943296675
3.523890649692109
4.00752163406369
4.157597964102509
3.933425254064607
3.3343900540995954
2.399239558725783
1.2008656876265817
-0.16148774760662848
-1.5706706487952005
-2.9003034152354563
-4.024768544317015
-4.831282422757275
-5.233014415269476
-5.18096452878814
-4.6724672235347
-3.7546038713120438
-2.5210224544746516
-1.101745615776561
0.3526641075154515
1.6900854129356222
2.776158839855238
3.5111920616642425
3.8424001177283285
3.769920610760045
3.3454380146780935
2.6628803727067862
1.842392621097023
1.0109340081235476
0.28346568095256286
-0.2524706654088629
-0.5472845130196899
-0.5942287883748537
-0.42842526807186515
-0.1199960365521646
0.23832635391342724
0.5474240594631637
0.7188695249203411
0.6895648920060846
0.43113006176103486
-0.0473778554556009
-0.7026045122311414
-1.4636755222599274
-2.2407732745694227
-2.934796385706396
-3.448040145871874
-3.6957906867219186
-3.6180589850054217
-3.189683158155016
-2.4264808357837904
-1.385686468892288
-0.16021583392864897
1.1325258298461276
2.365786894713848
3.4202389519486918
4.199156039580499
4.6387223556324555
4.711860973631208
4.426624852794074
3.821623648509655
2.960202499761744
1.9236236674755214
0.8030832354290174
-0.309088961739057
-1.3282290484316293
-2.1849885415811983
-2.830377601122675
-3.2372004601376143
-3.398376781090606
-3.3240153334438687
-3.0390726451901062
-2.581948528788526
-2.0027356101682785
-1.3595970502901051
-0.7129769074389369
-0.11874726605987555
0.377957480596514
0.7467476336433043
0.9734257131419285
1.0595784479110708
1.0212959522750993
0.8875774466432201
0.6984416166511885
0.5021955661893017
0.35087992497602394
0.2932446593347818
0.36574241561421056
0.5831166909673086
0.9309469150022316
1.3629661208071502
1.80522614864474
2.167165074093262
2.357622517299636
2.302530521592774
1.9606140763771704
1.3342209121889217
0.4733269873991291
-0.5288600868116111
-1.5491453271947153
-2.4546104518568845
-3.126066538854164
-3.4797804474441176
-3.482476283889612
-3.155992210103293
-2.570724409973892
-1.830119433889794
-1.0503852762142938
-0.3394689509025959
0.22138530173558307
0.5903106906539971
0.7691886552674777
0.7990722111129962
0.7480478659104943
0.6943016926205037
0.7079255246744836
0.8352003318276925
1.0886659015767746
1.444987270120174
1.8506048349454594
2.2333474915989338
2.5171511545566845
2.636512153928998
2.547485748145163
2.2334643639571046
1.7060368838484932
1.0023310978823936
0.1798947533311242
-0.6904808240467089
-1.5335523149408345
-2.27887350077527
-2.8686389892215844
-3.2625331572678733
-3.4393793096994774
-3.39669685997003
-3.1493662281437866
-2.7275075869456056
-2.172712443249909
-1.5323876026246381
-0.8536540003235197
-0.17885225082506356
0.45647223390270036
1.0238532189973217
1.5018515241745882
1.8764964274057916
2.142159345203168
2.3023452276464473
2.3695874673865527
2.363393178583281
2.3057632199425933
2.2152158020407087
2.101286098370607
1.961300314053932
1.7802313048276013
1.5337008170740458
1.1939907000783816
0.73840808450043
0.15818872791651523
-0.5346880123859034
-1.3049872860568053
-2.0967818368138467
-2.840260443757511
-3.4610815896238036
-3.8905066900270047
-4.074703368501328
-3.981851363839956
-3.606123462544378
-2.9680999806998476
-2.1118796776309154
-1.1000297182539083
-0.0076256330368497886
1.0841527124393497
2.094809627119923
2.9512876019200407
3.593966082727251
3.981210792086257
4.091968439524205
3.926392139581497
3.5050589063820023
2.867371499510192
2.069163814451428
1.1789427971078787
0.27216879038187136
-0.5762863104704048
-1.3003425443521526
-1.8500776070040341
-2.1971363583371994
-2.337277546037815
-2.289292720684217
-2.090377549253934
-1.7891376806030308
-1.4378800168428332
-1.0857048873531505
-0.7733995318768269
-0.5303044486999486
-0.37256781770052333
-0.30207942957875683
-0.30612089788065106
-0.3586356700349741
-0.4238094826623816
-0.46158249089983694
-0.434045131771694
-0.3116469869807042
-0.0782952468074682
0.26537326462097416
0.7009825228712283
1.1937696244201708
1.696052013128748
2.1523621507464625
2.5057100529634293
2.704327264720675
2.7081591357053583
2.4943186166023206
2.060764250983628
1.4277141967654574
0.6366828060200854
-0.25255917934650335
-1.1665882651436645
-2.024255828699629
-2.7440595481444694
-3.2528735310384174
-3.4951960836556344
-3.4413132508971027
-3.092647624408974
-2.483156093758791
-1.6763404050451474
-0.7580538999211348
0.17392992229019674
1.0220534906165528
1.7011511842886167
2.1488759418142473
2.332675949292992
2.252468413144443
1.939270419531273
1.4505704562020756
0.8631587576593247
0.263981722774942
-0.26044120806862914
-0.6353558421376061
-0.8086400076777797
-0.7592137413898651
-0.5009505403596135
-0.08105542545259381
0.42683815134233916
0.9337272528649829
1.3487831147907468
1.5932490551022531
1.6123525610724054
1.3833514786209362
0.9188335455228385
0.2651565945260496
-0.503730418781313
-1.2963652068595202
-2.0163999827153942
-2.5760132031750635
-2.908010940143514
-2.9743630314289415
-2.76960777076475
-2.3190681999512712
-1.6730727190695944
-0.8987637188107085
-0.07099685156771834
0.7363972436621015
1.4580516049011913
2.042527581177483
2.45539307558065
2.6799770323004073
2.716227020873344
2.578135640457613
2.290317739436742
1.8844495672440604
1.3960197847202978
0.8615776340733217
0.3166071702100601
-0.20621110820295366
-0.6788846395651849
-1.080102432206128
-1.396616196200511
-1.6234602906697453
-1.7629600817819095
-1.822673212564756
-1.8125738292021416
-1.742087225746803
-1.6177661316960084
-1.4423464457006452
-1.2155917653631862
-0.936675418906553
-0.6071084278101359
-0.23298925734774645
0.17412409490261355
0.597573657135052
1.0165075375676103
1.40679256433709
1.7420600236144135
1.9953962689498428
2.141824317658245
2.161208004476358
2.041171789100245
1.7797685183050562
1.3874536581290722
0.8876826196054295
0.31565461436563214
-0.2848452684148614
-0.8662902709596353
-1.3832059585781844
-1.797473346443754
-2.0818894058101547
-2.2216697355873
-2.2140607427005214
-2.06634572918037
-1.7928728126402689
-1.4120463021115468
-0.9443724701284718
-0.4124923371308001
0.1568844090954584
0.7305972140787109
1.2680921826076963
1.7232218733179219
2.049110306558941
2.205234138476314
2.164942747005225
1.9216054315423141
1.4921761985026873
0.9174265194573203
0.2583864886595725
-0.41083236763652586
-1.012714822920718
-1.4767761844607734
-1.749075969639377
-1.7995813779908496
-1.6265101533805857
-1.2570597407189465
-0.7443071542356859
-0.16047176967273344
0.4127978678076069
0.8958228727773587
1.2222468369312498
1.3486794620756701
1.2612672268457583
0.978052230534749
0.5462921177769503
0.03468765012837797
-0.4782383509384464
-0.9172141685803715
-1.2220845982831103
-1.35627864687973
-1.3104805122399772
-1.10131473816189
-0.7661931542889815
-0.3559756049804634
0.0734169720442364
0.4697341371122675
0.7922674323816624
1.0169600797844862
1.137399240011526
1.1620418701680755
1.1092299259767473
1.0014838740198635
0.8601208265319192
0.7010223347130544
0.532093998813668
0.35270864466692176
0.15537838072439436
-0.07041325146640069
-0.33288355712019474
-0.6321430248829989
-0.9553215650683737
-1.2746277061309181
-1.5498677633942284
-1.7350125748784286
-1.7867571082136404
-1.6729801575925294
-1.3797943097970027
-0.9163108598726316
-0.31625702156096663
0.3642078623307878
1.0524502976874355
1.6683147143665213
2.1348105627406304
2.3890003291853397
2.391497846737895
2.1331878507745676
1.638008646452107
0.9609237353691283
0.18095327691140786
-0.6095710222191129
-1.3171296336249074
-1.8579761469536573
-2.166717606248957
-2.2028126408263713
-1.9554917349454197
-1.4468671233640233
-0.7325030899988876
0.10147956274592386
0.9458259780130499
1.6806653823156754
2.1922315969571047
2.39117202184589
2.228836024884231
1.708041274438386
0.8858391676400911
-0.13262223117777444
-1.2083574144230442
-2.188732014149712
-2.930280172941137
-3.32023433813823
-3.293266752693134
-2.8411708615945916
-2.0142803221700127
-0.9142229556160082
0.3211836584319587
1.53843908827176
2.5904300109844067
3.355981161212812
3.754072865567094
3.7516667326179287
3.365046868403339
2.655091057341112
1.7175925747556564
0.6700889580237711
-0.36356139696271517
-1.2694620045081393
-1.9587325950000443
-2.378817827061
-2.5188457003912856
-2.407905685714568
-2.1067127678959863
-1.6945759350426173
-1.2543034797128236
-0.8576811585025785
-0.5538734932941498
-0.3626951711155947
-0.2738478989837058
-0.25189264030584785
-0.24567936282078384
-0.20046409409235688
-0.07044395023403836
0.1709062123033836
0.524760400707088
0.9659778076543957
1.446937546985021
1.9050586627441812
2.2726393783862435
2.4876784521885438
2.504007287422607
2.2988260859046368
1.8764670381989488
1.268196953412341
0.528164495922011
-0.274130217218266
-1.063551960521367
-1.7692401895785856
-2.332946354983159
-2.7146123751168405
-2.894474594186373
-2.871707416611505
-2.6605970902076668
-2.285769181292858
-1.777807491359884
-1.1700653495597186
-0.4970272471779969
0.20565508239161384
0.8997558242654247
1.5428427738349644
2.088178887943368
2.4876269843986334
2.6978293063218106
2.688369345156405
2.4496901080964726
1.998652022527995
1.3800047539585352
0.6625212866232897
-0.07024216119626595
-0.7329686257823367
-1.2526711500487695
-1.580726954847564
-1.7000672414780276
-1.6259032188289442
-1.40007944219449
-1.0808670381996013
-0.7310220580623291
-0.40680626677393333
-0.14978766868254395
0.017790035236784536
0.09404500697050526
0.09519818312725004
0.05056860774919111
-0.0041454812457022636
-0.033980060078788024
-0.011089349659556002
0.08030678935917518
0.24084659421524618
0.45521149305945524
0.6938456165284481
0.9171906692424092
1.082023733348449
1.1486929186774144
1.087427535026146
0.882726647329981
0.5361856987868241
0.06809717121011379
-0.4825882743787946
-1.060373091484784
-1.5974807270392999
-2.0202863668889304
-2.257900534994353
-2.2525218738384325
-1.9702576974024015
-1.410223692156709
-0.6096580325572922
0.3565450181479199
1.3823640615107664
2.3424298552162304
3.10744368609622
3.561488720790239
3.6193764741086394
3.2418158908030965
2.4457946943886903
1.3074440501753444
-0.044535029972328846
-1.4448500441848706
-2.7146516229013145
-3.687499767769133
-4.233493819083802
-4.277682815164547
-3.810605944212121
-2.8899700788016456
-1.633092992174832
-0.20096272727185907
1.2237486913849964
2.4616041659668757
3.360682513383453
3.8163802111603133
3.783774778106459
3.281323232220933
2.3859305445043644
1.2202514290130462
-0.06572510886773245
-1.315343111460813
-2.3841250731623322
-3.1539162254969164
-3.5418116061398583
-3.5048546570807457
-3.0416110640902003
-2.1915535197045646
-1.0328082304929893
0.32215557660474997
1.7338727193250154
3.046804693513222
4.103830907892889
4.763885027358816
4.921242290497347
4.523424480341073
3.583765159306833
2.1849499280856732
0.47143019430635796
-1.3687381243379022
-3.1294268080643444
-4.614594830142823
-5.66404597650785
-6.172506831834063
-6.099446621218945
-5.469141597723321
-4.362179989946724
-2.900770038762259
-1.2309614251782726
0.49496647872369526
2.1332714511100628
3.559112200705019
4.672346080631389
5.399988366527781
5.697580267965414
5.551614705793943
4.983294243668003
4.051234288605239
2.849671506017403
1.5002789905922305
0.13830376013035178
-1.1044885889671678
-2.1171157779090533
-2.82408162522689
-3.194745048689433
-3.245273182564893
-3.032747721165237
-2.642761404645911
-2.1728927020187796
-1.7151433261303977
-1.3407961532128974
-1.0905257572303981
-0.9711541601746828
-0.9589040228253698
-1.0076277280635284
-1.059738414639925
-1.0576544345986638
-0.9537048567272209
-0.7165969412876677
-0.333787671399553
0.1891147570832335
0.8303049571794106
1.5542789511862318
2.3147609682482906
3.0580485068670726
3.7264871797275627
4.261438584451999
4.6053471498200835
4.703407244222746
4.50602272675237
3.973341248468734
3.082713247881111
1.838651071226484
0.2829736498416362
-1.4983742718367765
-3.3750623754792652
-5.180584643037956
-6.728995006977287
-7.838098296669807
-8.355222834117734
-8.181043391633075
-7.28751967713909
-5.727006063862231
-3.630482347848602
-1.1942827437101762
1.3431492494416624
3.731069873306287
5.7382906506071425
7.181944692529087
7.948296271373365
8.002534682481329
7.38720725887205
6.211099190572026
4.631250092327709
2.830965858877429
0.9969532733927744
-0.7011671438722552
-2.1265038128623823
-3.1846240587564663
-3.8273790058571664
-4.051487604939435
-3.8930115948783994
-3.419119814072732
-2.718834119735734
-1.8944416245195281
-1.0540382894594549
-0.3040726439086181
0.25929737863038865
0.5600380904061539
0.5524199203148509
0.2302839824303976
-0.3663625525419016
-1.1496452367301244
-1.9892428819534531
-2.726049149600911
-3.1930602669377164
-3.2406911858073864
-2.7629632247337703
-1.7205731858583007
-0.15660201134207138
1.7988094655526679
3.937047162367615
5.9932571914839405
7.680421387560756
8.730831237837787
8.938258717743778
8.193535373697076
6.507341082316891
4.015864372640803
0.967444029159532
-2.3085261238870474
-5.445846474463703
-8.091825418778097
-9.95540755344403
-10.845205878874129
-10.691421185091233
-9.54889923593491
-7.582309750733927
-5.03741690069607
-2.204081665234275
0.6228754901998117
3.179234987242422
5.258874758888106
6.730494795159197
7.542465155969699
7.716116447503139
7.329724406244221
6.497266348118303
5.34652304767957
4.000473621578574
2.564728763483377
1.1220872704994718
-0.26624569013572275
-1.5545095401550866
-2.7043228549572023
-3.6782019439375073
-4.437016813281678
-4.941686419885142
-5.157754009704931
-5.060982921294215
-4.6426302804657436
-3.913660311051637
-2.907400980476589
-1.6803477583870616
-0.31104897928843106
1.102874514436681
2.4495426095684585
3.6097894255925262
4.467196312285459
4.921783118782942
4.906047726895708
4.399805487305047
3.4397110769599
2.120595898722177
0.5876019612769267
-0.9801889614289716
-2.392606141056642
-3.474740574044341
-4.092821679330025
-4.174877750734453
-3.721905808887535
-2.8072370114857814
-1.5644359962275793
-0.1664816979702248
1.1994745686262767
2.35722539225215
3.163054940313984
3.5218613028012373
3.3969850025436847
2.8132883457142137
1.853320509447494
0.6467051856551183
-0.6464472900770156
-1.8562444800299767
-2.8251510494932592
-3.4285349861245122
-3.5907635195580445
-3.2947682236935636
-2.583854892917965
-1.555240598568496
-0.3459579953601997
0.8867400628259757
1.9873362539607957
2.8229720552969364
3.300377678114665
3.3768022741110264
3.06387330696127
2.4238892137608743
1.55869491904741
0.5925551025299449
-0.3479918401407351
-1.1533289426013908
-1.7451720288592476
-2.083867789109705
-2.168661236904694
-2.0326425702773467
-1.733954332569477
-1.3441825384088217
-0.9350446191463064
-0.5653703089261815
-0.27099069419701005
-0.05983269208434679
0.0864947566162248
0.2045908009631585
0.33630012828470923
0.5143749883419901
0.7508268959388501
1.0309767454680012
1.3144963803947831
1.5433151204256892
1.6550451043483803
1.5989973361315333
1.3505367671315438
0.9197858829683112
0.35235036751691434
-0.27820089862078873
-0.8841893123635025
-1.380406895968985
-1.6995407517918246
-1.8034525196229536
-1.688589602329129
-1.3850112238919943
-0.9494515937036151
-0.4538607717661845
0.027935674589069717
0.4325071660341154
0.7159299942918517
0.8584101604807673
0.8636423027362274
0.7535705637012943
0.5608811064203314
0.32181494314920595
0.07088151382615435
-0.16207124837071551
-0.35277054255993034
-0.4821939185544875
-0.5358740363582816
-0.5035862065492801
-0.37998202228984473
-0.16649239810861158
0.1257277603506522
0.47299489826061114
0.838069054532233
1.1718557522308053
1.417969822091079
1.5201269141031508
1.4319490722093309
1.1276168922968162
0.6108695408058824
-0.07996570576802946
-0.8724494705630716
-1.6668706312904307
-2.349323516612308
-2.8091947174210974
-2.95773020735176
-2.744016396876591
-2.16541029869556
-1.2707142309399866
-0.1558318513723697
1.0471356197997566
2.1857369907705357
3.106384737119043
3.675432282582651
3.7997322606460098
3.4429968701420477
2.634242630176756
1.4661990701870384
0.08375463488467658
-1.3355959143407499
-2.606091356036819
-3.5591343243181233
-4.066373690236499
-4.057554991088463
-3.5305184338321918
-2.5512124272439083
-1.2433869560109663
0.22981708103430862
1.6885412160744264
2.9591438225856215
3.894175903342688
4.3873665275802995
4.382752195391372
3.878114420397
2.9236795261087125
1.6170257948695295
0.09443327414059592
-1.4813869077814812
-2.936810231980117
-4.105208183121995
-4.8459502979120925
-5.062471311854476
-4.716674968229853
-3.8367993117532095
-2.516602176583556
-0.9054211683487984
0.8094140087837679
2.425302429967534
3.7495852564542975
4.624481217877442
4.948540134030034
4.691268077353117
3.8982286251885188
2.685320157227819
1.2226880948901944
-0.2896257259616273
-1.6508452305789576
-2.6888542875338812
-3.2848079362776597
-3.3888523357733984
-3.024715491881986
-2.2829623426000856
-1.3045610367572282
-0.2576708431166726
0.6888820683717309
1.3915728676430918
1.7535637816187206
1.7380983023358427
1.371668400763267
0.736415329269934
-0.04638088774217166
-0.837831328450521
-1.503634568022701
-1.9335485172031477
-2.0561086955177053
-1.8472432384936592
-1.3315876036656633
-0.5763821065225153
0.3202409048391275
1.2438029383353555
2.078461759229514
2.7208239263934333
3.091581109753664
3.1440070443985877
2.868216804388914
2.290709455755516
1.469714116109716
0.4872774019620459
-0.5608567937600807
-1.5761598607526133
-2.4672501335618082
-3.1573137443045516
-3.5885999051939796
-3.7248561603583985
-3.5528127568198524
-3.082944363436321
-2.348897373343566
-1.4051483470698451
-0.32325700126868495
0.8127982204288707
1.912321117026687
2.884720503012784
3.646723879807523
4.12900928434472
4.281896802739923
4.080174076495198
3.526843055614457
2.655000158070953
1.5268973850350838
0.22977954114418098
-1.1310140121995447
-2.4406383105977283
-3.5840629510697277
-4.455547531921058
-4.967938161253056
-5.06141299718748
-4.710910695407132
-3.9310062375720403
-2.777121762417568
-1.3425581160187905
0.2487672712329011
1.8536348283679769
3.323959323362895
4.5226246318281325
5.338353290537119
5.697169911723743
5.568929172420757
4.96865699768134
3.953180356813412
2.613833454178855
1.0663815503406566
-0.5604121428352586
-2.136232215750886
-3.5397106530341396
-4.667257695893162
-5.439470015650134
-5.804671272633103
-5.740066968058396
-5.2517061657706305
-4.374021471559748
-3.1685818061148496
-1.7211396996234345
-0.13643460470154298
1.4691371916736606
2.9762701506114353
4.271881870784646
5.257889332300699
5.859146232018938
6.029813649840817
5.757453665406308
5.064517406531651
4.00695604455391
2.6697099591820863
1.159197153666913
-0.4067461288725989
-1.910614082377782
-3.247058025539244
-4.332577646917456
-5.11104270789551
-5.55413358911715
-5.65737917575767
-5.433644519154883
-4.906294498786061
-4.104031288734937
-3.058789871866315
-1.8072344428755176
-0.39527203029499036
1.1163471278513173
2.648046872595282
4.101323575156698
5.363511401386575
6.317057356360587
6.852122297699821
6.8811007268477296
6.353494588032907
5.26902932777793
3.6861452354621527
1.7227807256809986
-0.4524268391710386
-2.6378800151616884
-4.622629690711094
-6.211665791438942
-7.24901231524904
-7.635773927116611
-7.341188092417558
-6.40542663106362
-4.933784639969003
-3.083045802798494
-1.041980033728073
0.9911828799560506
2.8311155326654425
4.324545745787776
5.363787666135073
5.893452618523489
5.910438364870632
5.458187595172899
4.616778271687224
3.4906587329109944
2.1958324466342076
0.8482379027991543
-0.44537286801778997
-1.593708521753205
-2.524837147051843
-3.188506326386818
-3.557608329743062
-3.629122393364255
-3.424362394288997
-2.9878709473478136
-2.3839492335813564
-1.6900031374905917
-0.9867542827940287
-0.3466672234280172
0.17679752816452554
0.5563121560126829
0.7927280627973526
0.9122477148751992
0.9597506759532279
0.989295707437663
1.0527175956303791
1.1877640225887696
1.4081175669006936
1.6978337043596896
2.0118770007641977
2.2830017700445078
2.433558650173626
2.3895362785933068
2.093947369546582
1.5175649265863767
0.6664083529430079
-0.4139278651836039
-1.6377592972590653
-2.8842068974500594
-4.008577833415303
-4.859668076785336
-5.300863202874504
-5.231802187109095
-4.606831301570642
-3.4467242924423793
-1.8410599938006729
0.059801998285537596
2.061914323610959
3.950696593240142
5.515762815494319
6.574936893813452
6.995740905300607
6.7123864522976175
5.735849465279096
4.154888973938803
2.1269902290177733
-0.13975218220030158
-2.4106134916698667
-4.45014368990301
-6.04692728968867
-7.035160499062139
-7.3114668247649055
-6.8456959365132635
-5.6848707405158905
-3.949678977132374
-1.8231244001349463
0.4681828393584612
2.6782848166569866
4.569012203486852
5.9370155821974055
6.637445351099162
6.60117291753852
5.843444072826166
4.463130652642669
2.6325075822954433
0.577850306988494
-1.4479901051005073
-3.1981507488461562
-4.464929938835567
-5.108452508533009
-5.076088562419205
-4.409021292024804
-3.23439357026665
-1.744111371199014
-0.16394193484777875
1.2816005947163984
2.4024155590565544
3.068599143673014
3.225297087005703
2.895267077614257
2.169694321702202
1.1894257430160164
0.12011128467457186
-0.8744765894622498
-1.6564566194654453
-2.131291971924453
-2.2565016180339703
-2.041550022800125
-1.540331664411537
-0.8385818754447015
-0.03908026654294013
0.7526728709340524
1.44058612415242
1.9473046634884876
2.2207410364170226
2.2378273523683556
2.0053341199221606
1.5576596430270784
0.9518126922786324
0.2601325736288327
-0.4384495642045725
-1.0675312158543788
-1.5616680123118256
-1.8734049084150062
-1.978391585360962
-1.878079837951378
-1.599725739542221
-1.1934529104529636
-0.7259082439943706
-0.27039280396311116
0.10559582251729781
0.35322208045058023
0.45236664633566426
0.4158009409832914
0.2860753654284834
0.12581268163835077
0.003624213498367227
-0.02123309196999124
0.08795990039053324
0.3373276675718803
0.7011445664619717
1.127289224429845
1.547787610627386
1.8917731997816702
2.0977767011984554
2.1228881737919365
1.9475355575813154
1.5755878639118093
1.0305204958139038
0.3496158149148107
-0.4213707931773845
-1.231556229075898
-2.0264271277370836
-2.7488627311643565
-3.341032610528358
-3.7476791313115876
-3.920625129028349
-3.8240183382215185
-3.43962816389305
-2.7714546695545335
-1.8487740186813713
-0.7264364249698964
0.5186346047224089
1.794739460633203
3.005056117736251
4.057412917540297
4.872257839698481
5.387885683990424
5.562823555774977
5.375778143879585
4.824235099480738
3.923532409829406
2.7078772116822103
1.2331371396857869
-0.42037804117348315
-2.1475697659930084
-3.8226786462872293
-5.308532918525149
-6.4697346217916225
-7.187574070351453
-7.374576915053215
-6.986935710673645
-6.03301715553499
-4.575993922037198
-2.7290898576669207
-0.6434127743825119
1.5093263788221034
3.5551618349541223
5.333644158748332
6.709554795335638
7.581015683528423
7.884922748165131
7.600056784202239
6.7477526667608565
5.390225982693324
3.626835413165495
1.5881523002435511
-0.5724201933816849
-2.6892099213819787
-4.596417231468819
-6.1411847246214055
-7.196692562428347
-7.6741212503607885
-7.532165096413555
-6.782566541681582
-5.490265872769791
-3.7674867052684187
-1.762249610188125
0.3567096642901341
2.4156348354631203
4.249636344882521
5.714008173181879
6.693381380397491
7.109258402844606
6.926042954699477
6.15504580908552
4.8555681611014565
3.1324889030799765
1.1302875414776588
-0.9766020833143322
-2.997347017069014
-4.741962138176942
-6.041074982797788
-6.765810489040389
-6.844313246708157
-6.271397953040846
-5.1092021160782775
-3.4788185705871983
-1.5448616656102994
0.5038479773681883
2.4741949960926393
4.186880286577755
5.491541947812002
6.278492630059674
6.486829194746359
6.108530277936105
5.188188311045791
3.818316739020068
2.1304038898681603
0.28200834865249225
-1.5590814864403029
-3.231266002145302
-4.593362692596769
-5.535052664464866
-5.983422926473824
-5.90638385605666
-5.314246800764967
-4.2604801439945
-2.8413085089331953
-1.1922927990901904
0.5204886107896286
2.116079955614896
3.4204062886647573
4.291166955167401
4.641344473647419
4.456067733597887
3.79785145011857
2.797470884322377
1.6316689543088183
0.49239700756739446
-0.44611720415573985
-1.0560853704359667
-1.275341895269397
-1.1141933745349613
-0.6501641048455965
-0.012749783504532078
0.6390815043449521
1.1434190747653248
1.3621334838394463
1.2038051195577255
0.6394080596478594
-0.2916660485589021
-1.48617789992624
-2.7912499214142783
-4.025479067798017
-5.0033123424789085
-5.559250164353812
-5.569234569027741
-4.967339122759432
-3.7564106183440757
-2.0117080079435676
0.12308790859178297
2.447839890754014
4.725764141958511
6.709806478247342
8.172505230187939
8.934776310059997
8.888971946596435
8.012955195932884
6.373900495281433
4.122065896819449
1.475421136693307
-1.3038273866455938
-3.939147547078256
-6.172972278805583
-7.798810667194971
-8.686649191954894
-8.796424140255086
-8.176810949703361
-6.950409343547048
-5.289407155889195
-3.387135604065649
-1.431013101652977
0.41879848841086814
2.042804475954283
3.36737674337048
4.362673923908387
5.034700166411197
5.413023052923133
5.536261377601472
5.438642750107745
5.141329003082998
4.650769352813384
3.9637397773771235
3.0765501509454154
1.9953046088385422
0.7448476010519631
-0.6251717572343005
-2.0384183242289033
-3.3951179640891223
-4.580554787639475
-5.478038039408227
-5.984810491962997
-6.028591975248263
-5.581609564144968
-4.668707712682532
-3.3673632912697324
-1.7997188314377042
-0.11842441183165599
1.5113854008440355
2.9314952112900965
4.008846564170146
4.650208550291885
4.811427802469744
4.50069463232924
3.77651652787612
2.741088393179012
1.5291614486423795
0.29266481449431236
-0.8178672493031931
-1.6730069445794493
-2.1822528605038327
-2.3066783843804
-2.0639496981761845
-1.5245637653055053
-0.7995183421339964
-0.021273453442952898
0.6783154005145561
1.1885703530782166
1.4354585341960453
1.3900512807686656
1.0694106868244957
0.5304287122731675
-0.1416959186984786
-0.8478557773557157
-1.4897960408333326
-1.9832540559474845
-2.268037189695901
-2.3140184103851635
-2.122598208580444
-1.7239074086236938
-1.1705186494616682
-0.528575340786754
0.13252680147861462
0.7502135585912492
1.2765769438503713
1.6825138226681686
1.9576323905200965
2.106406888931627
2.1420042257519505
2.0796468987701844
1.9312204132256279
1.7025624012868943
1.3943455520596384
1.0062413042530005
0.5426840435768299
0.01800539332010328
-0.5408921622543194
-1.0951920354723013
-1.5978597317373855
-1.9993768875759057
-2.2546636618629354
-2.3304944761942687
-2.2120989576941983
-1.9071955185871041
-1.4463376229498945
-0.8795481217960375
-0.26996779002504007
0.31448867914455536
0.8103908223844024
1.1676160337567958
1.356225298784835
1.3701877104621751
1.2272021507577016
0.9644920572762228
0.6315463939713555
0.28170241867577844
-0.03544280987885209
-0.2794823432744299
-0.4223593617671566
-0.44990291712309455
-0.3622066284678675
-0.17281441547049606
0.09327440317747238
0.40244971244800876
0.715774067704856
0.9923801530632521
1.1927379975367873
1.281873807445762
1.2330741440031585
1.0322515614017111
0.6820578798430459
0.2043359893616434
-0.3602154781126712
-0.9557715611577596
-1.5181566905872863
-1.9833387964904763
-2.296080044131013
-2.4172986320600396
-2.329003897523494
-2.0364235878064405
-1.5672923512060315
-0.9680464722411494
-0.29721636402555096
0.38251146141437187
1.011790437152825
1.5405084099226165
1.9315765837515815
2.162670215997616
2.2264096047219124
2.129501682645484
1.8910858552316128
1.540278755917242
1.1129490797944837
0.6480904714046111
0.184362403931275
-0.2429201366611558
-0.6044269027210588
-0.8790326940426113
-1.0552049850850076
-1.1311889377937443
-1.1141432585906528
-1.0188006601632538
-0.8660056794356384
-0.6808926899407726
-0.4903380270123095
-0.31977693137952856
-0.18982654268393495
-0.11325917295167896
-0.09307500271234867
-0.12234314700689626
-0.1857953526384394
-0.2626625299157821
-0.3303364084366484
-0.3684238300763141
-0.3624556205033066
-0.30635965126516757
-0.20294326768537702
-0.06214791565180435
0.10234937294473759
0.2770253368409843
0.451565719448193
0.6200711688333006
0.7803176238672782
0.931867719249613
1.0739027407107822
1.2031444176146875
1.3118265377482605
1.3858671393449815
1.4041797941491068
1.3403694517897837
1.1671979136698047
0.8630805976878204
0.41924069164104444
-0.15418495355401277
-0.824767412335807
-1.5382806883210156
-2.2234441738003063
-2.80045807996765
-3.192002059422461
-3.3346768239173614
-3.18883967444801
-2.7455063335891605
-2.029679838361291
-1.0995803355860745
-0.04139034531196637
1.040268857548861
2.035220366019623
2.8422921851266807
3.3829261627660077
3.610930420535552
3.516616015920312
3.125360693892347
2.4917822502830225
1.691001544417374
0.8085381284613203
-0.06962622470619123
-0.8655154114750193
-1.5153511543564813
-1.973424785291478
-2.214287185051514
-2.233846158292962
-2.0492394003605092
-1.6968052731312826
-1.2276993371002878
-0.7015497835157929
-0.17935344729350058
0.2830376186000819
0.6400953738399113
0.8605234432131188
0.9301305187937808
0.8532716842567699
0.6519362065211177
0.3620677392329906
0.027926782722031755
-0.3039942508555051
-0.5904690170771836
-0.7961895872923204
-0.8973509035510931
-0.8836714586198032
-0.7585054335892077
-0.5370962873702827
-0.24346771443126575
0.09318194692233382
0.44185163875213135
0.7726079131691231
1.0589549618693657
1.279801479391349
1.4209538099267085
1.4756334524812744
1.44358820452736
1.3291324151570296
1.1390155540966478
0.8809461914430903
0.5632115084929179
0.19533715888803538
-0.2106993787435876
-0.6392115921284207
-1.0697438539893735
-1.4765735914158278
-1.8295526801521238
-2.0967115561827123
-2.2480652825219933
-2.2596852129004716
-2.1172836694748245
-1.8186498978970316
-1.3746587726799455
-0.8092520444234867
-0.15887244872088863
0.5288311972434442
1.1978829814443406
1.7892022242376209
2.247839619341832
2.53068370579824
2.6127547215675055
2.4907171903628487
2.1830933301869164
1.727334428047633
1.17422618463613
0.5805291471593518
0.0012872599877513534
-0.5168388689852011
-0.9404135314728892
-1.2517681992455316
-1.448891415144347
-1.5425646415863965
-1.5511870295050971
-1.4945348508748955
-1.388255034864584
-1.2407870102153067
-1.053678111927516
-0.8249234132238555
-0.5536038082504927
-0.24387737200307608
0.0926948245653516
0.43658294730526864
0.7612191787720666
1.035209378990489
1.225854192618117
1.3040767332917422
1.2503537842715908
1.0603708346567513
0.7486263271945461
0.3486036872844965
-0.09084896276400552
-0.5122051837703404
-0.8576031414645275
-1.0774539007167043
-1.1382273444246995
-1.0281606847550895
-0.7594381666513658
-0.3662355723638851
0.10052870367813257
0.5802501715869851
1.0103449650310625
1.3338233316754624
1.5060214047018334
1.4999195323363141
1.3096685551276541
0.951887665743122
0.4642627043743623
-0.09860373767484065
-0.671564598219432
-1.1867147215231328
-1.5816670391736212
-1.8072822616546171
-1.833846438564425
-1.6549898926292488
-1.2891040094193715
-0.7782991754967243
-0.18492392205524302
0.4143637381335412
0.9369258271364389
1.3047937010181565
1.4570817795987385
1.3623046893930821
1.0274283906922663
0.5005275637627569
-0.13443310605530273
-0.7700364392765875
-1.292825078733628
-1.6024637254881873
-1.629050019993821
-1.3455079802782126
-0.7730279858965423
0.02146281853568401
0.9352923337511889
1.8450685776421167
2.623560471819911
3.1561576974562047
3.3556231474334464
3.173895860100474
2.609424544738172
1.708589254855722
0.5603173742135895
-0.7156843472787379
-1.9847564771509072
-3.113794403956739
-3.9857507992702086
-4.5108301970322096
-4.634032020197551
-4.339320645737453
-3.650911314926495
-2.6316394288726284
-1.3778334594217194
-0.01043761273313859
1.336975387678296
2.5320107700641477
3.457693236844727
4.0260218155410845
4.189640045994143
3.9495316965812166
3.3560167842189967
2.5015633440922307
1.5065314099152831
0.5007985456172267
-0.39538710228958013
-1.0881198034133226
-1.5213282093751705
-1.681333882058454
-1.5943007988492703
-1.3179026535102594
-0.9295598847959228
-0.5136816142140246
-0.1496693092535004
0.0981769952667145
0.1880297953739145
0.10471815225598771
-0.1394499956741386
-0.5072801817967002
-0.9423783819231079
-1.3769574693877262
-1.7404653526695277
-1.9680146725597993
-2.008121208055509
-1.8295470936122304
-1.4267897258073343
-0.8231619331582984
-0.0701308515417056
0.7579333688539749
1.5732937073829927
2.2870514913960536
2.821700647429082
3.1219354893030378
3.1621413324207266
2.949220015963322
2.5198221266557335
1.9323588846677742
1.2557894675484242
0.5579455282824682
-0.10413921704596907
-0.6901413206904983
-1.177794848138613
-1.5602238491753566
-1.8410418403722641
-2.029202954523964
-2.134848250126041
-2.16658488519096
-2.130189198180908
-2.0285411000629185
-1.8625517994647738
-1.6326749760740966
-1.340279619365431
-0.9883973607801543
-0.5822881648697562
-0.13067628770464015
0.3523489049666368
0.8458482877235485
1.3221776309739992
1.7492631184050875
2.094536364600889
2.329325956238155
2.4324902554402184
2.3927039605724034
2.2094173776666732
1.8927375144165135
1.4625229794529122
0.9470515420830647
0.38157469812069134
-0.19336449937653388
-0.7344897640425403
-1.1996792741184983
-1.5528228395214483
-1.7686941419712157
-1.8367446558040676
-1.7628607845512199
-1.568673378941513
-1.2887463098640206
-0.9661903938841163
-0.6469742690547902
-0.3732536559065771
-0.17664900249135124
-0.07286336817812133
-0.058887483371647065
-0.1135588341679418
-0.20158146964354415
-0.28019614659212744
-0.3069530239516829
-0.24712168136077078
-0.08002194250750627
0.19604114167324
0.561171163709494
0.9752120446978281
1.3838426938904542
1.7283346389354006
1.9564372511135715
2.0316091970587884
1.938552705993557
1.6843078047095055
1.295304951870749
0.8114428913254461
0.2787156078213056
-0.25791664604475956
-0.7599958044761018
-1.1985113856936387
-1.554250392293073
-1.8163278321066982
-1.9800160978383707
-2.0446970067641304
-2.0122856592481635
-1.8861798085917814
-1.6707345242862337
-1.3713865999601673
-0.9956938302347277
-0.5553645300029373
-0.0686988977933117
0.4376979000476995
0.9290551414202811
1.3651406368055667
1.70549199374373
1.916094021765055
1.975769093425851
1.8806903938634503
1.6459968596361991
1.3041118492766524
0.8998763005262788
0.48314031330477025
0.10024521458471967
-0.21362687202608419
-0.43945176788302037
-0.5755468040946239
-0.6347781039041505
-0.6390163490977986
-0.612871205456244
-0.5784100332894943
-0.5518006663552338
-0.5421024566607671
-0.551720838444847
-0.5775931279122606
-0.6124074374398416
-0.6458622715329717
-0.6662569162605347
-0.6622596529445772
-0.6243447977540967
-0.5455828928772536
-0.42187390765029614
-0.252129891191443
-0.039037565899418404
0.20952876248722188
0.4791719647315467
0.7487498136408756
0.9919953261786983
1.1809482714056483
1.290350701602568
1.3019067417658714
1.2076135478023526
1.0115627328325623
0.7295423747057956
0.38623274975932537
0.011018148666107798
-0.3658268836006684
-0.7154383157923736
-1.0111372119731608
-1.2284294150483643
-1.3453251997708797
-1.3438015157359409
-1.2124337021827425
-0.949654597795873
-0.5669927325952336
-0.09158201345973842
0.4329213135911137
0.9479547586904576
1.384968701013703
1.6739312807233109
1.7548310817470343
1.5902426497239157
1.1757428254847306
0.5450175584638766
-0.23186640319910165
-1.0566819596028318
-1.816295947447942
-2.398935824195343
-2.711198949235354
-2.6933652124139944
-2.3301720437178703
-1.6543843429344158
-0.7422123081929197
0.2981307355608269
1.3421671812945315
2.266208836718956
2.9629537803412367
3.3538735307920025
3.3976192528562614
3.093867828722515
2.4821296317118566
1.6356744796325238
0.6515387764048252
-0.3619051555039347
-1.2982157309875482
-2.065406264200578
-2.596077409459017
-2.8536776567983924
-2.834149740275596
-2.5632212126614466
-2.0904133534998683
-1.4811869010685819
-0.8084487712484899
-0.14433211493383205
0.4469592233435444
0.9147363382465007
1.2258750367208684
1.3675121035174211
1.3480608275684904
1.19571608654038
0.9538684372764037
0.6738637480332149
0.4066263452202916
0.19497003770719146
0.06774628793204895
0.0361015632954263
0.09203652694166134
0.20995509166805756
0.35164511475044585
0.47386782356852536
0.5367726697726249
0.5114679957504428
0.38559832215529377
0.1661036034479862
-0.12140050485777512
-0.4367732092928517
-0.7325726646038556
-0.9630878870697617
-1.0931973651442124
-1.1050317307720405
-1.0011799778824253
-0.8040388391060295
-0.5513746631733387
-0.28865776219374145
-0.05949461108422225
0.1038641494023977
0.18768180320958525
0.19955116436838716
0.16592030054088636
0.12496947884451738
0.11666797150078352
0.17215284596018732
0.3045823903721942
0.5038195146845755
0.7369249783665311
0.9547522364364327
1.1028730201818078
1.1339280686030697
1.0184868155805724
0.7522840297950203
0.35872406490657305
-0.11373284391149163
-0.5990173478481268
-1.0245412973640795
-1.3239801044310218
-1.4493054737781037
-1.3794459805898034
-1.1236937374141738
-0.7196256094590927
-0.2267102009035656
0.2828154641440784
0.7344361531458891
1.0621283381617959
1.2183319836247541
1.181657254918577
0.9604910722215909
0.5912183029838374
0.13130491234031194
-0.3510867119717409
-0.7886320212178932
-1.1251478237951391
-1.322774135402862
-1.3650819461088648
-1.256063370894989
-1.0157883947556394
-0.67435844687151
-0.26613016383251686
0.17435402679277304
0.6143473065865656
1.023388901849485
1.373219732378241
1.6376450602651302
1.7926378399292626
1.8173125219763167
1.696411063241676
1.4242233523594
1.0090660234776618
0.476814968301454
-0.1284001654453591
-0.7477049035133
-1.3150538293581377
-1.7672580190221676
-2.054196340961353
-2.1470830979799365
-2.0431178346441525
-1.765349232871095
-1.3576389056588107
-0.876228094468846
-0.3802822889515176
0.07674074794848888
0.453937615336188
0.7274506103691631
0.8922258168900131
0.9609741575217119
0.9605656014781809
0.9262289220787083
0.8941060943772832
0.8932142896953643
0.9385229755738462
1.0269062187827014
1.1368366492371793
1.2316591410938185
1.265936344630928
1.1941961048478131
0.9807300578616654
0.6083903616057987
0.08436899955583237
-0.5582705788243345
-1.263418686677273
-1.958329827540409
-2.5625037268422077
-2.997767486800351
-3.198166446086526
-3.1184776238104344
-2.740561755098527
-2.0770059930113756
-1.1716581918741793
-0.09687776553235866
1.0524108632514597
2.1675038032211775
3.136856171651929
3.858114573241275
4.2499423492002055
4.262263374749678
3.8833854448909575
3.142392843445161
2.10591281253468
0.8698688902770025
-0.4517898736990061
-1.7390627326918335
-2.8770896804792176
-3.7661618674845005
-4.330405053865082
-4.524510909188027
-4.337526192461526
-3.7928671991069804
-2.9443690300563783
-1.8691548266766502
-0.6589747458849584
0.5882499536105081
1.775867050229804
2.8152168761284
3.6320140125833764
4.171822883908769
4.4034280748841255
4.319392289960366
3.9341563094001355
3.280663393538241
2.406384361806648
1.3692533721654283
0.23378209454826412
-0.9325496608399811
-2.062522926469099
-3.0916519686699777
-3.9595443188053934
-4.610457540701069
-4.994013443587641
-5.067113434107549
-4.797763060651802
-4.170822794705906
-3.194749569409165
-1.9076564749328577
-0.38075441493668194
1.282478446358886
2.9521879969617593
4.4829457996271405
5.728605734025521
6.5594002032050245
6.878458229948422
6.634866492188484
5.831261889699198
4.525032946151367
2.8231685292935595
0.8714519110423958
-1.160757455178457
-3.0981814025681635
-4.777268025769836
-6.06155454804926
-6.853065994175716
-7.098947664777021
-6.793511010900455
-5.976345982906905
-4.727099807332801
-3.1575001137126737
-1.4013508130625543
0.3966780525053404
2.092751398549075
3.5555190967512407
4.677138500323015
5.382866659539043
5.638161507319864
5.452016665558104
4.87540717704932
3.9944650094529504
2.9189897231231936
1.7678214523590148
0.6533202351673992
-0.33259262475325363
-1.1286524786442265
-1.7090417956396369
-2.081953716725333
-2.2825444418411567
-2.36218632360002
-2.3763780173832845
-2.3733276990517767
-2.3846828080838542
-2.4195110282978756
-2.4624794889490227
-2.4769620842758777
-2.4129127659383913
-2.217773019542018
-1.847816333355514
-1.2780978852306553
-0.5102803135240676
0.4224878917333166
1.4551554092537027
2.4961095098044757
3.4381845296779137
4.173576558544717
4.609877351375166
4.6843492655835695
4.374032218116683
3.6999163331405387
2.7243217169929665
1.541956105036288
0.26658181534485853
-0.9838782129287957
-2.1011832216395656
-2.9979314519244253
-3.615157600630013
-3.925838103809233
-3.9342734268439568
-3.6720065873031253
-3.191303899715316
-2.557198119485496
-1.8389907067810825
-1.1021489226652192
-0.4016965142991189
0.2219185289055812
0.7442518744892996
1.1562278875899308
1.4621383193201762
1.6763950097838691
1.819035393714725
1.9105497746562847
1.9670742960208796
1.9969238210473603
1.999023527398725
1.9633414395154611
1.873160592244058
1.7089221309034937
1.4531075862417728
1.0951669889209086
0.6352830699568102
0.08620122491325412
-0.5268758324315178
-1.1679958148779792
-1.7934708973863633
-2.3557200141667227
-2.80738816682837
-3.1055821373805577
-3.2161393505816824
-3.1173685702529337
-2.802631928197637
-2.2816808603726897
-1.5809551297416622
-0.7427807547504331
0.17691814114212043
1.1126073734570388
1.9944275710976997
2.753925118437305
3.3295397103586613
3.671632853668537
3.7470754274745333
3.543249925636999
3.070870756477473
2.364560708368394
1.4803717219237718
0.4906428041511737
-0.5225330205544806
-1.4743776251408862
-2.2848452581322585
-2.8860664445679736
-3.2290809965046043
-3.2890529812471403
-3.068328118095431
-2.5969026858767674
-1.9300393671921516
-1.1429265790583685
-0.32258975080932045
0.4422027707344311
1.0717174325325949
1.5052235152671734
1.7089298223297988
1.6807283924118677
1.4504974742558212
1.0753844459566877
0.6307833922667571
0.1986653096691883
-0.14476578159665623
-0.340226995582992
-0.3538844934423796
-0.18239801007250353
0.1459302437006282
0.5742673698670168
1.0249322514734132
1.4110618142806985
1.650385251774122
1.6787719222021995
1.4614141911920162
0.9996742202556348
0.33216034437550185
-0.47026273341758423
-1.3146620213912779
-2.0996322500425078
-2.729839064790676
-3.1289500658470053
-3.2489782182569593
-3.0749580594771304
-2.624790287497328
-1.944959527292451
-1.1033804352595602
-0.1805819350090884
0.7398249885814985
1.580371196768861
2.2773694059964127
2.785847002094512
3.0813923036376605
3.1594437200705
3.0328600113673434
2.7282328767751918
2.2812719020442795
1.7320682334084905
1.1212176774364055
0.48716955997659106
-0.13550515251820613
-0.7173252483787504
-1.2347080295808184
-1.670307113528036
-2.012870650714525
-2.2567179132805646
-2.400919947725385
-2.4482712718297677
-2.4042157988305126
-2.2758334655363335
-2.0708352543608854
-1.7965435211592664
-1.4590107980112552
-1.0625330868796417
-0.6098938512010393
-0.10374957462490757
0.45062703095477974
1.0416673659974167
1.6481195659452148
2.2375346970734133
2.7677465453979133
3.1914708271463708
3.463059452592517
3.5456553937109296
3.417003470426919
3.072885471918937
2.527738904047623
1.8122849520982562
0.9686127862375247
0.044240308232099984
-0.9127908322496078
-1.8564752581022645
-2.743168612213038
-3.5306703110163604
-4.17708425782348
-4.640209210331575
-4.878122126582104
-4.851669765540388
-4.5292988884766485
-3.893766277295758
-2.9492742179082856
-1.7271334857704963
-0.28842407922256585
1.2769324789871548
2.8546714415032675
4.314360277127386
5.521170828223643
6.350286396190657
6.702347378971767
6.517958122434794
5.7887636682163714
4.562776193383145
2.9426805932039994
1.0768569049279706
-0.8561507063866548
-2.667750771978393
-4.181267457031792
-5.252919515726575
-5.789120040119625
-5.757835845401369
-5.192460278194299
-4.1872649156416255
-2.8843405243990476
-1.4535636306884698
-0.06894040379573829
1.1145230948053975
1.9798781511287857
2.4609738073689797
2.547783473608243
2.2839887577377853
1.7571885059983372
1.0831149248141352
0.386519695270662
-0.21779320285200943
-0.6405377382001822
-0.8278463067800114
-0.7646216515014583
-0.47209796105300805
-0.001390661013707045
0.575366186870302
1.1752125288209925
1.7148646453888998
2.1204942160221214
2.335918076239734
2.328434857105083
2.0916434730934883
1.6448469914305774
1.0291095822243654
0.30070386560571777
-0.47673758932574756
-1.239948046678693
-1.9324552717795151
-2.5089297171845875
-2.9372409451025367
-3.1985017828642643
-3.285452587696401
-3.1995494460220004
-2.9475910006366854
-2.5392679537260445
-1.9867933552361008
-1.3067020214917466
-0.5227889036445987
0.33129668846844107
1.2110277288062088
2.0622697540834896
2.8251009910545863
3.4398146528375313
3.854001860437531
4.029302355346095
3.946609710141239
3.6088383747800927
3.040787379343199
2.2862482758448666
1.4030068671489688
0.4566361988153037
-0.4859492924568265
-1.3623757630940818
-2.119630423207968
-2.7174921208703773
-3.1303529060056574
-3.3474661458395203
-3.371932236318474
-3.218829021094467
-2.9128384091101607
-2.48561651628023
-1.9729989219590998
-1.4119404412002166
-0.8370815729045064
-0.27720265861205085
0.2476294765922043
0.727173366124267
1.1597479063466678
1.5488595926797752
1.8986846320078854
2.2094895173926763
2.4739692507740405
2.6753394731140094
2.787764881803742
2.779526247501423
2.6190391768947356
2.2829061030764692
1.7640666733144563
1.0778804615475976
0.26464642758220314
-0.612170304558473
-1.472152461164054
-2.2280293032279137
-2.798215817757012
-3.1196131643679035
-3.1581696038798013
-2.9149781200552964
-2.426674305917147
-1.7601466433949373
-1.0025229538515006
-0.24816333186481532
0.4150040349040166
0.9174818646043467
1.2167710182353182
1.3013732978469272
1.1899055672224643
0.9260773961028375
0.5710293867258336
0.19442857902858274
-0.13482961606167904
-0.3576438014219804
-0.43243940196658726
-0.34037135018653103
-0.08725038440440192
0.2976088354731178
0.7649744817099239
1.2513098642647045
1.6860491204349837
1.999936324940037
2.133860696597064
2.047420321315003
1.7257501089264733
1.1830818486242372
0.46235001175894835
-0.369013014353428
-1.2264092546869576
-2.017549594896533
-2.653099301032176
-3.0574743368121107
-3.1785854027922444
-2.9954371117120457
-2.5226663246966505
-1.810986181496576
-0.9425855775546987
-0.02135308575903816
0.8409344012363352
1.540302708780542
1.995620530340793
2.1606114306167994
2.0309241307093515
1.6450277999028768
1.0786086401891442
0.43324056543479317
-0.1789613561655498
-0.6524796895747603
-0.9048385003213515
-0.8898448601513342
-0.6054363685759342
-0.09449822065945518
0.5618126467372716
1.2567880376681977
1.8742402596094472
2.3055004725716124
2.4653586364705076
2.3047560782191803
1.8182413156938546
1.045130472753483
0.0641430898701918
-1.0178575742049143
-2.081020448578636
-3.0085951844308045
-3.7013254796529385
-4.088390189178532
-4.133714503133841
-3.8371546803184815
-3.231038634974612
-2.3732346120972876
-1.3382327216065608
-0.20797627380841435
0.9359454777743329
2.0178431635398124
2.971033804456591
3.73890418453744
4.275032953879902
4.5437026251094235
4.521386698699505
4.198990338577874
3.5844235488637826
2.704959138080503
1.6085731449539478
0.3634935364587872
-0.9444787754340822
-2.2169368777306038
-3.3499710924073867
-4.24320091480354
-4.81027585076594
-4.989737594141088
-4.7544784822639174
-4.117864361205311
-3.1349975245155584
-1.8983296898775954
-0.5277812473297095
0.8432997079946333
2.0840022876279938
3.0809652646178853
3.75064767722599
4.047374158257686
3.9663454616215787
3.5413651963998483
2.837966541648691
1.9436412960003169
0.9570667976922891
-0.022395439960558632
-0.9041880480405518
-1.6144675304636185
-2.1019756609060436
-2.3414847530031215
-2.334529745781355
-2.1074345119097364
-1.7070018332285646
-1.1944609468451655
-0.6383618378670076
-0.1070959401289002
0.33843707354867575
0.6516820393050802
0.8063598176532992
0.8005765345207496
0.6578625791751433
0.4241640627329315
0.16065823652238578
-0.0666983313345177
-0.19909450969544917
-0.19602834770475408
-0.04358193571842689
0.24187685433778924
0.6154972141868444
1.0110093024149376
1.3516330172251352
1.562787490961265
1.5844125417727657
1.3808944554776001
0.9471404046525189
0.31015763714903627
-0.4735953202279425
-1.32410100681114
-2.1459112892697134
-2.838036049574816
-3.3053439684525707
-3.4707289261283742
-3.2864562764744805
-2.7426047669243068
-1.8708689864857881
-0.7430279437303391
0.5356349418397227
1.8372799413042467
3.0260099997367886
3.9744431705871923
4.579754109050713
4.776200714508835
4.54215533897857
3.901127376265652
2.9172408659674507
1.6862505629811257
0.32374236532793516
-1.0476374401046837
-2.3104509361443526
-3.3632061054149216
-4.128639663353096
-4.558721676855041
-4.635987619967568
-4.371476446327751
-3.8003494864298433
-2.9767036557665723
-1.968554560527992
-0.8530395632522206
0.28833589896213807
1.374395368832597
2.32902634152302
3.0861466271045264
3.594815308747217
3.823932014444799
3.765549678679946
3.435814752186533
2.8730968525806584
2.133596329677536
1.285390322942727
0.4021703497780868
-0.4427534177528607
-1.1825517963345398
-1.7632019679481055
-2.149072407051482
-2.3263848971900165
-2.30373070335021
-2.1096132634169975
-1.7874817846567224
-1.3889980280395717
-0.9665913252930506
-0.5664702536519512
-0.22308155225883175
0.04411167237787407
0.23099243506646452
0.34659605486598494
0.40925069072879994
0.4418698160135253
0.467052889182307
0.5026020341408654
0.5580166407045039
0.6325516780564777
0.7153320835198262
0.787667496866329
0.8272666224790787
0.813513652415662
0.7324770773883562
0.5803832053002465
0.36504416938117373
0.10549792925038606
-0.1698610871652367
-0.42679159899076574
-0.6303555661521641
-0.7509660225705311
-0.7700016953792358
-0.6837065373440616
-0.5046747916037282
-0.2607152870428536
0.009016294484358978
0.2602740658784409
0.45100267227887886
0.547911368130724
0.531313238372156
0.3979190565634979
0.16151321324171025
-0.14838349097211753
-0.489511378861042
-0.8111885774473376
-1.059946105049678
-1.1865654214915218
-1.153983941840576
-0.944710182434389
-0.5660359586790786
-0.05159771676466394
0.5412993927616103
1.1381090273891044
1.656204128641331
2.015768727236477
2.1512829915499436
2.022032773394052
1.619874230960466
0.9728514724185291
0.1440215525250115
-0.774487089995442
-1.671740479998959
-2.4316156210438513
-2.948068063602378
-3.139946985594037
-2.9632679705868177
-2.4189501249207037
-1.5544776617518545
-0.45908709400966174
0.7467337741210357
1.9260852842064693
2.9431647997351615
3.6811295512744904
4.0573497172867325
4.033241662876351
3.616996268666278
2.859114283205752
1.8422965135144327
0.6683826400863989
-0.5550070321530299
-1.726397700553762
-2.7598333681980227
-3.5906108751024464
-4.176641236208488
-4.495791560453496
-4.54077269398133
-4.313756103106272
-3.8227636673226457
-3.0810995253046576
-2.109854302920018
-0.9423046915230936
0.3715930165488176
1.762429568646788
3.141689985452956
4.40591279673957
5.44461335152865
6.1512592305090585
6.4359857929588165
6.238401844150082
5.538630821194223
4.364467807149843
2.7928727213094158
0.945238696868099
-1.0231132446332205
-2.9383440302105064
-4.62683351036428
-5.934745775704568
-6.745708298046542
-6.994282553074737
-6.673372455458422
-5.834335908415126
-4.579444372051457
-3.0475614433935228
-1.395555318614848
0.22090546623145887
1.6640957583238911
2.8270786171283944
3.6422217421493936
4.085092554501629
4.1735435218884644
3.962017770676715
3.5313872418982455
2.9754018327454523
2.3858050421109347
1.8385232364837365
1.3831379327546698
1.0374414388204984
0.7879761599445518
0.5962333821017153
0.4091617565296295
0.1718717131210435
-0.1597520532117553
-0.6083079409709685
-1.1676025104728636
-1.8006557611278684
-2.444037099200278
-3.017838839952008
-3.4392080020764824
-3.6367649867205585
-3.5631789711172583
-3.20358087362084
-2.578348080832195
-1.7400042810150298
-0.7652489427731355
0.2559426033236068
1.23181167202659
2.078846464798685
2.729190516676742
3.1352587700683516
3.272125252452157
3.138597628381222
2.7575866275726115
2.1755366849360667
1.4599199682368058
0.693626263214032
-0.03415754757540356
-0.6395095344409124
-1.0555582791112785
-1.2422343542314327
-1.1924298512580922
-0.9335996712816632
-0.5241834688141946
-0.04496017634861722
0.4133197558512509
0.7638372114983225
0.9369994526983155
0.8913323782318593
0.6203240158738311
0.15381804255676026
-0.4466331888014439
-1.0977256915197295
-1.7076868256133053
-2.190294322276598
-2.4772038165497072
-2.5267695554240777
-2.3283391726125533
-1.901978912966
-1.2944619688330745
-0.5726027380797155
0.1851884238701925
0.8982606180413796
1.4928945018869106
1.9101703642854173
2.1117340351247926
2.083310949828143
1.8365360988868777
1.4097785717646882
0.8677238073145019
0.29807275655396415
-0.19691102327510288
-0.5150077124517317
-0.5728697598612893
-0.3245896155575828
0.22469755211897033
1.0132402770688456
1.926475530034963
2.810261455554767
3.4921596508156334
3.8077792499384984
3.6278543512526253
2.8812888028909485
1.5702886263979239
-0.22456814477049672
-2.3497534875683175
-4.593768556513214
-6.709747831231711
-8.443009887796546
-9.560415678616275
-9.878520691529443
-9.287924983819423
-7.771199251122457
-5.411513779128195
-2.3895512828447414
1.0321804490013513
4.536362327611223
7.785982654426753
10.463032431260299
12.305586721260585
13.138253981791776
12.891838826923939
11.609193736104551
9.436094237952679
6.598787547568956
3.3724220616574887
0.04599305964345409
-3.1102766159489135
-5.870388750976463
-8.068446154547901
-9.604700418281487
-10.443018747230665
-10.602071754371233
-10.142971534673652
-9.155884147479716
-7.747636054576324
-6.031565086856625
-4.119930260015534
-2.1186435366790133
-0.12413109067697584
1.7778780231238052
3.512337675528337
5.014689722475234
6.231135292522518
7.119350903419051
7.6492983524496
7.803839424785223
7.579165480838198
6.985315701870599
6.047051725630234
4.805202638304198
3.3183344658232077
1.6639326830969465
-0.06249993508059835
-1.7518462939928074
-3.289403939979325
-4.5656059444426615
-5.488176932032692
-5.993986926523732
-6.058293702663576
-5.699334923361834
-4.977184062770385
-3.9868521206091994
-2.846729113711225
-1.6842188155906184
-0.6204763425410538
0.2440969992217325
0.8421054502327171
1.147644466930962
1.1795127651151969
0.9981526593948862
0.6963785634265166
0.3850714695741252
0.17588408215435314
0.16337400053505075
0.4088790053038874
0.9284867831624569
1.6875452379753157
2.6032500215956556
3.555006494582592
4.400834086799477
4.997463228608691
5.221358604190379
4.987660944369026
4.26430534963295
3.0791304042222167
1.5185389353574443
-0.2823793884104095
-2.156627516714324
-3.9262408079871634
-5.424397881568706
-6.515636981079809
-7.111114031182252
-7.176572384114069
-6.732183661023077
-5.84492327387423
-4.615286814947558
-3.161032618374276
-1.6011505938720718
-0.04311355664849191
1.424527163795561
2.7338364357913494
3.8348289580539445
4.690836733461617
5.274484148874234
5.566060730012533
5.554581472268688
5.240646939491005
4.639961802409073
3.7863741700681333
2.733107874705365
1.5510591674216607
0.3239245560762619
-0.8590359350809454
-1.911187450500804
-2.756355715510335
-3.3357114963396453
-3.6135755570888777
-3.5818039775235233
-3.2622651301459684
-2.7069716260950454
-1.9949783951723497
-1.2249591585606525
-0.5035696590612723
0.06876127803033655
0.41245614852809953
0.4817287941254584
0.27375411569908153
-0.16788183867581744
-0.7568521431522763
-1.3750710663537329
-1.8895856000581974
-2.1727785854456365
-2.122738542520576
-1.6806262559373293
-0.8424103414785543
0.33678299823550883
1.7465790795082166
3.2333643190872072
4.618954879200525
5.723308378336216
6.388086930950534
6.498022625453775
5.99740809479967
4.899256844315874
3.285309939449812
1.2966965781097342
-0.8829530411565445
-3.048909380582436
-4.998048267365387
-6.550170292290201
-7.565960040034392
-7.960041959588897
-7.707871185146362
-6.8458741718726195
-5.465214062802727
-3.700290371118259
-1.7135696815526853
0.32135523010370043
2.2365918789176353
3.8849691852599992
5.151784875471077
5.962205225101019
6.284010043038496
6.126378899439668
5.535908006610618
4.590526694520223
3.3913045465523246
2.0523554781559277
0.6898000906972377
-0.5888348406220532
-1.6935032967637655
-2.5579635338511615
-3.143246290689436
-3.4383774030339636
-3.4584919690333082
-3.2404101255244098
-2.8361554610942603
-2.305596096611959
-1.7094753149672433
-1.10354614241475
-0.5341958551834765
-0.03587940210963607
0.3697520389097023
0.6735923395775767
0.8779774955118483
0.9945943762112128
1.0415790739096211
1.0404189035611588
1.0129862238089458
0.9786351033112288
0.9513811583193974
0.937425764923966
0.9335159503024247
0.9268011135792833
0.8966571909522097
0.8185305869805222
0.669456200328083
0.43439123038467103
0.11200489495798466
-0.28158887784139836
-0.712385950986776
-1.1318437008816213
-1.483670315279156
-1.7130678218839517
-1.7768687199147846
-1.6524012002400736
-1.342970395285335
-0.8788053702115834
-0.3134332871080062
0.28394637510997617
0.839116121628179
1.284729852591282
1.5707642116230691
1.671166620440647
1.585885314227907
1.3388069983612594
0.9725413403611148
0.5410580405348777
0.10128746506190324
-0.29510129657712325
-0.6084464454598842
-0.8152954951004636
-0.9097139707685801
-0.9019950048054067
-0.8152814207401717
-0.6807623693911531
-0.5321684147394165
-0.40001096303475553
-0.3059592635543828
-0.2583553056032338
-0.2503800551955158
-0.2619671573705279
-0.265298513389161
-0.23232816352304989
-0.14211011952243796
0.013943699248927112
0.22985116342812345
0.48598094760866484
0.7525424147543995
0.9946706840479652
1.1779366497499837
1.2733295577695711
1.2613415928791192
1.1349544672883047
0.9009108443026052
0.5787208247491908
0.19774170572572866
-0.20674718052072708
-0.5978205716727325
-0.9412342877757076
-1.209360085178563
-1.3839662533225707
-1.4571571720285752
-1.4304221810629785
-1.3125273219246036
-1.1172654360786902
-0.8616513642822736
-0.5644776967143809
-0.24494475906685848
0.07847944084306847
0.38852010652655816
0.6689900400181096
0.904879742316002
1.0830936555378647
1.1936012205431576
1.2306436408796895
1.19367533388644
1.0876356213571505
0.9224178638819762
0.7118036023541284
0.47205842531798614
0.22017588332562293
-0.028070665633983343
-0.25977904304898175
-0.46576665438937287
-0.6404527333778911
-0.7809032021615551
-0.8851976597238826
-0.9504559527933336
-0.9713489166721341
-0.9400999952222155
-0.8485254007994789
-0.6919227394280522
-0.4737778963303365
-0.20937402454012816
0.07385453567108391
0.34031037555823657
0.5537422241248879
0.685874387381782
0.7232719389705068
0.6703102126105918
0.5476682985850494
0.38718977211803673
0.2246633110891186
0.09228099558693655
0.012390895038898701
-0.006404269193297599
0.029735077824615607
0.10208970133414685
0.18448128627399807
0.24975002764286838
0.2756976504257538
0.24924802901828405
0.16824264194842042
0.0407822292223815
-0.1173010152750368
-0.2858436660283574
-0.44380439087852874
-0.5723530155721177
-0.657410922619856
-0.6914081553402563
-0.6738988045993884
-0.6107221508969031
-0.5116206448686912
-0.3867729172084147
-0.24346678251958684
-0.0843347162414631
0.09206326319826522
0.28840332352193965
0.5044439910465485
0.7331473201261178
0.9586221257114946
1.1566254110937975
1.2974084658738212
1.3501707322471277
1.288315885822693
1.0947155093037257
0.7661366769977989
0.3160801613657795
-0.22452722060157768
-0.8091688723179491
-1.3802338771392313
-1.8758724579360946
-2.2382537839946597
-2.421596111627116
-2.3983153396450785
-2.1624282244581834
-1.7301126773564492
-1.1374564013516084
-0.4354885841334126
0.3166311980808812
1.0584861027919987
1.7338705956370728
2.294703566024006
2.7039182453835897
2.937400935770655
2.98446047714239
2.846420435934939
2.5336951403350416
2.062590831431922
1.4533432212964268
0.7301386675174767
-0.07741465018852954
-0.932526778381854
-1.7900616598453578
-2.5965701167358683
-3.2920964213556467
-3.814087990808087
-4.103378016660406
-4.111886327479992
-3.8110657871600595
-3.1993832105535622
-2.3067966263572135
-1.1945177254729515
0.05049080005812574
1.3252033100271823
2.5222772056445675
3.5416339092364617
4.30006415489967
4.737837806135015
4.822341734703416
4.549394195126116
3.9428047249805687
3.0524604417318737
1.9510160233522311
0.7290130225982332
-0.5119108278734241
-1.667877436477
-2.64329089659367
-3.3617093695295006
-3.774871082409913
-3.867790701690097
-3.65905784139795
-3.196753983436308
-2.5510861695583853
-1.804965633977577
-1.0435705555403805
-0.3439263314027022
0.2341378760056248
0.6543124211361222
0.9066189986518643
1.006453298316666
0.9901407233450625
0.9079880189142013
0.8160404944536064
0.7674363409273235
0.8041941219412891
0.9503891288654004
1.207450961118958
1.5522297125905928
1.938611599492598
2.3028933775491733
2.5720501929299324
2.673640121401794
2.546334422604773
2.1500454452685926
1.4742668027681411
0.5431761808730272
-0.5834533826030334
-1.813901651099067
-3.03271901612266
-4.112976005266442
-4.9311883489146915
-5.383063906551364
-5.3980638335898306
-4.950544922818397
-4.065189148033744
-2.815198570267636
-1.3135037569076038
0.3010110944751379
1.8798710624172141
3.28209949300925
4.390088670066485
5.121849216845871
5.437766663557122
5.341336146047501
4.874372248964687
4.107779029468355
3.129598379007305
2.032497910182066
0.9026264971875868
-0.18867007440747005
-1.1889268992768172
-2.0637492351840647
-2.7920648157299595
-3.3597723259566945
-3.754274513363457
-3.9616404710642454
-3.967051363746997
-3.75821074807121
-3.3308146262214984
-2.694740317166467
-1.8792567335587516
-0.9355441283284728
0.06487244711099631
1.0364619580616214
1.8902331500201177
2.5467169131773804
2.94907458172431
3.073691383503005
2.9352050638811007
2.58360107926824
2.0936229157230666
1.549704343223756
1.0305903427534366
0.596782584257205
0.28262625075506453
0.09385078042314131
0.010239356528946381
-0.00792136867537694
-0.011248841939179317
-0.05188884949293824
-0.1744072619756942
-0.40781892345433224
-0.7595395280764397
-1.2120498310357173
-1.7230002669810653
-2.2291622493315755
-2.654113375427274
-2.9190434099594906
-2.95553069020909
-2.7183753396072547
-2.1958865076324194
-1.4150360087537082
-0.43984562508584174
0.6369393730625059
1.7069852140092339
2.6613603334677545
3.4046545609792602
3.866259896478872
4.007433282154863
3.823451801811423
3.3411600308273104
2.613049960793152
1.709487561414686
0.710801518374543
-0.29965275125519175
-1.2414858031069704
-2.043016118038689
-2.6471217326499934
-3.0167362010585763
-3.1387717715027743
-3.0250455920680914
-2.7094969812780056
-2.242213804656821
-1.6815945049179142
-1.0860124729686056
-0.5062006505947929
0.02024075266800782
0.4709560492281213
0.8375840459204056
1.1225107677994206
1.3349386688828009
1.4868584669279006
1.5893773811295997
1.6499091910255497
1.670489985777506
1.6474770801330079
1.5729367221793304
1.437377758440617
1.2327641325235268
0.9549813765400024
0.6055767351747613
0.19279236603336167
-0.2679708353607404
-0.7539954942798115
-1.2355085112136623
-1.6769263575587385
-2.0394837489697055
-2.2850816017776943
-2.3806817140383267
-2.302425186640113
-2.0390445715083407
-1.5946589442605963
-0.9910420157935219
-0.26885725287720535
0.5131963378049564
1.28211905522821
1.957277283435053
2.459742599323935
2.7237242692445527
2.7084422817993468
2.4076803629778403
1.8540653609388715
1.1160907438302679
0.28790900396387786
-0.5259973826228828
-1.2279931634491486
-1.742660290459158
-2.0269756419172498
-2.0732649574005335
-1.9050641215789892
-1.567938693134198
-1.118168373522789
-0.6119845777018245
-0.0974333576364486
0.3896637502253994
0.8250808660380444
1.1917698974321054
1.4740067376040848
1.6529957508479467
1.706060108443056
1.6100658969465187
1.3482014216413367
0.918028241831829
0.33828533503713193
-0.34768205591234563
-1.0732107396135249
-1.7546403715654122
-2.301877553566338
-2.6316362455128233
-2.681233629620163
-2.4202785424749105
-1.857657666699785
-1.0424453589435827
-0.059032497876537436
0.9823556159020485
1.9586351699814342
2.749144799724671
3.25141726407261
3.3952817884516944
3.1535030168301486
2.5475860823459375
1.6475012809570546
0.5644323428470962
-0.5632478589402516
-1.5889497876943468
-2.3787779183714233
-2.8312387974296853
-2.8929347589953713
-2.5676542643470923
-1.9169199453288748
-1.0513812327714795
-0.11392567047539028
0.7430223111880601
1.3820630402635408
1.702887686472041
1.6582143679165273
1.2610421025598835
0.5821867663300169
-0.2609761136998641
-1.1221719788177644
-1.8474329424213694
-2.297148802663262
-2.3666211447555408
-2.003029170707703
-1.2167557838420606
-0.08499806120558352
1.2541454933023952
2.6177545985651633
3.8028600798559373
4.616334226594994
4.905111955372045
4.58179218148587
3.6413947409960112
2.166303399401347
0.3180544707954993
-1.683239331032887
-3.5888979015869156
-5.156679602241625
-6.185326424378016
-6.542805379381217
-6.1835023080328515
-5.152059170275884
-3.574188875652489
-1.6369686990884542
0.4375071649060828
2.4208094187542932
4.105146702656216
5.325354099220263
5.9738724332479265
6.008009239081955
5.449804345397052
4.379620253753211
2.924985379039008
1.2461569184798458
-0.4802727706815832
-2.078487492093867
-3.390165476617167
-4.289664174899711
-4.696437313496726
-4.583661653975059
-3.9821614750533825
-2.9782978858918576
-1.7044587733775405
-0.32215330207414766
1.0000886248729488
2.1100678771437136
2.892008376445759
3.2796741609820965
3.2606162984812044
2.8717761945505913
2.188500249274663
1.310062299152574
0.3447517122811073
-0.6031051911505844
-1.4426497744267373
-2.1020183684671943
-2.53049779535612
-2.698585488315577
-2.5973680420086107
-2.2382704340430806
-1.6532548224693444
-0.894393371738426
-0.0313281233877769
0.8541018724618216
1.675508073276223
2.350690612703193
2.8104606385413953
3.0066373311244323
2.9180641826726266
2.553452035080051
1.9503079546106883
1.170038642585003
0.29015633001411695
-0.6050826317556068
-1.4341963635458022
-2.126701136274515
-2.6288490459902025
-2.906426855039199
-2.945054728949329
-2.7490649286425035
-2.3399986010010534
-1.7549719698190593
-1.0444002875504395
-0.26854832252669547
0.50709449260937
1.2172234137192393
1.8025630824976306
2.2157814953844643
2.426646839026618
2.4253397513445356
2.2232346629995283
1.85095569373363
1.3539215432660474
0.7862442228611667
0.20422749810424842
-0.339611016239374
-0.8014288235311253
-1.1492734065042534
-1.3641087263342446
-1.4387547846959303
-1.375925650270535
-1.1871795976446584
-0.8936909158457692
-0.5278687806912431
-0.1336732783284395
0.23629090178772066
0.5274907207509006
0.6927605808037809
0.701775418848423
0.5484086484172824
0.25431956328305755
-0.13235113563441273
-0.5434833488758035
-0.9017655975025723
-1.1338221080521584
-1.1832886970887735
-1.0215856968340393
-0.6546516063727804
-0.12442670271355506
0.4957915648664691
1.1123581373062417
1.6272610591248444
1.9557237102039262
2.0414742496830542
1.8667360002048015
1.4553190904744953
0.8682952825270962
0.19300967007699987
-0.4724428385937017
-1.0361585002842537
-1.4274529969079541
-1.6072761617868248
-1.5723595773624883
-1.352700138448521
-1.0035420422954997
-0.5942180308304131
-0.19625357403650334
0.12758430399277285
0.33230148886568905
0.3970747860729132
0.3281885242260989
0.15751128568220038
-0.06378381639104949
-0.2751745135259446
-0.41837530083157615
-0.44839419592523916
-0.3421800952144123
-0.10331964416939139
0.23825202092153305
0.6316638758695462
1.0144390504081726
1.3233707345513424
1.5045315873744594
1.5209185160844958
1.3570603968788053
1.0204139369935694
0.5398820652814841
-0.03782488165858108
-0.6532489016795547
-1.2401610421992972
-1.7320906336004056
-2.0690000587246336
-2.203820155679943
-2.108641983962711
-1.7797855639000841
-1.2404154787319175
-0.5397817207657803
0.2511118093506798
1.0471040325681793
1.758713606582447
2.3025995657217955
2.6112403298796494
2.641030564306039
2.3782430854864485
1.8420765456047892
1.0838432465229573
0.18183022822388897
-0.7676355710395408
-1.6614610268580274
-2.4015699716052077
-2.9056641140355413
-3.1158519771352844
-3.0042370531032123
-2.575102615198988
-1.8642372504135287
-0.9362653999426662
0.11969969957659404
1.1965717989106586
2.178786834641644
2.954862556034453
3.4316592624266
3.5478154563587085
3.283557551151252
2.6647907780298814
1.7607770210168954
0.6759794863109947
-0.462802234062569
-1.5227055405645935
-2.3825933027411024
-2.9495340254350575
-3.1709087271867484
-3.0399855090711605
-2.59424742965641
-1.9072225184468843
-1.0757956514280003
-0.2055692566117854
0.6033030633812158
1.2679657808517586
1.7312804487492364
1.9661922060452655
1.9755857162170583
1.7876205393067721
1.4475887402973506
1.0083315028911846
0.5214931216142591
0.03147435582407599
-0.4268844886548755
-0.8271707183345172
-1.1484183102137826
-1.3722531902852722
-1.4815237561503312
-1.460905028818696
-1.299143429781855
-0.9921117853769175
-0.5460849267229505
0.01889340593340613
0.6658996566902243
1.3393858052784768
1.9664669180039782
2.4626515301451475
2.7421654837843685
2.7315419773521175
2.384367347953956
1.6945854740580832
0.705255182779013
-0.48996923410596194
-1.7540526952528375
-2.9227042147386255
-3.8283361654586248
-4.328630493202577
-4.334084923718243
-3.8275985634469265
-2.8701019195511908
-1.5899678477951706
-0.15907310566409721
1.2378057884293665
2.432741331864115
3.2978653104906948
3.759328317167407
3.801760637966067
3.4643061449679298
2.829870857471673
2.009588121514716
1.124780714404118
0.288829264731319
-0.408616633457726
-0.9128005525494817
-1.2086237706293015
-1.3181103719790848
-1.2910770033730552
-1.1913397649523574
-1.081756936984598
-1.0108663165920082
-1.0031626066530182
-1.0549322145250695
-1.1368457873844569
-1.202528881775664
-1.2004492421480886
-1.0862568242492538
-0.8335720867926396
-0.44146599277466125
0.06306908094220441
0.6281876156978867
1.1848502705380162
1.6575512989297239
1.9764281588647081
2.0887015293325937
1.967238287113967
1.6147903456093622
1.0638437303001198
0.372598886119964
-0.38254371617312277
-1.1168102509769529
-1.7467902451040274
-2.198112177876564
-2.410783643030027
-2.3432471783634727
-1.9765601328709563
-1.3192423367580997
-0.41174105041492387
0.671431954499893
1.823629241055467
2.913245813426124
3.7966313481796794
4.3359325958352155
4.419398721288155
3.980757044481639
3.014343389601542
1.5828686690348128
-0.18464865132203373
-2.105248211355521
-3.963058186357321
-5.536484433952409
-6.628218303616892
-7.093284228373995
-6.859868098070739
-5.939074654858031
-4.422415377301502
-2.468561003210005
-0.2823184947993773
1.9112960018168679
3.895095563927267
5.486385724314015
6.558182597628774
7.051233717855197
6.9746630038995345
6.39583312359654
5.422723804006147
4.183305924470088
2.8059120347779194
1.4032352913732669
0.06130890226654638
-1.1657545363142716
-2.254726954132961
-3.2059485295101724
-4.0307688515241775
-4.736334272246109
-5.3119739402376345
-5.721973254674864
-5.9080521786199505
-5.801658842631995
-5.342585791962268
-4.498328643492211
-3.2788743925636488
-1.743329508160621
0.0029983207707114943
1.820159918565065
3.551123948755923
5.041945873734583
6.1610971433993384
6.814966183659596
6.957587191682362
6.59383955728497
5.7762334020673505
4.596110264939619
3.1708002629012277
1.6288409856688875
0.09563671679482796
-1.318368532359504
-2.5259223150617007
-3.4675042896533044
-4.112501485562903
-4.457520994037541
-4.522426080106598
-4.3445644291836105
-3.9718440081622837
-3.455844004825636
-2.8460636680553937
-2.18572312888861
-1.5092653598729364
-0.8417325827664016
-0.19980842186020387
0.40605210125666824
0.968931766348476
1.4826037989540317
1.938786486607697
2.324735931645253
2.6220050126211047
2.8077155780977443
2.8589743529734775
2.759589319945645
2.5071308893268016
2.1178287738100012
1.6269501855668498
1.083668159729603
0.5417208743569151
0.048965048103986365
-0.36098975983350057
-0.6730931683464899
-0.8904556696909214
-1.0298098414363555
-1.1146475376651623
-1.1684806763793132
-1.2102452559066255
-1.2526174709931077
-1.3025955583241664
-1.3629880207522662
-1.433515904900476
-1.510586806542645
-1.5856215713314186
-1.642963101638176
-1.6588420564429263
-1.6025879786226098
-1.4408541502465217
-1.1447546800262096
-0.6985104903076893
-0.10733636233305513
0.5978674667663653
1.361037612827121
2.107493455275347
2.7555682904789607
3.2308180825353197
3.479399615544098
3.4773490199608097
3.233777259403376
2.787680876040084
2.1991839860425935
1.5367446082213638
0.8629126386379408
0.22216353726544272
-0.3659783681984056
-0.9067670760950208
-1.423007380311963
-1.9425736362369435
-2.484005828755277
-3.044051104268707
-3.5905208816066896
-4.062672245216602
-4.379500851530344
-4.454211418440328
-4.2116270860334195
-3.604806666416392
-2.627513331302637
-1.320290686565027
0.23067277551592394
1.901503080860823
3.5440357732620402
5.002445518474439
6.1306560704526785
6.8083801112785345
6.954107272499996
6.53391381665035
5.565634337879139
4.1184682263911085
2.3082472397738876
0.28842199680411756
-1.7631910985494033
-3.661257810265066
-5.231806119312239
-6.330987488274753
-6.861337786726492
-6.783175989299273
-6.11934110976498
-4.952477460488057
-3.4150183103677216
-1.672931794349991
0.09457249088446351
1.7163057289613615
3.04823225731598
3.988008833761627
4.483369821691091
4.533858301008673
4.186353583646823
3.5253519581666137
2.6593237830387366
1.7050646226098574
0.7723032255378531
-0.0493940624503262
-0.6996536662009825
-1.1509405787560771
-1.4067711094527022
-1.4957182941114364
-1.4626388321546326
-1.3584780901705602
-1.230438547258687
-1.1143951828741363
-1.0307057863704918
-0.9835299655542978
-0.9628388016032244
-0.9478820626553688
-0.9113571788386626
-0.8243045607733526
-0.6618809688989697
-0.40947285477486434
-0.06769134841793004
0.3454895604002774
0.7963735259485226
1.2405336653090142
1.629797670902697
1.919653740600488
2.075675663404766
2.0779275142859785
1.9229697603115636
1.623658659445955
1.206781066376702
0.7084036271898
0.1677385823674971
-0.37864427596793127
-0.9008268733904918
-1.377424661946356
-1.795364471165265
-2.14747472378087
-2.4281114313012733
-2.627983525048404
-2.7302478793930565
-2.709776300989073
-2.5362130581964277
-2.1801098778187247
-1.620716023729414
-0.8538811371375123
0.101253820333305
1.1980298464864272
2.361895975277021
3.4948820855823097
4.484723861273734
5.217369795458695
5.591259251260312
5.531468890680259
5.0012559645907775
4.008871877134379
2.609034231137181
0.8993838414389661
-0.9878419330041168
-2.898329879251161
-4.6708003607967825
-6.152505379696829
-7.213066395724293
-7.755376852412687
-7.72329482277709
-7.106244061835333
-5.940543040525309
-4.306979038739614
-2.3242710669419298
-0.13880379359396874
2.08797291190894
4.192716510262245
6.022661521801325
7.446730092377579
8.364816250565754
8.71453332339149
8.474542686269304
7.664069821785654
6.3391857570315375
4.587176778062421
2.5203992378558
0.2702673009245645
-2.019178069074635
-4.1991176025659325
-6.125233563934233
-7.667168035832339
-8.716804253985206
-9.194859209307591
-9.056059553551838
-8.29347813901518
-6.942243113810895
-5.081799740045244
-2.8349560780261966
-0.3619653386191188
2.150954115699396
4.507625129085637
6.520212047992015
8.027245980049228
8.909162727092655
9.099829952190404
8.593027397781382
7.443053502521356
5.759171457208033
3.6944398267875056
1.4300972045036147
-0.8426576142766314
-2.940999176715881
-4.706542898063677
-6.0174735360646
-6.79591284842814
-7.010760421072786
-6.67690541785675
-5.851468296780228
-4.627336003990506
-3.124262123628891
-1.4781789997254298
0.16997076218972157
1.6846033069842656
2.945056412806887
3.855061428096354
4.351703764855263
4.412104437561622
4.056111508006558
3.344208075042028
2.370690362089102
1.2526923459958428
0.11601861235213226
-0.9204578581895962
-1.7589688503142453
-2.3325431963780385
-2.6085182038108434
-2.586173383376757
-2.2904365982036565
-1.7643967147468878
-1.0628762400124625
-0.24786643032366212
0.6146165439350494
1.4570061081454921
2.212462336404636
2.8171322718854963
3.2125146961418647
3.348247974782381
3.185933038844495
2.7044935586071204
1.9066056876709956
0.8244312304002807
-0.4774867803345975
-1.9035089203170574
-3.332675232165129
-4.628491752253965
-5.651561475714391
-6.273609344749303
-6.391756968532676
-5.9420971348185345
-4.911170431371969
-3.343404547890658
-1.3426231316560773
0.9336161034301469
3.286916564268919
5.496710194353465
7.342277264107616
8.625877612625164
9.195156490487983
8.962797062014051
7.921066410507916
6.1487538781663185
3.8078878670694603
1.1282706377009308
-1.6197681940907442
-4.160578517006355
-6.250016183794183
-7.707125087245962
-8.435053774402293
-8.427585895078444
-7.760597308440398
-6.571016536829684
-5.028256658085361
-3.304478675400049
-1.5503264669373633
0.11906909113493463
1.6266727173387097
2.9270521692703206
3.9950927617842433
4.814381584862976
5.368581307835617
5.637610657875267
5.599212044388508
5.235477393685426
4.542904763141116
3.543303496363162
2.291656366703295
0.8771553004040111
-0.5841965133512818
-1.9639150989070748
-3.1387303974211647
-4.007711581358065
-4.505376092636588
-4.6082755824407
-4.3342655479868215
-3.7355171856530704
-2.8873599792906828
-1.8754672827943712
-0.784129132827764
0.31172198620897623
1.3487348144347853
2.2715008959886878
3.0258167471193564
3.5533529401620334
3.791489636672111
3.6799636691126647
3.1737955515218834
2.259931228105837
0.9733253542334094
-0.5926744037955956
-2.2862189457026014
-3.9093950459683158
-5.242137785871443
-6.073670525075056
-6.235988535056441
-5.633493597524928
-4.263392614442464
-2.2231705518885
0.2960159947459837
3.0289769080176288
5.666724307066332
7.89381705911483
9.428242389089883
10.058319578783362
9.671061944833063
8.26793266407679
5.966188805629236
2.9858260209822394
-0.37623237549563937
-3.781215690071449
-6.888072840588909
-9.392354887275703
-11.059345434211151
-11.747157145543072
-11.41731219745966
-10.132520632480087
-8.043182029619677
-5.3654284970302175
-2.354287755635485
0.7243729591935486
3.619855208923749
6.117834026673217
8.054833513096591
9.325529254947648
9.883976741473631
9.74042782297039
8.95492529868989
7.628281973357143
5.890954301050499
3.890551096179097
1.7789757264052184
-0.2996546446901512
-2.2192159501136826
-3.8790062800895955
-5.207758443532962
-6.164021258784907
-6.733313496243434
-6.923081958533009
-6.756888690398578
-6.2691837378905655
-5.501390458624265
-4.499215500191337
-3.310814794393723
-1.9859170492805547
-0.5764925574435338
0.8608372005249397
2.261688765058117
3.55225799836295
4.65129941923868
5.476671919053211
5.955459464770902
6.035209482147973
5.693686789331598
4.945408875533955
3.843944553981091
2.4792534867628304
0.9699691981697006
-0.548530124627383
-1.938780046920956
-3.0767129556712223
-3.8658002841916583
-4.2479939180077215
-4.210257145512613
-3.785935151857239
-3.050495481376919
-2.111539672041841
-1.0939053073510745
-0.122233013508848
0.6956071745083607
1.2813446480668642
1.593845880091753
1.6309624701417635
1.4260570643984465
1.040024243249715
0.5499947019439146
0.03653015979684792
-0.42841520588641685
-0.7909140275138626
-1.020987024428294
-1.1145315124432287
-1.0904827324738688
-0.9826967896307892
-0.8275151573688232
-0.6499999964060034
-0.453261701363589
-0.21510134459269067
0.10595742561970269
0.5562844426095709
1.1679898342933777
1.9398964341564617
2.823779958905666
3.720164935156283
4.485941422128971
4.953619574616174
4.959832068069495
4.378452787031007
3.1517284629791016
1.3124913586981002
-1.007748865470753
-3.587191703092427
-6.13794424760778
-8.342705110505419
-9.89848820188331
-10.560524540058765
-10.179423799598533
-8.726046305402624
-6.300392929953777
-3.1229489325793347
0.4903526685347067
4.1657812912418235
7.516662574648011
10.18925619541826
11.903643089244847
12.484824724448401
11.88087252736044
10.166612458847572
7.53313100185856
4.264859721432795
0.7067341585880166
-2.7752065170601727
-5.835083729232963
-8.185085113787608
-9.625503492725445
-10.063449752837496
-9.518170347397067
-8.113040448810139
-6.0562124591911255
-3.6127159293993882
-1.0712674438252303
1.2902522565495773
3.2364520606727916
4.599562530774355
5.295046401795678
5.325540520729908
4.772961180335798
3.7809864502622093
2.5312128318464358
1.2163771223323583
0.014287402054892817
-0.9338954093891219
-1.5382191559542746
-1.7659041739567614
-1.6389427688674951
-1.2250124118070669
-0.6238202724952447
0.04914617788642821
0.6793510579377723
1.1681547393425624
1.4441680942273403
1.4701050033760208
1.244822332602537
0.8005784671130345
0.1963706962123038
-0.4908329352523063
-1.1753633713370693
-1.7721245803639851
-2.2058222427340355
-2.419505369661156
-2.381081994700168
-2.0866014438088256
-1.5601018478329904
-0.8507222835936378
-0.027936076969805164
0.8244247974203818
1.6150730717675197
2.2534003617672655
2.6590640080923493
2.7722410972421208
2.5629812458047563
2.038121219244373
1.2444777354566883
0.26715252138253454
-0.7779774077070991
-1.7577403153010884
-2.53980819550725
-3.0125818190665883
-3.103044207903551
-2.7889304166278963
-2.1026543946269727
-1.126418683510797
0.02000356911825685
1.1962234565036007
2.260142427814459
3.086105552245966
3.5799335817734046
3.689147561501635
3.4073979984873333
2.772806377150485
1.8608589567002285
0.7732608726720721
-0.37560285070224764
-1.472671980157722
-2.418326700080912
-3.1348108724879373
-3.5708194640873026
-3.70323649383424
-3.536806746375658
-3.101960107304502
-2.4508124335912127
-1.651375628319838
-0.7802186661209259
0.08572150654759249
0.8772040221704774
1.5397045111661174
2.0384388528647572
2.360381048751745
2.512748855322875
2.5183550134250194
2.4090664087080293
2.219077440893656
1.9793992628173644
1.714028780740316
1.437746991392361
1.1556106960650685
0.8640243934257716
0.5528644325256915
0.20827236101986338
-0.18382408549905482
-0.6334563996688526
-1.142182435688234
-1.6994640339171774
-2.2806258919031834
-2.8465402923422567
-3.3449277520874943
-3.7134825606523196
-3.885295697377438
-3.796760858530069
-3.397481260047154
-2.6609709435220283
-1.5943207718265466
-0.24480019571872152
1.2981757126235967
2.9066092276258493
4.4234613551283255
5.67814587492222
6.5070714351299666
6.776979861050831
6.407335765516808
5.387297350008579
3.7835826392247247
1.7374243130186238
-0.5492119652086713
-2.8363782487710325
-4.874873343154886
-6.437111179240684
-7.345931106593122
-7.497325979055107
-6.873859366290432
-5.546929161782411
-3.6675731474885644
-1.4470507466239355
0.8698123603292979
3.034166109048728
4.821183544413701
6.053361058160956
6.617246600454386
6.472859477665871
5.655555266889503
4.270309068338532
2.47881722788558
0.4805397572702901
-1.5102448781157405
-3.2884512409525164
-4.680107506648769
-5.559467228085718
-5.859518590112702
-5.57532060179729
-4.760671697333834
-3.5192020513171514
-1.9910803837547089
-0.3363974626684418
1.2834195339558157
2.7238355563104593
3.871962257817464
4.655174841234041
5.042784862447569
5.04202303935927
4.69021334468703
4.044580540562582
3.1714315707970977
2.1372525035777286
1.0038320394921596
-0.17220023319715355
-1.3368148719612603
-2.4354128138861277
-3.411290905230444
-4.206831056400933
-4.767271686022841
-5.046297109536846
-5.012497903772587
-4.655551314866125
-3.990721490580185
-3.0602849569045065
-1.9308263058056698
-0.6861283901610838
0.5832115084341926
1.790948340873118
2.8644734761385338
3.7504771711084195
4.416316306652498
4.84736511959755
5.041636549401631
5.00369409597832
4.739845106092026
4.255819904440072
3.5571443298148195
2.6518745616287065
1.555251870871565
0.2955122525196137
-1.0804994325413553
-2.503589388280793
-3.8820171092956124
-5.106208453334665
-6.058832813768339
-6.629226135047504
-6.729800219218635
-6.311387780126917
-5.374543346006681
-3.9745877004418806
-2.2193749465046824
-0.2599665061792974
1.7246443300729204
3.5469590490293794
5.032361396395268
6.0399575374678935
6.480028207928346
6.325338006619441
5.614443932637971
4.446462624028367
2.9680017838650463
1.3540725771262785
-0.21439882808830207
-1.5733837778975315
-2.595456626745062
-3.203272021456207
-3.375300598617305
-3.144130568259082
-2.5883364263014164
-1.819094204935868
-0.9634700943915482
-0.1471782830455625
0.5204511579528792
0.9576585751026663
1.1172841653688788
0.9899319749403366
0.6033799433685546
0.01818278109399651
-0.6802782347656389
-1.392498300972031
-2.016938763829126
-2.461774773467149
-2.654777316099766
-2.5504472003967167
-2.1341035842343254
-1.4231005177489144
-0.4657183015481342
0.661845790890371
1.860582741893577
3.0163863840686576
4.010356503654489
4.730705953244373
5.084714554127807
5.009370942151658
4.479933464749771
3.51583877260215
2.1829387242106195
0.5906591764434804
-1.1168471279997738
-2.775200143848566
-4.218247116927049
-5.297901177136151
-5.90237756230212
-5.969931441653685
-5.49609940162169
-4.533828492272951
-3.1868972844392736
-1.597585464770208
0.06994787871522166
1.6486407409786261
2.987527579296117
3.9681709953115183
4.516222175104131
4.6067456522309085
4.2631198395275565
3.550460602362724
2.5653299280684463
1.4236095423172959
0.24798063266619655
-0.8440712947680392
-1.7511204386929073
-2.3968422254141557
-2.736207084216898
-2.757860626563795
-2.4825054933507045
-1.9581163639529933
-1.2533427693694121
-0.45019368383075253
0.3635911785391735
1.102511824499616
1.6914665498011956
2.0733228516360835
2.2145437353645603
2.1076235970774935
1.7701138051499257
1.241102878871406
0.5761878054311245
-0.15852577087168135
-0.8931157094192053
-1.5605971377481758
-2.102623402636703
-2.473264530743398
-2.6410310519119164
-2.590070936109636
-2.321243951109601
-1.8530043032226984
-1.221370363413928
-0.4780786913430962
0.31366882146663666
1.0857986098497752
1.7732836306427588
2.3215534486625318
2.691712266731834
2.862891261155255
2.8319252284554772
2.6110128718683843
2.2244886586675063
1.7059180726458059
1.0958296795432867
0.4392769326066032
-0.21761037746231776
-0.8319725487298288
-1.3683952610134802
-1.8013990898455587
-2.1153036955824533
-2.3021992346166207
-2.360003081293764
-2.292078790539292
-2.10835165329266
-1.8265208410251028
-1.471529566234102
-1.0723345825663766
-0.6567259185966674
-0.2461582746988701
0.1473930421648643
0.5213496641480696
0.879260305831529
1.2255730633597974
1.5601891661692633
1.8742679360188408
2.1483444102747384
2.353478903742005
2.4553868070058367
2.420508557713771
2.2225895665523456
1.8485665375721576
1.30294695583435
0.6102063392644761
-0.18522217845788289
-1.0218776965141032
-1.8272248679691958
-2.525847132631979
-3.048430317027836
-3.340049709107556
-3.3667375658948915
-3.1197554261216838
-2.6170441513652865
-1.901439981749418
-1.0359556719563856
-0.09717614878062217
0.8321340025045012
1.6705795362000788
2.3456480510595727
2.8009878797418777
3.0025964023913634
2.9425310632410837
2.6392987248627335
2.1350328399616787
1.489879800505284
0.774231338266504
0.060052413232968054
-0.5872885874351835
-1.115818741057855
-1.4918766242256134
-1.7025735804595223
-1.7552599419888468
-1.6738361164207232
-1.492501235200799
-1.2484814675902565
-0.9757111386905851
-0.7007157691596888
-0.44068143249747055
-0.20320248132428503
0.01244845340870329
0.21256496918963416
0.40522505431122824
0.5963319850096376
0.7863772564331194
0.9685516711928281
1.1284592226052574
1.2455597004101957
1.2963483137328484
1.2587932566603284
1.1171421515725364
0.8662518525990435
0.5146370301950053
0.08538323455117507
-0.38555399590464995
-0.8534286436959596
-1.2703664288051042
-1.5914701465762482
-1.780184509412937
-1.8122624123997626
-1.6783921143359617
-1.385633514328831
-0.9573505915813446
-0.43126180400321
0.14422950253206798
0.71484873720688
1.225758460625662
1.6266588130530475
1.8761216515534145
1.9451035138044364
1.8199733892982128
1.5052482222682857
1.0255588374170816
0.42568338165925007
-0.23235612820965354
-0.875161096265006
-1.4260276987851137
-1.8142394194034905
-1.9845424332026398
-1.9056346725844424
-1.576228990065092
-1.0272129650893513
-0.31925476669108716
0.4635544507196709
1.2229574405393862
1.8579323171404327
2.2775116701170854
2.4136019252173866
2.231625138527483
1.7367359133551916
0.9742549580811068
0.02455452307051082
-1.006082822206722
-1.9971080377587653
-2.8269659024358154
-3.3870462266998964
-3.594815681803652
-3.4044031770905034
-2.8132907025779064
-1.864424188734676
-0.643551424817351
0.7281873345655803
2.1060904170140113
3.3374042604673972
4.2791828105834195
4.816114353775312
4.875235690544994
4.435228627845894
3.529485630647708
2.24307979628042
0.7041908955148962
-0.9292451311671255
-2.4866043056372353
-3.803602238029618
-4.740854726466984
-5.19958562378702
-5.132724556356956
-4.550415211414522
-3.5195163994862693
-2.1568828217576703
-0.6165668603116637
0.9280092308015373
2.304796151311464
3.363959900952364
3.9960157752815886
4.145141953139045
3.8161161449822676
3.073406607421302
2.031730276976374
0.8393699452674922
-0.3427171077773496
-1.362628046304856
-2.0971951728208236
-2.467147471789862
-2.44575190120853
-2.059964988278075
-1.3844711923542838
-0.5299133674398675
0.37300469114492485
1.1915622356537843
1.8087952637447937
2.1384596917583543
2.1352653404292625
1.7994599188220155
1.1755985586209756
0.3459123776584734
-0.5807478116769559
-1.4830812346983746
-2.2430626496337283
-2.761262133841931
-2.9695763284823826
-2.839454732109308
-2.3844201627759984
-1.6568172852937961
-0.7398816345594161
0.26325593914570067
1.2421053163297957
2.0914802008228226
2.722846859720551
3.073198798520961
3.1109733003260454
2.8388617999617978
2.2931088500430272
1.5389536407428563
0.6626333738681477
-0.23898442746191306
-1.0698546807853155
-1.7457134557073433
-2.2028809695959404
-2.4040463133140086
-2.3411165361842783
-2.035160364500394
-1.5330570516370634
-0.9008648813669211
-0.2148266361273178
0.44841730797544677
1.0205628333507977
1.4479202899137178
1.6949934351192575
1.7459199946175592
1.6041863021876182
1.2906101284945053
0.8396606047759585
0.29478553979387423
-0.29606356846100995
-0.883699395072526
-1.419538917623982
-1.8566394709960432
-2.151017516020645
-2.2642024644818197
-2.1673704418880892
-1.846605950182849
-1.3080332351059458
-0.5811580280068757
0.2808293787796463
1.204192038635969
2.100996101335938
2.878037202222146
3.447253126096194
3.7361160145657446
3.6964564238835127
3.3106709028225305
2.5949963309531165
1.5998892495394843
0.4073229284883158
-0.8755126348141677
-2.1264326695670706
-3.2217506971437753
-4.051004586648481
-4.530154482594864
-4.611123237401432
-4.2867921320956865
-3.5913261844965696
-2.5959790685242408
-1.4008654531184066
-0.12368645223404115
1.113258418749135
2.196389272947627
3.033079702249968
3.5612530727102283
3.7549430114191793
3.6250643471475175
3.2154499843922517
2.5949261415367455
1.8467746984811964
1.0573346914776318
0.3055312582088065
-0.34548709446166714
-0.8542380875334538
-1.2040771603543081
-1.4030199200489846
-1.479660902239565
-1.4753514870707887
-1.4338475486619036
-1.390782999876342
-1.3658022755502661
-1.3592355098572133
-1.3535128397959184
-1.318497116020776
-1.2196165576273168
-1.027147751987226
-0.7243852630277976
-0.31267300026011274
0.18764891553102656
0.7400094402033917
1.2966361406159046
1.8042392608189544
2.2095181772932615
2.464304098845388
2.5301598746852196
2.382226438762655
2.012327823909993
1.4313958611288007
0.6709555864179408
-0.216811238226095
-1.1607601993757126
-2.074516456376638
-2.8626544063984367
-3.4294992762292797
-3.6902293602436553
-3.583412932990974
-3.0830367118633553
-2.2070775796251034
-1.0202634786148201
0.36962879272429344
1.8215706479829665
3.1764674566571562
4.276283213526502
4.984530739699861
5.204772966350806
4.89376991592668
4.066990317163175
2.796321956899877
1.201687241433379
-0.5615520201297679
-2.3184525138452017
-3.892811210011687
-5.126247087269557
-5.895661224377968
-6.126743785388424
-5.801710384958775
-4.960384326162312
-3.6947786087471863
-2.1379346176419816
-0.44805247034961254
1.2105825915273272
2.6875092948935
3.8635859631177643
4.662797311838368
5.056446971404586
5.0599442402849615
4.724107924244066
4.123403295583987
3.3430331534712776
2.4663625984598676
1.5643173459438073
0.6885341451882131
-0.13061009103368035
-0.8813202894403276
-1.564485969842757
-2.1862187507426816
-2.7500096678240005
-3.249626817731235
-3.66445363576033
-3.959219817104318
-4.08913929934632
-4.009481979455999
-3.6867142253092298
-3.107947220374045
-2.286741791168946
-1.2649590535618356
-0.11093776565662376
1.0860191922524995
2.2248673492610345
3.2049434638862255
3.939101918241496
4.365377765118911
4.454917650930362
4.21491764160189
3.6864781342178654
2.9380429529941083
2.055522489333146
1.1305995888359432
0.2490117076595655
-0.5194177246041441
-1.1276833759270073
-1.5548480367479274
-1.80557245545839
-1.9060595362072985
-1.896831989090225
-1.8233404419590833
-1.7261249227939968
-1.6328706758714875
-1.554609169419413
-1.4869944264364918
-1.415590221837533
-1.3226831902818064
-1.19306821394539
-1.0174961116465102
-0.794032670045786
-0.5281228510914722
-0.23180651239902572
0.07756311037295312
0.3787570311771322
0.6485263227512656
0.8645430465425515
1.0095999058689202
1.076565109987043
1.0731199897161119
1.0246391680340399
0.9729908816707972
0.9696453970689174
1.0637555873880498
1.288426790988775
1.6490860570220565
2.1165611915969205
2.6259689424242247
3.081825207775834
3.369506710295107
3.3724047160751094
2.9924196093311033
2.169887255023164
0.8989769012366425
-0.7641812363640335
-2.7018951721034483
-4.7437081376482535
-6.682438925513559
-8.29580306201027
-9.371505944035306
-9.733066315419379
-9.26330453651922
-7.922770757400724
-5.760954505750987
-2.9183853307630256
0.38188173615945964
3.853629302780985
7.176026753151109
10.02808648215733
12.124707899353725
13.249528887357421
13.280219229220414
12.2030863689773
10.115275531142968
7.214151050118894
3.7749563385160076
0.11952053957465722
-3.419922431295885
-6.537045569491852
-8.983026746004668
-10.589329221315445
-11.279285924905688
-11.068391296518419
-10.05497265174649
-8.40336787454859
-6.321504069788825
-4.034992057579503
-1.760518248258463
0.3181183239061281
2.0677820200023955
3.414803345747968
4.343989949683658
4.889196594613676
5.1181150918614255
5.114346286008703
4.959640551259265
4.718852602837768
4.429980226566123
4.10116852985814
3.715069196173482
3.239023384589362
2.638385910611173
1.889993684064066
0.992793029437892
-0.026741071374676743
-1.1153252520493697
-2.1991474416393557
-3.194078404117156
-4.017500373577587
-4.5993183361959495
-4.89043673957205
-4.8680561857954965
-4.537857368258959
-3.933265650684951
-3.111810188498172
-2.1486726441480126
-1.1280417514179317
-0.1333750913350465
0.7620739554086182
1.5028807666023005
2.055876307920298
2.4111065692434908
2.5801076540162935
2.5923456815076054
2.4900291130240437
2.321071136952434
2.1305274361259356
1.9521698413297974
1.802479521154008
1.6784442090604585
1.5593289773454764
1.412077279043411
1.199644042165758
0.8908741454514827
0.4698390979514857
-0.057730902258842955
-0.6627374245932207
-1.2961508953655125
-1.896599530471982
-2.4004730701273327
-2.7527392897833582
-2.916355473734802
-2.87803272867677
-2.648930574074307
-2.260455987634109
-1.756788486826918
-1.1863561562221365
-0.5942431584457274
-0.016947266798285045
0.519637545773371
0.9988725840549569
1.4095126954718495
1.7410780038247626
1.980595336189661
2.1123514909414913
2.1209462844735962
1.9964723182302622
1.7398004701857481
1.365976559708601
0.9046699122650015
0.39787337514459914
-0.10432305919040222
-0.5491926115829715
-0.887643368164715
-1.0809173709931854
-1.107044272236663
-0.9658764088544486
-0.681327703215395
-0.29990973932777093
0.11448557706047448
0.4889664145020026
0.7523220081366336
0.8467736236703004
0.7388854497854837
0.4273841173479666
-0.05393002204400094
-0.6393204718384597
-1.24067369250203
-1.7623428090908448
-2.1182358034678312
-2.2471818239733827
-2.1231200512995803
-1.7581403376227576
-1.1983987182072455
-0.5146335379981742
0.21034593577859376
0.894934588063087
1.4706319596470803
1.8905549557775851
2.1331781693094056
2.2011590664588745
2.1162872704343143
1.9121086073334028
1.6259047207953177
1.2918262446248265
0.9367315222007074
0.5793789404778296
0.232396800848295
-0.09450109726375786
-0.39179926724978104
-0.6491499423466288
-0.8563423772940468
-1.0057980903848365
-1.0955337719490768
-1.1312961211121073
-1.1267882932750848
-1.1014586606923196
-1.0761066952549072
-1.067437758814695
-1.083097032478261
-1.118329429241238
-1.155022543679952
-1.1639144890767243
-1.11018317240378
-0.9611745078603614
-0.6941278113247474
-0.30218785713216517
0.20218266193411244
0.7868541020526884
1.4029699666939648
1.9908980405682055
2.488137606146831
2.837549504695421
2.9943003564842137
2.9305571507949613
2.637986307805038
2.1288003313264703
1.4357534708241677
0.610626036838772
-0.2794869917299004
-1.1582202654870908
-1.9477247379362566
-2.5770298015522553
-2.9897259745040974
-3.150201154811911
-3.0480213963453724
-2.699867152647813
-2.1483157392168146
-1.4572184590351827
-0.7042971437862248
0.02774764126286011
0.6605562371067866
1.129458834527303
1.3921852975589502
1.435286293092391
1.2765579050812244
0.9628494459680751
0.5637104560703464
0.16190314486900206
-0.15799968894513636
-0.3218624956016547
-0.278099058091608
-0.008101840255371652
0.46729964843440286
1.0873940965626616
1.757951933397201
2.363847236600051
2.786160651685698
2.9209113400291593
2.6963143366451447
2.0860967114154314
1.1170801199605003
-0.13036911298601922
-1.5297949519273666
-2.92354299168848
-4.1431034791947825
-5.031875015060758
-5.467009022280868
-5.377113623417021
-4.7530176436731315
-3.649764600603078
-2.1795814372169304
-0.4971657076855759
1.2204150788241077
2.7963609844251773
4.075898959767638
4.943857716084458
5.335961562975035
5.243156506199393
4.709137468523648
3.8217134037936464
2.699067549836958
1.4725764486806845
0.2687005613912648
-0.8068347439663617
-1.679591704315302
-2.3103830957412566
-2.6934218134363905
-2.850413826066132
-2.822139132799743
-2.658749393338667
-2.410090531983669
-2.1175697022366373
-1.8089222448655553
-1.4964421858337336
-1.1783317519921477
-0.8424832321828726
-0.47215390717188804
-0.05297594332587956
0.4198509513679009
0.9359910163073806
1.467648969579364
1.9711805585633726
2.392457081273419
2.6751670444160784
2.7706106874515997
2.6471187964368026
2.2972712349853306
1.7415469318643768
1.027710297980983
0.2258841698022397
-0.5802350591443762
-1.3049065049559905
-1.8726083827043543
-2.2286698019739797
-2.3465657174231147
-2.2309749997817914
-1.9160151361412654
-1.458687787559635
-0.9289287333642727
-0.3986344330439283
0.06826080560602836
0.4234757976195592
0.6392201844554605
0.7099259952620103
0.65111541695996
0.49595398409320957
0.2899727894787026
0.08428523981290403
-0.07228523571888931
-0.14123121082240467
-0.10110773927212816
0.04827197604910792
0.2849869287754702
0.5680110716614138
0.8440660369414709
1.0573918502997703
1.1606173604157548
1.1244334401122484
0.9439493910216326
0.6403839123022839
0.2576375338995993
-0.14583022882229865
-0.508482300765801
-0.7783685851154096
-0.9240938896337422
-0.9411322175025455
-0.8517407327679177
-0.6986869220566037
-0.5345715373063877
-0.4093560539927586
-0.3588672540954827
-0.3966845351342555
-0.5111348214796011
-0.6679833753107901
-0.8178645709856386
-0.9064867061108689
-0.8856018581100775
-0.7228096730491577
-0.4082719882784325
0.04279313581180522
0.5916858268697778
1.1810668228992232
1.7421548977113233
2.203274400573596
2.498817855590132
2.577749920361071
2.410725619106048
1.9951827091624492
1.3579552661720338
0.5544136794063828
-0.336985402422193
-1.2244802153323386
-2.015106151099615
-2.626463681988586
-2.9960198453352005
-3.086938695710211
-2.8906263050634697
-2.4267418922738138
-1.7411473545962552
-0.9019218141482859
0.0063325915065792155
0.8897180954963382
1.6538883240013782
2.214171807762202
2.505746362224422
2.492478836687553
2.1734960143913713
1.5866906902668636
0.8080548151781126
-0.054550706668472636
-0.8741089093176884
-1.5228361972977906
-1.8932214323317589
-1.917420667925061
-1.5809262513312323
-0.9276837554841496
-0.0554569089303048
0.898218049070672
1.7775675757773108
2.4340036657211463
2.750746515593985
2.662052257714884
2.1636749448564077
1.3131807246427065
0.22059146261124943
-0.9689606511586494
-2.097646876323174
-3.0182950295784887
-3.614640472221438
-3.8156625101511588
-3.6024072387741604
-3.0069481186431752
-2.1045994721688444
-1.0014892968968618
0.18012851913823322
1.3165653544919882
2.2956111579839034
3.0267112997819505
3.4481719859413427
3.531312615886761
3.281420905069516
2.735760782661628
1.9593423193793436
1.038938279051892
0.07526278045057305
-0.826929114222986
-1.570503065573885
-2.077940588489317
-2.30144998442034
-2.229334037802386
-1.8878080721096016
-1.3381555299845964
-0.6692545407690691
0.014191246686266465
0.6064932660078375
1.0167454681948351
1.1831037586254045
1.0832659568492071
0.7389385459264858
0.21278220024887887
-0.4018839726844782
-0.9965178225531559
-1.4651684556776383
-1.7219151906402914
-1.715037518882244
-1.4353050683056698
-0.9169641069785203
-0.23145493790632501
0.5248418121553854
1.246508453758103
1.8357869257674693
2.2172734785607875
2.348327061983978
2.2237182095286236
1.8739586588602308
1.3577325191658676
0.750017877164665
0.1286314799121176
-0.43766498529723935
-0.8972653334399641
-1.2194207957099197
-1.3940961598328594
-1.4291022010012957
-1.345902325682992
-1.1751155806341103
-0.9520226598576259
-0.7122480145084684
-0.4879702269889605
-0.30478074590012766
-0.17896794074354722
-0.1151952297352373
-0.10519879707622898
-0.12842160827850005
-0.15498650594022104
-0.15078804073918398
-0.08413938450057247
0.06705201695571149
0.30890755018523025
0.6271548070610746
0.9858246849413659
1.3303786574096554
1.595862773192553
1.7190687080297233
1.6520716941191094
1.3737420603404402
0.8963539028840415
0.26591155771731995
-0.44364960782409285
-1.1412376164393883
-1.7326912839358823
-2.136017070755387
-2.2948823004787586
-2.187275254484244
-1.8274823898047594
-1.2617644449118146
-0.559950015307446
0.1944840298483043
0.9144463504768952
1.5191901776637224
1.9437231755807942
2.1461625522586467
2.1115426014213714
1.8516479964194792
1.4015134271664806
0.8138779690039329
0.15286762194301226
-0.5124953110587321
-1.1148652900745117
-1.5949889538482058
-1.9074486541962372
-2.025183319930969
-1.9422042910637751
-1.673942354831325
-1.2550309789244378
-0.7348251179878861
-0.17121829330101238
0.376418199236135
0.8540442204933931
1.2185103269341693
1.4413496652463325
1.5106700582163206
1.4313910228811682
1.224254088230379
0.9236164931049453
0.5736064842802727
0.22256770397873396
-0.08339932853298308
-0.30636955011187356
-0.4208286157048101
-0.41604203001423484
-0.2970789551536186
-0.08475185341244268
0.1858542267708458
0.46865784692225604
0.7115681639067616
0.8626573683373044
0.8769106408557591
0.7228025765267176
0.3876987931795299
-0.11876244836469241
-0.763669239703521
-1.4922957394203495
-2.23209569775759
-2.899210267195897
-3.4069471243326017
-3.675055850853301
-3.638682279775005
-3.25636756182049
-2.5164341025401757
-1.440916991787032
-0.08655730996427634
1.4572731875106597
3.073878910815172
4.627700625746797
5.975178045802009
6.976861498419718
7.509807483596184
7.4796661308406724
6.831918395318116
5.561368103606908
3.718609517555909
1.412101646943403
-1.1953514631623758
-3.8965647045698177
-6.456485206952528
-8.63412509647797
-10.207589092850968
-10.999298198128058
-10.8983614145953
-9.876952503191207
-7.99782166212933
-5.411131774963926
-2.340469866427821
0.9403575966656853
4.136688672416365
6.9645500920436705
9.18019078334099
10.60406795058417
11.13689619088239
10.766385754796426
9.564285805021555
7.674637480340941
5.295322348764915
2.6555696206353403
-0.00796595641493293
-2.4743652650121497
-4.558881614639827
-6.128567908498594
-7.11123360541355
-7.496721328256816
-7.330569157640196
-6.701358405076041
-5.724236451903795
-4.523593986505543
-3.217608183018508
-1.9066922870590932
-0.6668473576877333
0.4521874947280338
1.424678404105193
2.243485406238315
2.9128450351860327
3.440950402283527
3.8336272784719743
4.089911034052236
4.2001498313752865
4.147081225423647
3.9096543517181526
3.468585336161463
2.8125180696135272
1.9441049615942803
0.885463916201146
-0.31791830701868906
-1.596018886164413
-2.8567399489177956
-3.9922462581036275
-4.888653961313974
-5.437905152257951
-5.550489322465808
-5.1678627312737095
-4.273508420817913
-2.901348607480709
-1.1398914646915743
0.869497692618556
2.9412748749172772
4.861535078465817
6.410076213195477
7.386574940276773
7.637556250516008
7.080133481312175
5.7186573644544385
3.6513728033004074
1.0653785596956455
-1.7805718754350464
-4.584146490181108
-7.034896293238477
-8.851876462264823
-9.81774894876065
-9.804647865169887
-8.789099308845755
-6.855306987956179
-4.187079605745445
-1.0490437126477945
2.241226359844815
5.347199914954083
7.949908993731518
9.783211465541672
10.663640796558411
10.510708166295663
9.354763520987506
7.331700088349175
4.66587440164874
1.6438661069732323
-1.4178954585695505
-4.208501381287507
-6.4573072189017156
-7.963611020718858
-8.616727151133732
-8.403370817625396
-7.401913699607983
-5.765859236838511
-3.7006937064287344
-1.438488243100537
0.7863164514748572
2.757783099272096
4.2949625320223594
5.263810467096304
5.585139560835564
5.239626999511592
4.270343965860018
2.7822159464272826
0.9372208059688916
-1.0560117594726526
-2.9592472359761857
-4.528286683887889
-5.541504120165823
-5.829937315037148
-5.304306812942365
-3.9740268748366105
-1.9541171033897504
0.5424696035495115
3.227321436613535
5.7713364289539255
7.846874061103532
9.170978065777392
9.543238998815028
8.873029882940987
7.192835830414715
4.656361120767668
1.5215481345238335
-1.879936291410943
-5.183240856005755
-8.035493732099201
-10.13919527913351
-11.287444692815408
-11.385809532583714
-10.458321684949352
-8.638201345771055
-6.145952918363506
-3.2583984871292735
-0.27299643029173054
