Beta
0.05271694592024595
0.27393916719663025
0.4042177726934103
-0.40450216207186857
-2.047068590786268
-2.2012824966485356
0.9835603382211013
5.379512769798052
6.2752540565323525
0.9240270563207349
-8.062138231804843
-12.517119808791362
-5.467146685506403
8.48008843466259
14.9810093792983
7.1712850325745725
-5.0699213874068105
-8.658107030442805
-3.7375278848893156
0.19247676677499845
-0.7417485559360657
-1.824647275244912
0.6729344414237366
4.482888573230452
5.761736651188084
3.152915012386597
-2.2716024509504265
-6.913234061406708
-6.006616298881098
0.5114201489380296
5.741760375002251
3.975410423681996
-1.605054959880142
-3.7414060846714454
-0.7630875206956501
2.7540804689677865
2.9219903492867507
0.4326954871754609
-1.8339033639865363
-2.333059019520445
-1.4465787439173838
-0.2512826164944154
0.37919389344152055
0.35407156127924083
0.516127636634943
1.4546089203540897
2.3382739762933253
1.8868942738251238
-0.028479763453539718
-2.5756571392630465
-4.597853008062385
-4.344249030755165
-0.5966070760010678
4.679624050973894
6.959441261719502
3.9875987417520755
-1.6312304244507005
-5.4215319160297515
-4.948413622690572
-1.047523522508924
2.7070610227109526
2.7388135725389713
-0.23185408142176736
-1.4679663271369123
1.187806552678548
3.643830441551127
1.2791223657434228
-3.78462578587783
-5.011608509834618
-0.7255399155603804
3.494745914847203
3.12782836428309
0.42640320975638923
-0.8389786149969265
-1.093417471608274
-1.7480972471884955
-1.1801930818160964
1.5348338811403355
2.8380216589497165
-0.0727733749067106
-3.151569104524466
-0.8368431853870141
4.177967184190149
3.6023946795107182
-3.5513458510112272
-7.996945436541377
-3.2308140111101884
4.995893346304007
7.5211393413102305
4.082245197759999
0.019808883718846787
-3.3079378247919116
-6.496703445594073
-5.811678589438704
1.4182839627460329
8.252343820208552
5.109859202620746
-4.899862613958484
-7.740440800822298
1.5571329247519812
10.304382926044028
5.493666356627934
-7.8052145208865475
-13.115805980672128
-3.924837043976963
8.958315380567837
11.64620711476326
3.1782943878254653
-5.826850309344025
-6.944682261571662
-1.7123937913371627
2.9562321954716606
2.749333448745364
-0.9024487038674597
-3.1916046371627704
-1.0789067429537642
3.221868009005307
4.577637388039569
1.0590956242266671
-3.65174781505914
-4.668069642647836
-1.3663899605273933
2.611507026741087
3.715205826946189
1.4772540922499096
-1.8407782176210885
-3.0524908866543687
-0.7601725748604357
2.4088563685989133
2.3629364277680747
-0.8378351973661782
-3.04114667391543
-1.8806308543594563
1.0574292559274285
3.3575137821477
3.442383644320292
0.4357546515718552
-4.149770229968238
-5.878829081629807
-1.8794556742601156
4.464968322499963
6.279462936276104
1.6074095528485879
-3.642103598867779
-3.4017754839177257
0.5993387125204286
2.2865468301840353
0.1733228003785453
-2.0831384436700975
-2.2007092020587837
-0.921854304123748
1.3966878164501273
4.212754078312914
4.191688399443638
-0.6844442541926903
-5.568905908534909
-4.137733921290332
1.4063982163626885
3.254391943878995
0.09041005507665122
-1.9474613191279562
0.07826492936339033
2.4823983418562374
2.177948793576732
0.20788267920719358
-1.9355346277419767
-3.629535690404394
-3.0002033131063297
1.1658427721903661
5.358963030481159
4.3288451183518175
-1.2329184264975757
-4.870742318789402
-3.1852190447912143
0.4528838410051205
2.191531925816883
2.3058812737862384
1.6065657863725187
-0.9628675252902348
-3.9372920595281857
-2.4153204662784447
3.660638357117379
6.0636486320515735
-0.19428431620346567
-7.224621338908007
-4.777574681985452
3.880182949185464
6.6656998877521225
0.729525874288468
-4.6322939147416475
-2.779044537526756
2.0401030307550028
2.9854082943434914
-0.06456451037486076
-2.3505917918981174
-1.1830227617909548
1.376665101829731
1.545886769262299
-1.1608652916748656
-2.8689179476619313
-0.7443066668674893
2.6383006656567423
3.352253324591955
1.7954968696371936
0.2692250977893396
-1.8591498356702028
-5.232504041249846
-5.788647982969216
0.18535578204035458
7.914389440283544
8.335200487425682
0.40862580389549563
-7.070996544602513
-6.690125723661171
-0.4761852797123474
4.358874397473987
3.957763295838604
0.2734927101879379
-2.6490107371061526
-2.5520731471664284
-0.010726620132533254
2.529346889295746
2.6813417004574682
0.09161082354606045
-2.934889084725423
-3.2101137607385266
-0.11188422172518604
3.058959275740395
2.6950932922514927
-0.5419556994156358
-2.5543211555011482
-1.074566429984881
1.5438075692881081
1.615880881312053
-0.7696245532685176
-2.033983543181812
-0.4990886211053814
1.436055752103222
1.3725456628309212
0.21238776987095137
-0.1479032401913014
-0.06732099744112531
-0.8968145442045792
-1.8998491383760796
-1.0996395144402271
1.3261907160496047
2.779855900251905
1.3726822527474625
-1.5427066269090572
-2.2408218098190136
0.667629000043407
2.9819204261445873
0.20716032338511856
-4.4999804126485365
-3.7081208447142116
2.6505006049327506
6.017381025822881
1.655652270970146
-4.219226502841473
-3.736764874414864
1.4319115183953872
3.6162162656026346
0.602762251884084
-2.4920592054211577
-1.8576150503490303
0.2089545298265051
0.534488103203952
0.3337100447165494
1.8039017351626783
2.8705387641898525
0.15735849245057942
-4.390778276386896
-4.939170426513716
-0.04162420409899958
4.828118040349196
4.366668678198309
-0.16092414866310215
-3.3039085412278144
-2.1259742870804463
1.068890934194401
2.0909220634885988
-0.12273122725058493
-2.651778167860523
-2.3719401535455864
0.7863269958629758
4.047281526095556
4.029817781651002
-0.1788640854478318
-4.9352003964191065
-4.76744069871385
0.9388700021671973
5.6829211713799515
3.0790576929837186
-4.454188309482635
-7.640841305960682
-1.716123010632863
7.151345313287441
9.146054227179286
2.740896087260312
-4.403492937093955
-6.046669447607656
-3.7982438718802576
-1.7715618415485483
-0.1693147193055239
2.7979949147307157
5.7983957751604915
4.831037464738937
-0.8883574286579743
-6.186166003864592
-5.794226435386519
-1.0603679985736312
2.793455169229774
3.8481848525654425
3.617407175604049
2.3788453927321163
-0.8139277704872703
-4.5838441594513775
-5.5897740527081865
-2.549558974684412
2.2402351708651906
5.4935482820567705
5.443164747216658
1.909854472615207
-3.613603246509164
-7.179822591378809
-4.78092509649046
2.3828948902374956
7.403711380344086
4.884109155680276
-2.503603061570535
-6.624952006068962
-3.067251456621355
3.5553805523327093
4.99002136669192
-0.09378688204218573
-4.13927022480976
-1.373858070189253
3.5925481447890366
2.69073269739468
-3.1980608774123707
-5.452839565563069
-0.4984364143692001
5.284584339220832
4.957484219910508
-0.013531111908422086
-3.45112517084912
-3.2269053829637957
-1.7247936270782542
-0.12804413707952256
2.213586070104059
3.8261315686744717
2.0132631749514664
-2.1055857067739976
-3.8821083437785417
-1.310445781563454
2.1728207270981477
2.218285759125972
-0.8892430856001364
-2.7201797368503042
-0.5045269994740306
3.132506483277039
3.53662315315362
0.0014492135969764453
-3.659219547399371
-3.84618797760137
-0.5559341258242582
3.2402910132099128
3.96410675631859
0.33097132042396893
-4.455362587356811
-4.906614816513729
0.35153172695067586
5.873515887089182
5.4845210164442335
-0.050040305591175754
-4.225418246103693
-3.2262188311653284
0.06270571800646786
1.1370013375654209
-0.33795010930257036
-1.5238658788041846
-0.5914270476405283
1.7806505868729325
3.4342076133137382
2.5669949346086067
-0.49373212851222037
-3.5751976953569904
-4.77514093634729
-3.2507087719813694
1.1177251565180402
6.418093722299344
7.88474564550989
2.114624545616704
-6.980213497661547
-10.212665574952794
-3.767252547538
5.320722885714985
7.7727408428005065
3.1759219121791586
-1.6033646523904208
-2.3681975277872356
-1.1248505202468753
-0.8914768330842301
-1.3862491835044497
-0.794582916766223
0.7562096538472525
1.510508035753651
0.9153661285701072
0.042245849525258436
-0.3921875517237481
-0.5161840393672643
-0.21915998349452556
0.7819776740811695
1.8349228982789254
1.275800688368551
-1.7575992357193422
-5.051601431618636
-4.23846308012825
1.844641787949227
7.691065030324792
6.384996667284102
-1.5609579936578455
-7.863765130125112
-5.719367960106033
2.6026936801911886
7.949255822875147
3.895298384034396
-5.5966075100524355
-9.700565153609615
-3.0568414625598863
7.605163373635536
10.842218757772983
3.389899026540166
-6.0951801769844085
-7.625553808709887
-2.3265290268934367
0.7825927657433474
-0.9470706491965519
-1.0888464345814002
3.7608223162221335
8.05739894301657
6.017402088969405
-0.6093058804759443
-6.403669897517025
-8.719984167018984
-7.277296138928615
-1.89711381631403
5.408569615626298
9.427797383249423
6.928793915534186
0.8870740964044664
-3.3040070089196316
-3.881049418829798
-2.7948485289095077
-1.9396514472300703
-1.7616434396206764
-2.0155811593354227
-1.377940423066304
2.2400187009155514
7.931750994548687
9.796317504644684
2.882528989938312
-8.938729225281122
-14.725217189201746
-7.8226198961037925
5.759619757138927
12.937507242924367
8.225574090504978
-1.0708612961883186
-5.9936947493785055
-5.912091402857967
-4.109492152725862
-0.9997752889209491
3.178465882737755
5.160134230412189
3.314523875116826
0.8346690336517373
0.07868841023443858
-1.4302809728113188
-4.943771767391442
-5.8434360924814195
-0.7368090074390946
5.457113404374428
5.786721963253095
1.4509654738341868
-0.7955066644329724
0.08854340342982861
-1.5297587937148514
-6.3374177889574606
-6.45980487717835
1.639762805020849
9.237780129747103
7.424715216858499
-0.18843912674058927
-4.3385486794448305
-3.452296211821181
-2.4610365770304705
-2.776045156311943
-1.0188703708829039
3.556756507123804
6.155985303296054
2.7057399847663532
-3.620153523630484
-5.450639808689336
-0.8402143840548038
3.957182218566908
3.099118239835193
-1.350031583019805
-3.59068535333045
-2.1988609903186385
0.11887213607681932
2.055965412374488
3.8438733354575474
3.608498764001331
-0.6557897233461022
-5.796304132334756
-5.729545383249908
0.15026917215571647
5.42858359087611
4.890914882770247
0.4032037799823507
-2.9712381265562744
-3.2395444376976505
-1.6257989367847803
0.6931990734212685
2.714296630941219
2.343795832317971
-0.9028925751858092
-3.1467959964002046
-0.7322005661516681
3.380063948981396
2.9185226119355887
-2.260140264725983
-5.201961575865697
-1.6210060247421583
3.851718504127701
4.309458794966656
0.06566064231253098
-2.8583964921168272
-1.5051648203343597
1.224555029121148
1.5158544585379468
-0.9146929925865601
-3.195936379471053
-2.4060544276735607
1.7225752764630708
5.898078434176248
5.219189310216741
-1.5330125785069257
-8.29124309148675
-7.092129002676813
1.7432357684127202
8.722041559186628
6.445324123087131
-1.6319287401628526
-6.458331011820477
-4.5839310461162235
-0.08899095836330426
2.7269508891816003
3.3548722890019356
2.3129236003821463
-0.3579748087231476
-2.970063317237093
-2.5561961092352083
0.9497333781432835
3.2402233772222533
0.627200069374131
-4.2377333621872655
-4.548548829993458
1.7338035395192832
7.928119749643216
6.128298311064085
-2.6404639906585556
-8.809145049964531
-5.803360936336829
1.8225207060163569
5.2941466518186475
3.1981161774301947
0.012328278298133488
-2.326603003009919
-2.973366756618043
1.3739129759439046
8.434768951072996
6.71086856783055
-8.002190950154292
-19.867124207372207
-10.819900613612472
12.395687471182104
23.498467206901168
10.599616373740206
-8.92020941763246
-13.567215237844463
-4.747714398113821
1.6585194762585393
0.04269721338335719
-1.920771210966162
0.7697895134209893
4.370448878503951
5.026109371165245
3.3481033755231664
0.009230754703208385
-4.923168711520723
-7.6864700023544055
-3.67270833955836
4.191222323006536
7.006514408725845
1.8523791006086774
-4.028056514562308
-3.5420517921330235
1.4566839479701548
4.5720676003621294
2.8668554558534
-1.9382420135990754
-5.790495821290453
-4.817461222643099
0.7916560519450689
5.6889839796552994
4.9241220464465085
-0.1955161587372748
-3.7981727491169264
-2.52033397659636
0.9822743516263456
2.201178284227492
0.40081410552727115
-1.800993253274583
-2.4609820099091095
-1.2558686609460394
1.6982346263048067
4.735322133411632
4.0487935179271135
-1.6927877149405757
-7.095049993803947
-5.287954639868145
2.3335539003935324
6.8360411720617975
3.5332482779710785
-2.3370254660870597
-3.891958441507487
-1.1411311635361907
1.570080785807161
1.824200944767305
0.014527148842124016
-2.2794774635233463
-2.6012964824837432
0.6133466645626496
4.688623310477443
4.286207588134618
-1.2820365363265591
-5.878807220024424
-4.533966225382835
0.49290008565706644
4.171457313350016
4.461340742860793
1.7195492481003536
-2.629102073885712
-5.068712742904982
-2.1984840514973056
3.7274007611393913
5.344691761132558
-0.3225379998982452
-6.322060843483861
-4.437951862420746
3.3702967473015404
7.5498465604102165
3.3795270236897244
-3.9923047341053466
-6.69362843866168
-2.8969955175081257
2.523800721102695
4.385966449457307
2.3008621503344275
-0.7325691229995044
-2.2586789196027413
-1.2600105434175093
1.6706553426854984
2.754361828166505
-1.6903570481072823
-7.592847466641906
-5.456822042149292
5.573991736472078
13.422458274000373
8.198990826382628
-4.7950242946434685
-12.378948286844059
-8.766290340194018
0.48672192170781553
6.059467658145222
4.060337446290076
-0.5552545871171207
-0.45651898364373994
3.891270918449713
4.931379180379285
-0.5641479704761623
-6.915558345989306
-7.62699714645743
-2.6651638591235667
3.2985955312678747
6.060754532733105
4.8024262004813885
1.663486703126999
-1.2869572673993541
-3.6591172468848083
-4.590025442554725
-2.090661810884175
2.8585525179251468
4.78451433818672
0.47636529747394635
-4.731792957346219
-2.879366485906825
4.590504336585163
7.246313887870269
0.23972649369682558
-8.082177297182419
-7.3508532659659505
1.1095459948319022
7.096994676079652
5.124318323909967
-0.5762879201873785
-3.744057385713502
-3.026496702413829
-0.46939779867974263
1.920272748686808
2.4774381687893423
0.3433424450382576
-2.6868482816580266
-2.914388326009603
0.9319821635671185
4.877258791483303
3.558646172728526
-2.38962663208985
-6.089360577603415
-3.4946991958956626
1.546523435218634
3.8488149387623207
3.310830806925405
1.9288733007172947
-0.1920022732596209
-2.7055425732171425
-3.3018521227314874
-1.1786660333907084
0.7338117089241664
-0.0738786224032521
-1.286257578256511
1.0937561526381623
5.771275022134703
6.0813481258342446
-1.2062950332770492
-9.551194684748205
-9.282098451678399
-0.06693543504927853
8.335098511457417
8.32538255986007
2.1425532689205786
-3.5319488278946856
-5.248891041964717
-3.3903009304759135
0.2664887681491334
2.938592495126211
2.1476367040212843
-0.9049998410819032
-2.019077010958494
0.4766771981264908
3.2840215808568143
1.9738347690834157
-3.291738329725207
-5.998923862604549
-0.3159053663486621
8.711818849805642
8.303626857030778
-4.61922980080233
-15.70791382762892
-9.755327252748538
8.565357964690277
18.758900496282834
9.770308702309293
-7.115238200178087
-14.236546424467141
-8.240974839456479
1.3687835326050881
6.777420908512072
6.652737621300715
2.0756925683243326
-3.8566946998294283
-5.486395050791893
-0.018699606398571975
7.150862693523127
6.184622553119883
-5.150824371682965
-14.25610624544771
-6.740017512904319
11.310204566291372
17.10925731081846
2.6175297622399794
-13.031020230207366
-10.994472034387943
2.1416893968131454
7.997404803944736
3.077361257587044
-1.9514122420717201
-1.8656857941563045
-1.0786254642842037
-1.4078372177899103
0.683199708112257
4.139396998169897
2.4109871505392952
-4.416653007901745
-6.709775830943642
0.3629390309716588
8.102222395557797
6.353223835896731
-2.4668288313902713
-8.018518837661913
-5.5238555193026055
1.2290020842166538
6.155639605308592
5.400815654869571
-0.5845219726586102
-5.880064640697379
-4.001843611271573
3.3316615860334666
6.834946761336557
1.6150209437972973
-6.064089240710386
-7.098147461548416
-0.8659103293872823
5.449552398911495
6.227285901021214
2.1345278506238734
-2.849517371417378
-5.15800144378499
-3.1554131912522583
1.5346274298625908
4.347278886690413
2.217635650661803
-2.265897902294158
-3.544758864194385
-0.0964622833145081
3.535863157262257
2.5944667588843306
-1.70285185598001
-3.785119383546664
-1.261870481828477
2.1133878133065642
2.379917026011908
0.5526490206580297
-0.7208616065466696
-1.4061727804202062
-1.7883236906000413
-0.341966893730566
2.7142233637458033
3.512136837662707
-0.3098187432797642
-4.843790719339807
-4.018449758963346
1.8775289340852506
5.677734104675034
2.7104121723455656
-3.109887694280262
-4.777154519198076
-0.66421798979631
4.323838541004552
4.153903364343022
-1.8897994915255576
-7.174668014209584
-4.328482859743768
4.964993633882359
10.385583183748432
5.078331004111491
-6.028762951807315
-11.846480397827083
-6.7313371941701305
4.367006314146226
10.936449365593253
7.246014297267121
-1.9787472806229678
-7.287604482796468
-5.045282301880326
0.1732231017550396
2.6964370838238163
1.7162250318130794
-0.10692005125565163
-0.6391719156269803
0.5660959986865394
2.5893419569119085
2.895476897197062
-0.8580330556908413
-6.59220630771451
-7.814831450805135
-0.9426736024555581
8.88233765847719
12.234360236941438
5.075510262832422
-7.281137403345441
-14.479745732228292
-9.520274345451833
3.9403633907783564
13.074116397357306
9.022957657019829
-2.1160800022730903
-6.833653908332842
-1.911882670174385
2.617040543833341
-0.719853455034823
-6.131667126653933
-4.291003034231567
3.536872871208954
8.070394580322407
5.239294191105446
-0.34364026530595504
-3.6490154128692813
-4.413094225529029
-3.8614492501664834
-1.560639450730719
2.4195734643239017
5.10351418472148
3.291734184966576
-1.6715110427158983
-4.22971061698928
-1.0663985189678449
3.9298126977058967
3.5162799262150566
-3.2576209247753614
-8.019909394810027
-3.139804745002493
7.029514369013147
10.306420056392206
2.1852354877077405
-8.16741507543098
-9.266248395695335
-0.7259200957506465
7.374969214354846
6.593045979229262
-1.0375348879476742
-6.343004143225492
-3.762356283927167
2.755942449846239
5.2696760181957485
1.5622463684633394
-3.2786797100072356
-4.143592269901061
-1.1539997131720376
2.413238431625539
3.816170504678703
2.027617731304443
-1.6551663139662498
-3.8514692712686087
-2.247737017917059
1.5174154758120735
3.475271597190777
1.5589580642342726
-2.155853120236841
-3.309665572494951
-0.15715907714921307
3.626552348233285
3.120529517890601
-1.2803199442693076
-4.429074377627364
-3.051918577652115
1.2430717599140633
4.691299730610343
4.315749849178927
-0.4111744538145207
-6.093808077876018
-6.88386328562079
-0.2210877039120259
8.724418412617068
10.391884088716573
0.8569591480116484
-11.533085551678143
-13.073303046016331
-0.6848676640376994
12.441198192368388
11.684228161899192
-0.95609491886126
-9.818058578080137
-5.967312258357514
2.812090146120981
4.825574437618091
0.03787796365392444
-2.9545081483691074
-0.6642684919852742
2.1613855786129776
1.5798581087109171
-0.5034584283120623
-1.1507984333235002
-0.7808374516538853
-0.8168225148330304
-0.5838535329030949
1.1470005636698544
3.1216250143499806
2.279273615127619
-1.8356799082367121
-4.912802880561635
-2.8676946069711904
2.012236047531073
3.898946044694326
1.506459467988457
-0.9692914238650627
-0.3053645102727457
1.6673831896881643
0.6467898425315514
-3.9700413280175044
-6.545569984094418
-1.9273343189441912
6.246667895995751
9.218523389705458
4.318309356367578
-3.0736911090008503
-7.425218006062128
-7.220086363207817
-2.797465003107443
4.000034607934477
8.32498315937188
5.609576212579164
-2.27992362042868
-7.34723027435783
-4.122687278258478
3.479416304627807
6.4858189078941555
1.4937653333677352
-5.729996256411571
-7.256835761746777
-1.2346564579417203
6.778812681338299
8.959973444747083
2.520083312562716
-6.559411856245033
-8.773285071736815
-1.998761896106472
5.39501528164139
5.182114613672429
-0.3123402310942394
-2.9530896165181724
-0.7142275552138555
1.4207123335025393
0.5819475751790548
-0.9319720755174089
-1.2189085434971711
-0.8257956549381328
0.44293978749975904
2.6339322700676746
2.6962106793378915
-1.378614395278913
-5.237801612200422
-3.147928792395133
3.2490129822532365
6.4355870327866755
2.528716017780819
-4.234015866076605
-6.43325650220362
-1.4734047198850961
5.287473225761358
5.9501178419644365
-0.5946020350680977
-6.732632127672228
-5.387864100159686
1.5615786175591786
6.789908200971477
6.296072626755619
1.461011137109529
-4.528972177667518
-8.299269533109205
-6.490655810615303
0.9937229522431087
8.35078513625467
8.615748805187184
1.6108740755560207
-5.628587100529601
-6.534364731750794
-1.4125806298258798
3.5335711701246812
3.0214519482206263
-1.4552062353550166
-3.782618777986645
-1.086386683310804
3.2254384148524298
4.465070827358981
1.8546640165105293
-1.827586617853249
-3.6221613651979894
-2.6483870669757015
-0.2443224688911739
1.3775363277591612
1.1187186200080332
-0.0011317996551322845
-0.158696970546916
1.0494845694203687
2.149525390924585
1.367647174399064
-1.4092042791217014
-3.825404376001608
-2.9287076784970987
0.9848544135706134
3.6955049609154242
2.146418887366756
-1.4396600508125146
-2.6980941653803208
-0.37395298906376945
3.151970502102504
4.069895678875915
-0.19919739857818072
-6.9724125223823314
-8.262557248561942
0.25965176779779114
11.208037558944403
11.780159674758464
-0.4454170275297389
-12.222014585614977
-9.905880882471712
2.2672428565822047
7.526805136404143
0.30013465239347337
-6.514060878565742
-1.406387366107816
9.417643116136725
11.794907387874133
2.3594866096126004
-9.263322012082014
-13.317329192884959
-8.70508104543831
-0.20327567451879758
7.323879170659921
10.843786216327308
8.909737094360944
2.114707565885431
-5.844548991616669
-9.594182228131531
-7.274471866873431
-2.3340160410086317
2.345357161100982
7.247400179259458
10.444306683975862
6.807576789239871
-3.3014777959398596
-11.937481838895245
-12.715405038801572
-6.252874719549288
3.403138222790196
11.973084576805999
14.783169514065717
8.674507247165268
-3.727268182585422
-13.71269531393145
-13.517952451770142
-4.346919574139384
4.917407954867185
7.68820424859726
5.402827819322704
2.6181625836801703
0.6348991425964396
-1.5637336188930153
-3.409138307137583
-3.3496090816682855
-1.7958063719195214
-0.3012103083794861
1.14477728467104
2.98521224213516
3.5342869435756072
1.092727898673567
-2.407134493947701
-3.5193488721848865
-2.116686897564238
-0.516207144588364
0.9308878807098973
3.166751966789891
4.47403357684141
1.9624373818808407
-3.1431910552793303
-5.826297855107342
-3.493726607162547
0.980595574357175
3.2705124825883787
2.593072881111737
1.268036315638141
0.7156268070243913
0.10343608876713503
-1.327478911613915
-2.614086532763325
-2.2811069102880186
-0.2598946679750537
1.8189222996710626
2.202647532785401
0.9911035884081792
0.00461128137194464
0.08116166620870918
-0.18197076832948209
-1.6030260965222047
-2.3075094381021843
-0.6965897739544175
1.5438346612414788
2.0086592231689906
1.245536710974724
1.059175927192249
0.6533187907349777
-1.9951232569432324
-5.048537687199257
-3.37449804559185
3.50811203588492
7.9696433252277
3.4566151614584433
-5.353588422499442
-7.763536028013238
-1.4337865617622236
5.311100251576375
5.565673351272178
1.115126708819108
-3.036316330284331
-4.539570765000262
-2.900974629901701
1.2882163931365318
4.75609407622424
3.6066540650333407
-1.4025418274237127
-4.641225098649198
-2.2963783678736536
2.637827248306457
4.034040628295779
0.4111839885557417
-3.4736324512006975
-3.1013676286052023
0.43877003910677337
2.8112047829291633
1.939698288396329
-0.4228599339137823
-1.385724929788293
-0.11143285033919473
1.3533924154776975
0.41153339112153464
-2.6067409679901896
-3.864308226818702
-0.25381784605244423
5.488024856277409
6.286767201084235
-0.330914395851178
-7.294660125267288
-6.13462489480032
1.7404812852496558
6.876921829848849
4.038429282288993
-2.2481787212822804
-4.7928921813990435
-2.304488871544582
1.042818390732234
2.0642081145839253
1.526835106304107
1.1308936090193684
0.49386105957994825
-1.4334506694041296
-3.299889539944177
-2.0579608226816695
2.2839425889832987
4.803384705516195
1.6310046788233536
-3.597022283529474
-3.9160150063172496
0.6037958202249774
2.7734658643712407
-0.1782268212907177
-2.267521627429473
0.8251764618164175
4.327594440835824
2.2432490075438833
-3.150324409679674
-5.0736561069299855
-1.9830830418982708
1.6216541074687156
2.54730517803837
1.9693324528869107
1.2600944482016
-0.09611243827223313
-1.5828918060191293
-1.3087248022747582
0.4072000274280188
0.8652685305733987
-0.848370877827996
-2.4057872111028473
-1.5600895683589584
1.1867047220152425
3.6615404574302852
3.9632305339469145
1.1791421664493171
-3.5635571084667865
-6.239082926426033
-3.0646164583586097
3.7352941860682134
6.519609947446722
1.75606105739352
-4.373696560367849
-4.196134781852064
0.9971927078848852
3.8108935082216306
1.3617535379610946
-2.251444012089531
-2.9097882915552495
-0.9167731528428843
1.9690794606678292
4.73401126760802
4.471803763344246
-1.9736037918107725
-10.155078833300255
-9.357591805495728
2.806915230758178
13.980295235257405
11.394096891350529
-2.1845727614532158
-12.427999430668573
-10.395596545318687
-0.43561831873441
7.502579158067854
8.248987473961176
3.288154005155629
-2.950806261799675
-5.9212149086159505
-3.4726843178590983
1.4081613609374073
2.909601274058439
-0.17523017727741666
-2.3864387890494205
0.3799636094493969
4.310347367141182
3.1994453517166708
-2.085132222921588
-4.858155053273075
-2.3759330224755004
1.1496830583488644
1.8599376397334613
1.1589646831558693
1.2569876448089146
0.8206759049512653
-1.32608347241063
-2.340609154869025
0.04848500056340493
2.367645574107044
0.30061436938134833
-3.542384924471682
-2.6843190927632046
3.1497880755640026
6.62171246253771
2.585669612657328
-4.861322704686144
-7.500656886428473
-2.8383587168950655
3.742570648276107
5.8918084372741975
2.915214985164602
-1.183160486305354
-3.0550737207333953
-2.3658995652094896
-0.5038997985629642
0.7865748005835087
0.8326431400980375
0.9342690284127655
1.779331478914065
1.135115925425446
-2.2222979874468325
-4.525872189619524
-1.8866967671773167
3.0494784353495263
4.528677218591361
1.9300776976931886
-0.584232828923553
-1.2317860610902207
-2.089656490646023
-3.6852258696058606
-2.964733861456599
1.7513022951885877
6.529386558686306
5.417456110293856
-1.489144447803718
-6.605537488186259
-4.101126684200788
2.0912593438875215
3.793825989294895
0.11880123000679574
-2.2542260448227815
0.026311276600595443
2.445613212322371
0.9694364656319442
-1.5250906639986936
-1.099392895671725
0.4776267843980745
-0.2585910217287373
-1.9207363256807142
-0.8530047398817637
2.4469532222518025
3.885222205668683
1.2797901450207076
-3.392584659566062
-5.8410837731691565
-2.832426420305532
3.828313716127401
7.54961123781926
4.470872424161397
-1.6491440736184788
-5.274431245327865
-5.55408363839423
-3.8741260336258247
-0.30534077440457813
4.2856897256870505
6.824495245919917
5.220406059930819
0.7177465073656614
-3.878850024817863
-6.569727854349094
-6.0424512845006015
-1.5804298675692776
4.5834191616719755
7.206500423731589
3.8521135725783564
-1.432834700213392
-3.5429501176975315
-2.4385763783134315
-0.8462048697706933
0.2799095334236035
0.8434174709869594
0.08638567895573483
-1.1023405013295824
-0.11369691112067878
2.753286041380732
3.3440482329914816
-0.3617104578109459
-4.481915470734549
-3.839073608293634
1.2848705327888215
4.9077067050176
2.2174527864491522
-3.950442386803136
-5.545724424753517
0.47632797382932013
7.124165561463172
5.90022603179579
-1.9163254232051288
-7.136037988812984
-4.672342942361101
1.2264282210030706
3.8816984067775424
1.9120054695606992
-1.1027293353054761
-1.4835267221939
1.2431551055700492
3.8607593517184022
2.1947281112150456
-3.6323667852642476
-7.607516914661737
-4.272002273760083
3.974695886045163
8.85836789753925
5.5642990035397055
-2.0734506074185988
-6.518696269332068
-5.0191295298461815
-1.028270315455537
1.8704664881769917
3.5305191695649314
4.060142900368721
1.8526565644631063
-2.594309327619694
-4.921454931391551
-2.3719700882646593
1.8381205742529643
2.8127935531076047
0.5561085808997288
-0.8378821418184165
0.5072080311474894
1.8253189402119667
0.1747689166247415
-2.9440420833596233
-3.406489350335529
-0.06982873351233156
3.568534567460772
3.581538156119703
0.10759777851280655
-3.050652711523428
-2.8640381160145667
-0.1568473494760751
2.106038277669398
2.3009653671025814
0.8868143618818828
-0.9925740456040448
-2.3156006344853486
-2.1786334066024953
-0.058131087280888324
2.9715470518285976
3.6306601145032604
-0.23173949028494958
-5.061754128968847
-4.22464752980643
2.9832801175775763
8.394468435806047
4.004882123895408
-7.105656431414875
-12.205845280443777
-3.677893087142864
10.008344948952256
13.355556884712616
3.120281639969559
-8.3250171358196
-9.601819392909784
-2.713233727707901
3.3673681004329894
4.340479625385855
2.0669253302372868
-0.5611781974029914
-1.853495032005243
-0.7574880827094982
1.9901769704695451
2.930766885850415
-0.35041597472889613
-4.9151045139381875
-5.323704491851695
-0.4677095179253171
5.230935569689502
6.9267069619966914
3.5229725006132617
-2.472840859553463
-6.811584924735735
-5.709338242656673
0.38176109988305806
5.255942204581375
3.4909751554669555
-1.8238864103701642
-2.9852804530378214
1.3479035993344544
4.624231238371186
1.9398747697189733
-3.6906667596507012
-5.932604853993308
-2.8429435237977607
2.0792816180528773
4.884682182279771
4.651204166822999
2.0303360772751002
-2.630524331175702
-7.243312965818657
-6.776228920587735
0.9024167750590566
9.281811910298767
9.174229841938288
0.5242612512014437
-7.048055476463742
-6.576029358963508
-1.736336461514858
0.26045751005389706
-0.628819817904151
1.004939109840508
5.897992726148501
7.861305589788641
2.341840128292724
-6.747977351056838
-10.73725655935004
-5.565208208815484
3.870042051647602
8.737820085382621
5.243419539315876
-1.725526164412117
-4.534036257352655
-1.7178844438713279
1.5022215739039426
1.2215966572926757
-0.8062736583479093
-1.4952997058819688
-0.7220640794112098
0.2382850177752443
1.1359769373771331
1.7834151634633009
1.1050414845167424
-0.8632644062202971
-1.8836343282713435
-0.6468122359900347
0.8227924696635379
0.36057271941801067
-0.8641200521427101
-0.6951075579472586
0.5071757190336362
1.2235493556961285
1.350635717350836
1.079936553567933
-0.5719588725912963
-3.3693012169425156
-3.8752098880175043
0.4474736899598039
5.936965399257185
5.6338287451737505
-1.58453379121117
-7.956838543422534
-5.6186982274265675
3.0139107879277756
7.904957741565194
4.51099493089915
-1.630651303200914
-4.593956440786803
-4.906430026475246
-3.883473177722021
0.7941397634844486
8.156675946820739
9.45991868547129
-0.44846604688451797
-11.474442045557906
-9.261516833761794
3.6548744028494786
10.157422164089839
2.92391805842588
-6.186729306072135
-4.779818488281325
3.2839526722633035
6.094333812807415
0.7597927502749137
-5.1811252935061916
-5.268988223360634
-0.5639610956958836
3.9438395455542876
4.809392860850776
2.0235766106944615
-1.977505757847179
-4.245544737257602
-2.9125071954261736
1.476658474646162
4.969566462292987
2.842473144248194
-3.802748697639326
-7.000456455784641
-1.9069986133776098
5.528038929305725
6.390960701725731
0.9413835538172453
-3.2368222655828003
-2.4146285219112023
0.1698808386346977
0.7353966110271795
-0.7165251245741341
-2.0767022056423956
-1.913030353542032
-0.23327271295880325
2.2855029975012138
4.603231532043052
4.559248505805897
0.34723289092153536
-5.517239377649747
-7.085913768837512
-2.4622301168454537
3.1294622771241705
4.434572544663107
2.4888556880228028
0.9060891807742963
-0.048860595911225164
-1.7861151541234515
-3.0756391565374233
-1.6787599257096284
1.386055246047071
2.6299714928109688
0.7608499672553334
-1.680782864717839
-1.7586933111707221
0.3049715324918895
2.00225080964558
1.8465889787806342
0.4242653888618103
-1.137350678278121
-2.212499597099989
-2.348629669447446
-1.144558818542255
1.2716658161199355
3.837552778207871
4.3439189153226785
0.7966577844379217
-4.964552304654529
-6.7858598616556955
-1.154311059976765
6.669049669347544
7.66948940350831
-0.31259584599840406
-9.88690828370749
-11.254232980168272
-1.0403095379160583
13.431561204029986
18.444284011380635
7.0732173735391815
-11.284775202769879
-19.786847694474083
-12.63272722772313
0.9516940085619743
10.01812892931131
11.847617008930202
8.648562938437008
2.1421021365606165
-5.26970270530684
-8.88438583868236
-6.00245037952705
-0.1823016259316384
2.5810122825055184
1.21216718198301
-0.07202746976084579
1.5444496986043332
3.6350588337092438
2.747267652321683
-0.15784062609825877
-1.7937271310162235
-2.189394322498718
-3.305789718688614
-3.6593884967230697
-0.5058372405093065
3.9515518413955304
4.810524554621295
1.8919407887679678
-0.6053945704535166
-1.1479815792506072
-2.1969418013666613
-3.7970499699339375
-1.7682037656240004
4.114869529423698
6.20727799351196
-0.17930564408605668
-7.33288253487699
-4.935547577721022
4.410956515586441
8.35340076558719
2.0600946144201244
-5.923504462629769
-6.3211368793773035
-0.7120891974584929
3.3007759149850586
3.198605909820152
1.9787123286817976
0.9072176773731369
-1.3322775169467074
-3.640849766985984
-2.8918882516197058
0.6059444726877758
2.7751261207858104
1.6464898642616022
-0.04412359481185983
0.42810116762854716
1.3989989705058694
-0.2375878642729986
-3.461008157419311
-3.902318768688573
-0.13105274808130896
4.016450278916252
4.486934211229773
1.5249075515760342
-2.216983648490799
-4.624869013227751
-3.7580943314815376
0.9817932862899802
5.669615051718894
4.693608740252758
-1.5218377056572165
-5.950304601629515
-3.6520842026426337
2.2896642258298567
5.01853274694982
1.9860452018960066
-2.8543126392142564
-4.12050399264621
-0.7497651675675978
3.4577671837813853
4.056586262467811
0.34267232418529203
-4.0548902896939705
-4.720439257024894
-0.6544673771167349
4.643522028581175
5.9615989964740885
1.2339967352131174
-5.547425188534162
-7.580646456171778
-2.2239144119515415
6.178428164976804
9.98413339828005
4.576642768354815
-6.440762373643263
-12.486170447924733
-6.524100217121142
5.7410167705330375
11.627202513790975
6.225049706886441
-3.128463404640307
-7.126855213457095
-4.346053725211425
0.35205877290418147
2.7267723073046417
2.146688454213242
0.4333705059176145
-0.49402815765880387
-0.5437453586260359
-0.6283749256130142
-0.16352746886354821
1.695649484631678
2.433197825741641
-1.102038781687885
-5.694721620895681
-4.322889577519362
2.7527866229389484
7.260608459760799
4.913582304819869
-0.13622439314687199
-3.7389220765230116
-5.812926938136785
-5.3636498002434845
-0.39492631247301085
5.922529491075448
6.889363560295137
1.7561595609130263
-3.0332371836794354
-3.3049158672212853
-1.4775901118221644
-0.4136848604578825
0.3982020708706644
1.1302816939921605
0.3103687819258213
-1.3257580237972506
-0.9278044290588463
1.6259830100926733
3.214093224060766
1.9521343176522723
-1.0382618773144079
-3.6674683581965173
-4.075163405705703
-1.1372324885998308
3.422110669895038
4.8554654988661605
0.8142559194753187
-4.069152846201193
-3.1844622957959716
2.7436976420511363
5.744190795227776
1.0115482175806982
-6.2657066418795315
-7.089536265452903
-0.32213491320834514
5.771655698838413
5.011571041169285
1.29168329542401
0.6146576067627215
0.7695662747157256
-2.9523579260009902
-6.622854701310605
-3.367073894377386
2.9994331214474923
2.8137643784993984
-2.3503873558025767
-1.1358284793770117
7.852642193388058
11.155388023904752
0.3455187782629988
-13.716759433003425
-14.409489334470202
-1.053263559407827
11.120036453637512
10.383921917494082
0.7562458662305673
-5.871951905982723
-4.343369361160856
0.578219522780225
2.797792006193973
1.5504941384607025
-0.6656333732651408
-2.1775068445839705
-2.2305006604634987
-0.2624801269181506
2.519653876243244
3.093728056255665
0.3999947858308699
-2.636678363535069
-2.6544646399813927
0.17353288062684638
2.7866251147981136
2.4822243468746894
-0.7093378633228506
-3.728246162737769
-3.0226108116434163
1.3246689703311132
4.618362093325041
2.572791707236843
-2.7501117712209955
-4.619926408717577
-0.3332656931291914
4.673899051961538
3.8794401719096574
-1.5797426799353091
-4.850727883568516
-2.746118071608848
1.1030272464473814
2.522978873049933
1.7631744414237278
0.6640325309622975
-0.8080525881010285
-2.0630104312492525
-0.21105884542722084
4.084216369914209
3.6487749468776345
-4.773912972000921
-11.482695120222532
-5.120031516817517
9.670283784006013
16.28781343225883
7.229079190644122
-7.763618763009343
-14.814416801462606
-9.883762751065323
1.0313523815217713
9.380861467458274
9.808457732545964
2.90914477122059
-4.781582385084404
-5.908433438041303
-0.30098045711094984
3.9871982081457054
0.850764510232748
-5.208705647565645
-5.296029895824024
1.4242292431671713
7.223258103033052
6.365409140678265
0.6872610147931042
-4.782284282320608
-6.754782848428335
-4.149173401336262
1.639769053738679
6.022482414243802
4.797590108189439
-0.3687420093206352
-3.4544170774064
-1.9722863496246994
0.3429363262040523
0.0029836405104814515
-1.2682743744629856
-0.401065421790389
1.8918115025570283
2.658409864206004
0.9015963528028077
-1.7759175119085542
-3.154572259912921
-1.9583220844860287
1.346218737535511
4.15797232900918
3.1079468117192235
-1.9642973465630151
-5.872906151955086
-3.36720683948658
3.3283784466329505
6.427872761651614
2.6321360977477615
-3.0967361003579525
-4.806647714173115
-2.341600117568091
0.8240044929440156
2.7192682767971257
3.076300560306658
1.2045225198125527
-2.475165967085791
-4.210085447430676
-0.8099703421109964
4.368143470705828
4.279341227156914
-1.776871342214298
-5.912669087519023
-2.293817320599523
4.186331270149033
4.634540757870718
-1.0611228897155032
-4.455206713077349
-1.201126347281625
3.304727542988401
3.01087660741801
-0.39034881832398904
-2.23478849734803
-2.382968415293798
-2.385357624352255
-0.43532117889783084
4.12782449648125
5.934410906399506
0.7117948310125625
-5.975480467908121
-5.0850034431315665
2.087988414191451
5.032975932375888
-0.10589066422161815
-4.98194730445604
-2.314546294891438
4.004755900440321
5.970459958449192
1.9442980008183939
-3.397089766935024
-5.483874152278379
-3.528493522487573
0.37670078072390156
3.591399067755742
4.336876746522355
2.1294690684548483
-1.9774327826558546
-4.90038662733696
-2.798387666677689
3.721099531696473
6.923021711843475
0.6990409772096295
-8.47537653381965
-7.872733378084403
3.05116245661792
10.394665154322688
5.3082377353379915
-4.3016737611074705
-6.8109868453484745
-2.1939883225148784
2.130654188755754
2.9411300039551365
1.9455605690970974
0.018126698779963334
-2.9563529953909313
-4.354027822208217
-0.6434550828448182
5.80333371841758
6.922275551482592
-0.34549975277761624
-8.064728004414704
-6.887677087096432
1.7368990764736276
7.7155221015790225
4.9037970649596865
-2.3659519679277876
-5.650673734752536
-2.5745582544233945
1.8888853435820574
3.050899127577637
1.4110960566275028
-0.3178435692217721
-1.1652040117792355
-1.5382289222179941
-1.2758736649738949
0.1665759187037416
1.888945595686073
1.6482621469426912
-0.7696607421784785
-1.9723293306620662
0.438533998079292
3.2046432651425714
1.3917395606173666
-3.6649678650589927
-5.185653270288074
-0.4549503279785695
4.991654756408234
4.737791214792074
-0.3106343559998194
-3.868038897489879
-2.473441277818555
1.1841411725525235
2.5291311053715306
0.3229835333561768
-2.6025497774688757
-2.6981337823601814
0.5308236077583256
4.003887991652577
4.105647865347067
0.14922565066881835
-4.567372549184979
-5.443855447683728
-1.4910595202375645
3.402815360856198
5.159591037297632
3.2718305017424587
-0.6198406235007402
-4.261460814713708
-4.628079559859075
-0.6517533980645784
3.668010064202029
3.276140069328748
-0.8146598546971715
-2.7097228858234605
-0.03473393006952094
3.002468073262988
1.8787387373329785
-2.202078289509711
-4.326572485100289
-2.0547799083219287
2.319403497512801
4.754184615094791
3.14749362126859
-1.2407115053101136
-4.695012589153956
-3.979091737021355
0.3327636617186969
3.8696810302141182
3.156793217658039
-0.24500500639552616
-2.1110860818156127
-1.1182595399113306
0.5456881358378896
0.9566095204246359
0.046362016477428616
-1.3041293366342779
-1.6404040204711432
0.016994361188363047
2.1476977192369824
1.8261960878947512
-0.7421817066924743
-1.3226756024551627
1.8652428110042643
3.446057892741414
-1.7695640750292219
-8.561815866882645
-6.669580072610376
3.6888195430725412
10.974196751298562
8.089896770627913
-0.07409403884771343
-5.992301046075872
-7.64618449654526
-5.678953684956159
-0.2629400349237408
6.001775829948558
7.464626231323366
1.9472020289676917
-4.777674704107136
-5.208404353590865
0.36602602071744655
4.532824273435072
2.562323328313771
-2.2801415325298984
-4.021594850376619
-1.4375686402327994
1.8452914093963948
2.6971738610554987
1.238585439009845
-0.6894596486289775
-1.4622104237883058
-0.769117943062511
0.1096149764511497
0.11246439966778148
0.10902058492613809
0.9882194560510037
1.3254310841834875
-0.3257122033523179
-2.17928339123789
-1.549777067185006
0.6129559625597932
1.2024126528876264
0.269345987211493
0.6523786485366484
2.2959127634705685
1.5102513903347385
-2.7624837472809
-5.873200235102511
-3.1427174569955976
3.6128178179362367
7.5972560697557885
4.44905538268647
-2.9857311346294955
-7.408012892369049
-4.695567507104628
1.7934600534345067
5.4644922432269345
3.7486389680356758
-0.5223045088196577
-3.293851903265972
-2.7326665856119625
0.20493284162376316
2.8063914177407363
2.6195928203304586
-0.47126510785700904
-3.7135263933304343
-3.560312064548415
0.4362584207906005
4.230160273915713
3.762680554161695
0.05625252693916687
-2.7454426827899376
-2.937195882715192
-1.5912882106684105
0.6067861086922111
2.9470319856723983
3.1323682349667625
0.1224306860865328
-3.066861225693566
-2.8194628016689856
0.11704399378635111
1.8448353704305234
0.6400945723971615
-1.0452657343979184
-0.11207323550529581
2.579701075970521
2.6543529294239483
-1.5558726332319468
-5.303441552454827
-3.2282136783899706
2.7335657985828963
5.570256557147311
2.493909786672044
-2.300138149865325
-3.9297181881149426
-2.052256284357941
0.5540671917679989
1.8622950244451608
2.1442791255193114
2.2436416917554953
1.0318510069388154
-2.88221475389857
-6.244347429072706
-3.3252567791151226
4.413944191464603
7.658125410247934
2.1836410354687565
-4.472445105292762
-3.9548878170807416
1.3151548948227152
2.9146160889501878
-1.0958164785877604
-4.328207697077542
-1.786098700728211
3.5106989122438876
5.054479232692892
1.2407406100043152
-3.14249447397142
-3.360243169411022
-0.2931519229616407
1.7495124841877177
0.8754295213146026
-0.9611480649500198
-1.282513425565618
0.27357896026279366
2.2094500470501406
2.578401147453264
0.39094205014585703
-3.136833722617554
-4.762103384972524
-2.0092772175531897
3.454149139181728
6.256342364249023
2.8764219530857864
-3.32915197168144
-5.230840006712806
-1.0744911824875842
2.8835583985684266
1.3131473132226206
-2.5221118889794303
-2.202184478691047
2.0535417094725417
4.342440732554094
1.946364222163252
-1.8564738407576413
-3.197399980923108
-1.8293795427159567
0.20078419978147194
1.279549016016591
0.922270299019222
-0.3054205891691956
-0.7380137760925266
0.6081477020321987
1.9002092255449008
0.8389542355364311
-1.4479799148226724
-2.2136081883695047
-1.090321968555547
0.6851033109719615
2.137486953005954
1.9017429501102778
-0.5898455210648208
-2.8420869746300177
-1.9283716821354953
1.06089128588239
2.4921733451226835
1.4356799930638222
0.1914008569362461
-0.2925890488016096
-1.6461979005442864
-3.4857568611828356
-2.113754863316545
3.0695932952634686
6.126337022480024
2.292540985208688
-4.114333167999993
-5.1980193708513465
-0.6725438993360983
2.765587552724463
1.8707125150832842
-0.048578706703255994
-0.15177262634674304
0.14706688596105355
-0.6114084804887951
-0.991615648749893
0.12494010405300963
0.9432885607770612
-0.1412297397645323
-1.2620188933712393
0.18981537610942664
2.845693842770173
2.3828852147319295
-2.4111188419422382
-6.57533846945823
-3.7475391871405423
5.429470737623447
11.240187446673563
4.810378709032074
-9.114107347048193
-14.702328674889324
-4.302983174493143
10.404224739940927
12.833437738816276
2.411070382799586
-6.644774460439425
-5.096221395043091
0.8956630189398139
1.034950901338237
-3.854794554623865
-4.48389190027577
1.606352797082626
6.589289000464132
5.047236544269758
0.7462832736237655
-1.6254199835785068
-2.805911771648185
-4.175887765640319
-3.747980769630706
-0.05627126704427813
4.247652064870926
5.064783165613868
1.4456259216578395
-3.292115746757055
-4.353899210870016
-0.031321258707340774
5.238078349795241
4.279172007401476
-3.4217935271560704
-8.684939007187408
-3.9550193163074177
5.65147280266762
8.83820784751674
2.854241841620849
-4.443127372854354
-5.557621268542399
-1.3317905660986835
2.0837855303474075
1.3717140735378266
-0.65682357600043
-0.2712314379920711
1.2730048958147564
0.7670803202862321
-0.3586967276053765
1.060882097612978
2.174217088837271
-1.9506935272289483
-7.282849734863043
-4.356792938449811
5.714194795389423
9.977135475036064
2.38521834941797
-6.547829051214925
-5.187716406025387
2.4428644017225265
3.8384171853452167
-2.790892365550462
-6.416601167214653
-0.4982323537668221
7.123413907729051
6.385017662603051
-0.6062461417404946
-4.678718302660573
-3.4279820621360715
-1.5084453573133498
-0.732514357466539
1.4032862407179605
4.341936995340109
3.541338909516649
-1.6449404767739717
-5.258793361869674
-2.6477981850222094
2.89266205440678
4.349873195499311
0.04179576735833041
-4.241212617792526
-2.6767421992398086
2.9035320701334393
5.3211763239239485
1.3626414487548852
-4.54568685614926
-6.240085502719095
-2.331460174100604
3.753174157969505
7.359156488835412
5.324829201546751
-1.7796164922640325
-8.248759505532512
-7.167241499885691
1.2422124518025577
7.877336292556459
5.21763377145712
-2.7782054987021034
-5.907092691018084
-1.0238222962554622
5.0859060807273755
5.004273407118816
-1.537443970439348
-8.05598340760603
-7.107072138623332
1.9082042400801715
10.075963519851385
8.187636235156916
-1.4551263880137064
-7.713387787950348
-5.078832775756057
0.7335717816307403
2.6318065711728176
0.8569137367865061
-0.6621178218406428
-0.5579253354448092
0.5625032428514765
2.1751255568297325
2.773696086271764
0.5222275508879415
-3.3929339199818673
-5.026803849647227
-2.3175448898067508
2.4402995973316464
4.985579226791639
3.025912330319323
-1.4620624079029945
-3.732034284056864
-1.5528043811409828
1.8493426009874339
2.251262759717996
0.0966196652206454
-1.2079630071755738
-0.8763404329578823
-0.9416816778641832
-1.6277888267841125
-0.5968322747429979
2.4253226759349817
4.0536994702978255
1.9925779138887074
-1.6242786136718137
-3.381726097454208
-2.664525716967817
-0.9721764952564013
0.7965505678629116
2.3282402058449376
2.525204350322302
0.5484289773019355
-2.1115025876951576
-2.488861285479538
0.4124319788433319
3.683294064257571
3.0423364894082194
-2.0133557965976934
-6.54909857480654
-5.081965947779669
2.090707801268346
8.385994865685753
7.258083869094424
-0.7967147638630331
-8.1273713726326
-7.706967631243241
-0.583022780530221
5.826134317080642
6.347157514589474
2.36822090882596
-2.225982682604558
-5.178929222636914
-4.8915918571146255
-0.28828258476422713
5.613689956251294
6.190476733804431
-0.569241937516937
-7.038943210080747
-4.44642457366463
4.642112136116752
8.324258545468313
0.8933600821962033
-8.988050441892511
-8.930956662785752
1.4323678077813582
10.166249299112478
8.197055243803087
-0.7094341335491698
-7.011220696641784
-6.808340357033507
-2.530518146618764
2.6797230617863925
6.102395879605032
4.790388941009742
-0.6700199434532165
-4.5995232431897906
-3.1420987983188993
0.29848887026729837
0.6547210453446232
-0.9169861572550004
0.5635549992131009
4.7075860768716025
4.41396506291613
-3.1991791273691113
-9.454352303748582
-4.846918488605563
6.047455106945393
9.75332498393877
2.804525656783263
-4.663288307579962
-4.937382682566657
-1.823331139510818
-0.6722958796085049
0.3987656359171478
3.6081207172469076
4.463625169184863
-0.7734922265555464
-6.419792896076877
-4.304586768520384
3.658964094073697
7.524114923107018
2.9850685215407515
-3.853253948282483
-5.804827755080081
-2.7515449815620303
1.0813562216490378
3.0776272168819125
2.8309237542373475
0.5186927876220155
-2.085166256268722
-1.9167308915780261
0.9596565088549222
2.5525779855613404
1.1202213794583495
-0.7509162436214966
-2.250824622172998
-5.054005215861798
-5.885690733311857
1.253708016208333
12.088063172473573
13.115995621861918
0.768705444649819
-11.597389190653068
-11.739186010532434
-3.71209309128344
1.5119483056496972
2.0793406802382473
3.6609362398989385
7.295062724677752
7.568824387768865
1.4796123888934138
-6.918309733004751
-10.891177430108051
-7.371813601875031
0.7078998719757039
7.28305028872202
8.438543612666964
4.699283485724504
-1.0517302303702722
-5.598670169042665
-5.944707810752386
-1.6148556071238496
3.207576471781303
3.4603898163249234
-0.40410154312223223
-2.9519926246166803
-0.8398436197100879
3.3404681106660763
4.448589851192624
0.5241165824958576
-4.7790019407192155
-5.656685678770785
-1.0323589218524911
3.7120398492131335
3.9056998277100496
1.3611250218188715
-0.09366987495955195
-0.5374422418973157
-1.5047903662128241
-2.2009962274344703
-1.7512703120905861
-0.8851364370323921
0.6455394707132283
3.617986240446161
5.401719911208881
1.880819681929381
-5.204077906794989
-8.020764764446247
-2.5849969855101858
5.143514092335712
6.784339190333688
1.9516291945120994
-2.943670447288748
-3.6244416179913053
-1.3256334893366002
0.9546342955422762
1.550421462718602
0.19680352158409248
-1.8667286269205248
-2.0021526164541408
1.0774882026592074
4.581000018056288
4.160921099553103
-0.5292066162522565
-5.168602261426933
-5.765082371350642
-2.1004942929844996
3.151211064674186
6.099793418439118
3.7038212149982206
-2.401609938988869
-5.608124457187139
-1.9029763922275875
3.9709955097110226
4.437236948608382
-0.7255165596413811
-4.9164885510921374
-3.8073153925799224
0.6082951338149134
4.018031287675705
4.132623328079121
1.3773391980814313
-2.1287209800652307
-3.9389838842516056
-2.790469997551345
0.5496033202290298
3.461992186329696
3.0792419622422114
-0.5628054918368356
-3.479072885173968
-2.2499056448906467
1.2373014038469612
2.4806582550383935
0.7288432657664893
-0.7543255295098555
-0.164022925663051
0.6223179714697941
-0.29951540985235703
-1.8261165066013143
-1.6138811521907261
0.6955826453726044
2.8661698122916293
2.2914550400151374
-0.8385549496952086
-2.965127019225087
-1.5526918362248077
0.9699724531189073
1.0450372896202487
-0.04862272499985717
0.7039566990232262
1.4173288459172262
-1.1417450500962276
-3.752800741643534
-0.8415655083995432
5.002297661680199
5.119654759699796
-2.0294203851780086
-7.203891821561094
-3.0416726135713077
4.864826857650806
5.206940751615628
-2.7938733908758833
-7.550035261883789
-1.2512062986182984
8.876877277621588
10.250740040581858
1.0610356499913565
-9.183923934224477
-11.892192592968547
-6.284532513780163
3.144831194399028
10.335245800137628
10.563932431649906
3.983094552323889
-4.281623241343758
-8.842084197667909
-7.806498339702188
-2.6741927921882764
3.15636198809162
6.234450375870387
5.416165273022764
2.5221833563703293
-0.2169037266811225
-2.767245011008234
-5.681750292734721
-6.641043831707914
-2.294661833783847
5.58255200919831
9.825949145757694
5.891385430584776
-2.674559535643032
-8.359070350920222
-6.966840047950059
-0.044793711311352145
6.77646131922721
6.952669360592145
-1.0013269736972479
-9.042681494024968
-6.689181260956991
4.86706849291971
12.045915479096735
5.97450729856806
-5.988599904342675
-10.767383305205538
-5.761709630637192
1.7759470095324803
6.227224519324923
6.731866155157872
3.142165773820169
-2.917995564542435
-6.019762652958443
-3.076642178562007
1.3205987367000216
1.5670438920138732
-0.4951554454607749
0.25757778131695863
2.993579528589124
2.5337555102493674
-1.5667731346711158
-3.9869469270155062
-1.7958147566971587
1.7377273192881695
2.706743665181908
1.3642809773502405
-0.45260659488250377
-2.42959786394068
-3.802507564026536
-1.9662038916040951
3.514369421174541
7.597685127031913
4.557487788083734
-3.8508106514649465
-9.069300393640416
-5.962188814444269
1.5612586118828953
6.602997163608085
6.535641364693524
2.515173876047869
-3.3906593756054995
-7.446577673170068
-4.781928718118841
4.063770605719375
9.507287405163204
3.052745743893761
-9.115733150098633
-11.290209166365814
0.6481579805157915
12.242423124716714
9.674564186962254
-2.1334640527436886
-8.299887624462245
-4.613346420671449
0.4508368502521796
0.9475673293944511
0.016142759747424157
1.2047747738004941
2.4087724335173952
0.9819617035661413
-1.0022614692203664
-0.04640559231043542
2.5196600015831963
1.2870459532586336
-4.843323307716005
-8.393083121472399
-2.3555975426627547
8.170607547768903
10.487527138627662
1.438577132929791
-7.452593652592648
-5.718498248129909
2.0743341542551166
4.283867489928302
-1.1463892981616273
-5.5340234191109685
-2.5122625248363555
4.2727776992365
6.852553384984357
2.6228877909849895
-3.5629816896831286
-5.773205872990361
-2.8847570044361635
1.9007991296130895
4.5066282849301835
2.668178310697198
-1.9183163031069355
-4.16539532938374
-1.1859798640612014
3.202194086395498
2.9341910715103805
-1.658099592109147
-3.8320369280363673
-0.14550229088806813
4.274918430330175
3.331450902270786
-1.2295293284272106
-3.633033975174091
-3.0389213292868473
-2.1032458182217413
-0.15270416944664447
4.1996878488984235
6.665126008669374
2.2476380333670445
-5.185551255441588
-6.556438437031586
-0.3645849583821269
5.133737265634676
3.1713994127181637
-3.2967329046311447
-5.937123088834286
-0.9441521793514166
6.401268458420692
7.255531771229636
-0.13489485106132887
-7.439144103403659
-6.328663797337193
1.170795177161956
6.076413984539108
3.8940616386559017
-1.5350372080020789
-4.389251524221847
-2.900890170605905
0.9352279170436366
4.028294824187239
3.7563846534051883
-0.1780114328769661
-4.311201990749538
-4.170141139063724
0.28817783478830294
3.90670688949386
2.556177427097271
-1.456198779245766
-2.580490257050449
0.21976049620258162
2.3048757258270345
0.6428516822629683
-1.6732032962000607
-0.9451369923331279
0.81966066306397
-0.039252565376629585
-1.6086392359910031
0.10402773463834371
2.919584063426011
1.684962582549295
-2.1395830684145394
-2.5853374317857365
0.4592226516752708
1.482964217102626
-0.6323420383159432
-1.141716310379666
1.3480834477267742
2.217801835997789
-0.4252772130633602
-2.0192431065255896
0.03304894709658142
1.5518981634257853
-0.6523844406183593
-2.9409989736735915
-1.2215346368424935
2.3449480490139822
3.206392830521105
1.1689819284825673
-0.47706960255033115
-0.6252200739440555
-1.4189104441265794
-3.334513514128948
-3.000510983262916
1.3372916087866513
5.473501522560783
4.493040035295246
-0.22823752582301676
-3.4891417706911567
-3.4350553789115543
-2.115978779963531
-0.6361285548231288
1.8029098028739161
4.255211877574236
3.650853381866384
-0.6474932969142254
-4.892449870727589
-4.870522133758544
-0.25477904237681365
4.840435636970283
5.204728366412576
0.2180371104456187
-4.33284450963847
-3.267901339143296
0.7070199554409848
1.3163694592925814
-1.4369609850525704
-1.6541561140992664
2.6267082646047655
5.869579297066011
2.8384699343413775
-3.924515389626896
-6.789670916142996
-2.3610333324408317
3.7755579266732093
3.7817839821731396
-1.7368004589839834
-4.513587986971761
-0.70436236119432
4.298773946043948
5.058949846157548
2.8077219576288206
0.06584601531687787
-3.841541247664557
-7.917927405080921
-7.120643797848671
0.35738417211203105
8.421599254375392
9.746633569533207
3.923202985625762
-3.441690255413297
-7.005277999903553
-5.321284099864798
-0.6630347896939663
2.8311664028793286
2.4006861853781674
-0.35140359558939066
-0.964606430505166
2.043017328624025
4.424345591184567
1.5414580459325655
-4.573745243370931
-6.773965021104975
-1.9497232480178806
4.48588102723753
5.2032588674544025
0.11457509066532404
-3.8087138759517547
-1.6122980196817673
3.628726487457901
5.11317962541774
0.3942959671304552
-6.3584166623147444
-8.676170556467454
-3.677907912679386
5.056329105971313
10.33594588521531
7.886582914778973
0.01212112408490032
-6.972375060280397
-8.187967447336037
-3.710873780415486
1.9295847667878656
3.9305330625797943
1.902386363769832
-0.1556793809871051
0.7174297921585131
2.703048971031009
2.24315462007604
-1.1723940687512235
-4.836911373129266
-5.602914089456392
-2.0025260265478977
4.037193011695242
7.25787549658303
3.952641478004487
-2.7493340511763247
-5.809149896326716
-2.8971151942078395
1.5097472052993415
2.9804341744718705
1.873325302297165
0.25612848217787393
-1.4702337748798986
-2.7809997327020435
-1.7566807508991362
1.565673729891448
3.5505235817262
1.5488116252437152
-2.022593978767964
-2.6820324946311915
0.3004090044886691
2.9957593919912564
1.6819536246543858
-2.380710679170191
-4.252107046387567
-1.5158522473845695
2.7100335725660645
3.923839695441852
1.5607621068317168
-1.1743037823811526
-1.6406434233900058
-0.528666359062343
-0.21982064660781808
-1.2728555645503294
-1.6591801860165751
0.2282170853984407
2.8825410545535948
3.3945686772450094
1.3782262173042465
-1.1381567005186035
-3.2593324051879247
-4.830681273009093
-3.4263155979304076
2.4420111022026187
7.842895592635394
5.931652796871764
-2.0266414141452804
-7.156337617670146
-4.2187498004545745
2.2369619290142397
4.47283505323473
0.9935700801409535
-3.133467189429923
-3.3508243632641257
0.041974971186201124
3.700805689750664
4.553881461224428
1.5782926255560592
-3.2124473888482425
-5.51220918694568
-2.8233720455981595
2.1187369701157923
4.172858506614593
1.6977682182257245
-2.038535837330767
-2.5651307242923007
1.1355456105226416
4.6701875949233935
2.5536835708478334
-4.102699288145819
-7.6291589182192405
-3.371092057606007
4.531421800304249
8.335503700252465
4.5250420288700735
-3.512869028764499
-8.077213505969775
-4.093732051514694
4.314404120545454
7.301810727397951
1.4787847419656308
-5.577489611889702
-5.571187163749214
0.24889896391221578
4.5538074955815215
3.7959548635498392
0.3268051055127943
-2.4496821455942555
-2.6545149511750736
-0.19706768142438919
2.031438452677815
0.6290390990168339
-2.5247342379009035
-2.0008564711606156
2.3719864147737284
4.442209561204721
0.9050439707063458
-3.8160479549186763
-3.976171924262049
0.07273932710325047
3.659789002795743
3.8710686711308164
0.6094559786220983
-4.613815769039886
-7.304685632228455
-2.4369160360206283
7.502624707658373
11.957116743573973
4.374720534959248
-8.415181965975172
-13.12785709058164
-5.329733718143361
5.787466958895148
8.772318733937695
3.00650350475854
-2.333187265940968
-1.1655022765130372
2.086671750900305
0.4855053959065961
-4.301286740461471
-4.999744720200221
-0.47830766746750497
3.193115931773271
2.9646122356699802
2.084791627571514
2.150835588953702
0.11434299976456014
-4.138569562896984
-5.098254480164706
-0.31182195612832286
4.78263797884108
4.317156557997219
-0.62640951475813
-4.6043248585707115
-4.03446384176078
0.48163269702644734
4.931648022639809
4.848219412783815
0.3486669424462958
-3.32972544480146
-3.129356403734446
-1.9790405658906414
-2.044682648317049
-0.4914142801822926
3.7042625640565534
5.620820962668423
2.08920370176615
-2.482338393353588
-2.919467193904311
-0.8352290826360699
-0.49823443095644115
-1.637097212203735
-1.4226148865955568
0.12689456042002256
1.4023166254397117
2.5824420219078696
3.7247127953620014
2.6304745964730225
-1.4231043323458141
-4.608633688800042
-3.4768898742179366
-0.6266232436526082
-0.6246604728000125
-2.0426125115925244
0.6664198570898929
7.227342156295988
9.236062231063277
1.1572612276417011
-9.845547073535212
-11.054420463922689
-1.0557431693591257
7.608646986912979
5.391716393198504
-1.9540921577163017
-3.333444802135267
1.7928285338662775
4.845303949874841
1.5305676387175704
-3.820421422955912
-5.741863062207183
-3.242306466831138
1.4260435104049052
4.969584498689821
4.571955666605492
0.5468084799655707
-3.1050259094892922
-2.997246297436347
-0.3394336685058942
1.2456077421678065
0.7096601136392192
-0.1864376933224033
-0.6526638036636108
-1.2400137047115896
-0.8214639115362591
2.203501044448214
5.086186330623069
2.3623771789915504
-5.235829042939463
-8.654581759553452
-2.180807511555869
6.998781708177421
7.772444659734397
0.4405837977820274
-5.025925604905912
-3.71052480128439
0.06292156186864761
1.9549462138644704
2.0753891556506177
0.48406941478270715
-2.901522238150691
-3.7703126425506777
1.7124703194393727
7.4201264018773845
3.634159259487842
-6.548695540848975
-9.279554362967499
-0.2555081395254011
8.659684820777557
6.460682539895702
-2.7490972155915934
-7.060061283290788
-2.3394936338390955
4.35842320954836
4.852800510962814
-0.5832416600697418
-4.753089120074452
-2.9787640204853574
1.5743917250321788
3.0624788291533886
0.983519267705975
-0.5337932149018059
-0.11092944469087047
-0.3012827503792398
-1.4353607803517192
-0.7575141761529082
1.596193585387397
2.119262018229888
-0.14246823585224477
-2.5053893034715196
-2.7656459890112792
-0.6257505929190856
2.7421314153186396
4.256036612042964
1.6050168522764874
-2.4780547188797937
-3.0236587536277413
-0.22835346686522218
0.9984279470281071
-1.009950630992395
-2.479279220532682
-0.44719297321095974
3.249983571480282
4.869517111559325
2.7711501073073492
-1.676070755824112
-5.544159451601584
-6.228810624253856
-2.5767838537678074
3.965275985212291
8.544011376866493
6.229230366371372
-1.7370905063579256
-7.740674100357957
-6.058204692084462
0.6034646105917982
4.626235030909765
2.4170034815855477
-2.0216979008059135
-2.5670698292321874
1.6119704362518805
5.269997348276392
3.2057220651721274
-3.5550974280700096
-8.041203975436616
-4.580705948943452
4.044069036249915
8.548824559896365
3.8328648685558235
-4.371888214995934
-6.492084382960281
-1.044740765336315
4.389511343164203
3.547139214539241
-1.3260830301750852
-3.8473224513070043
-1.7965336457342915
1.6074660577419446
2.899380938969476
1.7260241493054633
-0.42647263638298843
-2.130442172378233
-2.169415227999133
-0.01694721986066568
2.37571415919944
1.6113477791132893
-1.8749598261464824
-2.911251069880987
0.6754407475592885
3.984224444438423
2.4564864174265564
-1.802310639734221
-4.267502794291204
-3.3416656573389587
0.36442967370765655
4.796405430606643
5.7567275750488
0.8178491072906473
-5.655340117445357
-6.396602593624401
-0.5883753054823396
4.95294460796524
4.52662389724154
-0.150022307161589
-3.432166345836318
-2.4889333554280473
0.9402377295155757
3.1613726464308054
1.8014869212474187
-1.666166597047689
-3.035801950231397
-0.8835161463742526
1.155691467896778
0.08214622746074275
-1.4955414734016466
0.5077881665839243
4.564201251192981
4.5925959400215515
-1.326695947361775
-6.956828601902476
-5.815859215793311
-0.01632216185224189
3.882206743778418
4.577811204131252
4.579139020453945
2.5422462362340648
-3.9367756357400867
-9.953368036820901
-7.0761711457572565
4.011760561033138
11.926591101570239
8.024746519173728
-3.041238460486576
-9.366342516063133
-5.85710156272305
1.4241911504914315
4.212763878539746
1.6958822579014339
-0.5587797834881821
0.5269058039024821
1.7866954959432406
0.10095261521864948
-2.219811997305488
-1.7677955272093102
0.2262744438459999
0.5761764295777895
-0.41669556831264853
-0.15883984861040765
1.378063722228505
1.5874351693065294
-0.31707889172747833
-1.6761779834624133
-0.2808395721765395
1.9181783794552612
1.1318406283653497
-2.5608559831416295
-4.381136003055913
-1.0746325378424169
4.095513280512444
5.224298124485826
1.5041225078762928
-2.3567252938084797
-3.053763843755668
-1.8994804130483063
-0.8697024235535856
0.231021529507157
1.6942896066687154
2.284432935785029
0.914542445402799
-1.3160968643836255
-1.732048755238585
0.4750662646193566
2.2070574737862425
0.31482061062277894
-3.28760140258846
-3.73060468547296
0.23826191889137885
4.783274717328155
5.318520961113257
0.6966599415975168
-5.34822968049819
-6.556088819587978
-0.703300197898775
6.2298419528568285
6.140489746248607
-0.8132411394430454
-6.194596647260603
-4.272770012624733
1.559503678431548
4.585919864703632
2.687736301079066
-1.170711716237595
-3.167075244518152
-1.8412556341377149
1.228901744426469
2.9861115266150735
1.4987050610301498
-2.1467505010897896
-4.075379409075122
-1.2172573675895466
4.1160471702629575
5.492392014120148
0.20420963171655596
-6.290451366569968
-6.261185574818482
0.9156380301170656
7.5409100916992315
6.295288464848239
-1.3818195008627923
-7.205069758187327
-5.627982190624776
0.6655034300716244
5.118274691405731
4.61323401330738
0.9104542996746589
-2.6699910985868294
-3.5644102644171762
-1.3029938530265255
1.4466537636439887
1.752771753667903
0.6135470644837532
0.4683575775943323
0.10797338642009455
-2.338491723457591
-3.769035833132389
-0.380088054291448
4.634783726296577
4.918066487759698
0.7633631421355075
-2.0596601294437757
-1.9431992709710788
-2.4400205918083344
-4.014242863030428
-2.573866756075954
2.5333957166534558
6.2992440018054365
5.606896267181892
2.1502014394848885
-2.7654853373048973
-8.166635222969518
-8.773069520619742
-0.48803290153040246
9.881131584333007
10.507537785936886
0.5648788859836188
-7.927231668170852
-5.864263456310379
1.4068664198824037
2.636991131203541
-2.4854473473741034
-3.321915665547814
3.8323114339023463
8.551199886726632
2.50126613120976
-7.126365079059158
-8.308839375324537
-0.817346134441372
5.791728131346376
5.728574195211319
1.2424833953306607
-3.5159195516325905
-5.8760673337773
-3.387359538893119
3.5860553887948456
8.325801906991096
4.2234428714928764
-5.056326804205525
-8.874428057760174
-3.1166742807351078
5.2930953740231
7.234603045930377
1.295914960836629
-5.243939920561496
-4.840104361181008
1.317079183524957
5.13019801965178
2.2686236922588567
-3.0698316277923063
-4.6470349770710415
-1.300174802427
3.3659304875776423
4.927480592713082
1.3677710054839536
-4.278577824688287
-5.249809016945687
0.6389707341006572
5.99379951792803
3.2437387886940074
-3.7172421105247397
-5.25583887794003
-0.5604686305152878
2.8428400355999255
2.0228032636554083
1.1288902515678079
1.6676013027299936
0.060058687249309434
-3.9464391806801644
-4.864863566843761
-0.09369349483260081
5.233696326147785
5.045382349926925
0.014804690753155476
-4.176320105786315
-3.8572672271639625
-0.4034993962346457
2.443372247294952
2.376058658912584
0.15454979930495638
-1.4023558537701704
-0.504210073217058
1.2677465711618858
0.9052301827334013
-1.6326434321480539
-2.9466006840776435
-0.8052757724289734
2.917268797840816
4.750031222479672
2.731258521204315
-2.811582307191279
-8.001224420259163
-6.5016472451373275
2.659021862292605
10.54210267935029
8.001000395406566
-2.196683573938193
-8.928576166086426
-6.350289675353203
1.2091316437713246
6.109727176905956
4.548011756052688
-1.6128584903652587
-6.275606893582528
-4.049512955454093
3.2646854024539897
7.501288245346964
3.774841809542841
-3.4760122707353687
-6.216724041352196
-2.4067418654949293
2.405252595703297
2.5734165049622373
-0.8261104283933803
-2.2613022050753933
0.6338643811691841
4.378473026173642
4.261726569287569
-0.5169567160296782
-6.1604341074300475
-7.360508898862664
-2.0282006954381893
5.603106901299509
8.121174899248684
3.0704986627411275
-3.7116126120030986
-5.057377040882365
-0.9940066185426701
2.453668831677201
1.5749437269776925
-1.472137881585151
-3.0206594737415844
-1.8471913091226713
1.5809108122051885
5.381759896365165
5.240993929806906
-1.2822659986960196
-8.348879618232296
-6.583874495445322
3.3856229769539867
9.357640615211507
3.5916126065486997
-6.1514402094950995
-7.417863592451164
0.15261677242774285
6.124894669060403
4.415847457197023
-0.7437047930007967
-3.335490462409948
-2.7317408243997567
-1.0488369031375928
0.9858192799438072
2.844538432075495
2.427368704818651
-1.0889061490630545
-4.155894113996797
-2.3592686872619373
2.9076284400858596
5.091381587684752
1.144098230361544
-4.021815937910565
-4.133571688698819
0.28244455235149624
3.465213374009507
2.2414507825185055
-1.097605457204066
-2.8379704096102625
-1.6418488617270157
1.382550071931415
3.731385921322428
2.7545759919961754
-1.6850834767315652
-5.609821912991943
-4.28101202478909
1.913691561856446
6.704889189294579
4.765845942810024
-1.7365030658024632
-5.642586891835377
-3.5018093487758826
0.9954258916722624
2.7678534829573165
1.369098956071524
-0.19127565391039797
0.11560588924329422
1.5303234284524445
1.2516677519565604
-2.560900996578094
-6.639303007301027
-4.466558712861877
4.475501763598698
11.216371906406746
7.470559318818622
-3.515794358771759
-10.666140114834127
-8.164439832506016
-0.5063115806490588
5.161574300316279
6.491661620026142
4.474363809388062
0.20834196815451128
-4.0176101725574735
-4.828534809928376
-1.7513806207204614
1.6861437137557924
2.2581088207798223
0.3681019346638486
-1.2135523753730217
-0.3811454247078743
2.111945604453626
2.9255588841621796
0.04567418424552741
-3.8006469670275083
-4.005469824669392
-0.06074706593792783
3.6873830916618475
3.285522975707142
-0.45447173311128025
-3.227082247426072
-2.1140512350248004
1.4357924867862193
3.3986231642392504
1.555602284723257
-2.0750823783274104
-3.4915862512062263
-1.3266031924024744
1.837543039245458
2.8931313315902383
1.4005058683193568
-0.9714361326481794
-2.4777804970013793
-2.0770713083881547
0.30773799381370015
3.0511853531465607
3.210527131328593
-0.4541165573758592
-4.611337539758597
-3.9427704009354456
1.8106552527138473
6.049100831625019
3.324616866033793
-3.295017692163692
-6.120987728886138
-2.307594468749134
3.5228834676070986
5.299340359935742
1.9019249488229109
-2.7664218080892287
-4.486707757946122
-2.167918852579206
2.1554442451083298
4.783797965088805
2.8039518800894667
-2.711360971902013
-6.392478693140574
-3.5455164478682586
3.9181026919966855
8.150105993519466
3.9124138313987293
-4.499475371286823
-7.82788391254897
-3.0316042558482086
3.574273937894027
4.781634083927925
0.782922909181873
-2.46808924818345
-1.1825878128630454
2.185377629865559
2.856611836233289
-0.24498130232384105
-3.8718584017739417
-4.494194887526087
-1.321445568270858
3.386808741653517
5.658974194727405
2.96141332654907
-2.556993937709305
-5.061567466710242
-1.2562756863280815
4.352064039694372
3.60044420247552
-3.9843872681563894
-8.47835136886365
-2.5637966118949103
7.382812842050767
9.514859275045424
2.564325287029387
-3.7786570082685635
-3.698972941476919
-2.008888862428727
-3.4295347240605003
-4.0967206415419835
0.053804404533967974
4.659344162819182
4.497736893631314
2.4287441782513364
2.808538477329074
2.439841770141574
-3.3864446076918044
-10.214688248986391
-8.66830024976462
1.7267487832781192
10.476006056127652
9.037842557300841
0.48674038684491494
-5.711768146553692
-5.0255508145059125
-1.0013685920650857
1.397347619105936
1.4616630815735274
0.6869318276058727
-0.5747417973974093
-1.5435396403995683
-0.08787186578476591
3.0161211560055547
2.8186448277848304
-2.3094983104692983
-5.755494823653244
-1.3215672604445352
6.116731532507799
6.17503900535499
-1.9011367331257651
-7.744593013117727
-4.570480967809426
2.315042463528486
4.798073117046359
2.9058810411758778
1.3754042174122922
0.5949604356477699
-2.246387645720345
-5.609908284597693
-4.290803701012983
2.0055775555761888
6.568274663344165
4.373906295449656
-1.3027253819713627
-3.8488662623608354
-1.890790779117076
0.4119449754198098
0.11656863480692128
-1.0401049081547717
-0.34360548545447095
1.7795673246116903
2.870267047660565
1.5212773078143131
-1.5686777952484006
-3.810799066775826
-2.5317932191675987
1.4532634684523116
3.7246317937964015
1.7254790724809985
-1.7292625721848678
-2.351086969715141
-0.008595232049944022
1.636306681797316
0.47381412728443134
-1.281770772744751
-0.7483372602468621
0.9693320000170209
0.6985537595215314
-0.9906537441517779
-0.4531392781080032
2.0532795628554688
1.8878514111023117
-1.7758473376393729
-3.6854109479969264
-0.9734360316465918
2.350341973829528
2.2835533073651657
0.47735568649432003
-0.20494410257839069
-0.5537434159004411
-1.786983943430565
-2.0354050129212404
0.11869008147344581
2.395373258769604
2.4348050535697845
1.2822372520010912
0.4182156615975446
-1.3440331956671698
-4.470682948927807
-5.110553319326377
-0.017361207706085936
6.5700056240631115
7.11108846294621
1.106675124404534
-4.77512115605829
-5.8149396390410315
-2.739492428950845
1.8733844625829756
4.943680445193314
3.2000559945314153
-2.18833559657813
-4.421752510652908
-0.2640299827026905
3.8689460095404704
1.6045871404244911
-3.0720917313471214
-2.9502978359906518
0.9061022038363958
2.9021236737285565
2.1589890689010116
0.5771059901795381
-2.118927435775996
-4.763601142971967
-2.752842759474432
3.8862796343546235
6.954260580458686
1.3702190482533467
-5.909657146439442
-5.345219851025937
1.6952804740199008
5.929393429728723
3.0778894864276034
-2.565909318647701
-5.1987643259916085
-3.0484874404036546
1.7295045349108005
4.952309551093231
3.2593372723328513
-2.072122805842897
-5.1165171859087115
-1.8303547191011944
4.151619762154949
5.391386133336372
0.16379651520265662
-5.409929752575458
-5.331341804881148
-0.41379911204568975
4.08432869444316
4.603892563096179
1.7051995734528524
-1.6717814635312649
-2.981351900257181
-1.8027433948399354
0.31195419235203214
1.4566531451461073
0.9287895927136026
-0.4921234597685109
-1.4292305559515954
-0.9072190924011689
1.0184692335906644
2.81765101544645
2.2251387063872006
-1.1184377079258432
-4.185290181209822
-3.439235355327188
0.8672880005268753
4.558607437201846
3.9249062921868814
-0.329840336803014
-3.9916420107762356
-3.9484433086674544
-0.912209601823363
2.2113703898926627
3.164267569033433
1.947097773368732
0.650683180617676
0.48885254943305717
-0.5911746714236165
-4.1632055164531465
-6.50057132915341
-2.6513064568544693
5.355571155252854
9.631196347105151
5.921534802527801
-1.9337788933382776
-7.223160558946902
-6.905787174535412
-2.5284397101655056
2.460155686853871
4.90563255157169
3.4084118013342204
-0.4584133919666512
-2.7894891566059856
-0.8923306580612004
2.979684198908794
3.1238459774733465
-2.2453849286089866
-7.031038367171344
-4.357040215059467
3.745447064753784
8.252602665669208
4.437386730190604
-2.9206657907228983
-6.177874934094082
-3.263802029449521
1.7142226715987172
3.768990620562274
1.479860562547921
-2.3157986731033375
-3.3126226907790657
-0.16648482995018482
3.8187891770664444
4.323420201088804
0.6602955505499141
-3.9474063360913516
-5.427810794861148
-2.0242527062376583
3.442085542566652
5.104674878356223
0.9426360161028787
-3.461025714118367
-2.194834933113489
2.2801399343371136
2.9989248598429046
-1.005813233987864
-3.933283552859587
-2.1351781172631963
1.4959128814373426
2.7563874022488077
1.6865333091020933
0.67602727454265
-0.2625441958632782
-2.3862607738290977
-3.6464809825243583
-0.663743398864015
4.40126191192809
4.90067277020971
-0.7625983827311587
-5.923512605161263
-4.329130795306805
1.941428227910274
5.853318253918413
3.9360222343302937
-1.244020385793028
-5.012117190534539
-4.363834805719076
0.28352294635313197
4.660978657616629
3.921205750775059
-1.3173705797098103
-4.4872554321085225
-1.433941874082897
3.4476757726610563
3.408824098010115
-1.0893808581975275
-4.018017921068456
-2.5270314077147593
0.9831958376525148
3.3269534838074915
3.0121905344541564
0.43981396583190785
-1.8914526699550611
-1.8686481942891222
-1.0284752738315954
-1.7528969145149471
-2.215128235147011
0.6145765956051501
4.560752503509911
4.933253166090736
1.6342275512216018
-1.9233895427341154
-4.086684473812759
-4.571271144201124
-2.454351895360675
1.5295343758337445
3.96634593854838
2.943419277750557
0.5993228581777962
-0.4222511080182079
-0.41405504416212485
-0.636957148197723
-0.7533249411108532
-0.6240866603820086
-1.5631751239304152
-2.8832198182722037
-0.9521526769242487
4.535402766789499
7.3229503327053775
2.3975513888010984
-5.820779642878922
-8.142808034195204
-2.3756370679869594
4.402955009948032
5.631748192961758
2.2570089678098793
-1.4024581219778922
-3.2919772647701793
-3.0088558774851646
-0.5169971180315821
2.444445395486989
3.081366389723772
0.8347113584057767
-1.8599255654466227
-2.250896725742524
-0.013660555641011082
2.19816844345387
1.1597758647236596
-2.582954347416158
-3.801673054926039
0.7642420157758804
6.03827962172611
4.268674152788242
-3.3690468694283617
-7.349259113213929
-2.715994470949888
4.633009981476232
6.207861364014731
1.042524480763255
-4.42896896036426
-4.40143551273348
0.15227571714823593
3.5259327624084813
2.5185493731781823
-0.5216400995807458
-2.0478734575970496
-1.5376271039551697
-0.29955361838321726
0.8951021935018092
1.5910213882744955
1.2089361833775918
-0.07367385289194348
-1.2281670203513888
-1.5448607944607222
-0.9621456341030933
0.4202686483151818
1.8197480074931474
1.5714182976122757
-0.5741220904096389
-1.970080387991042
-0.4912301823646066
1.6234277245695383
0.7082086881607834
-2.2187021307257018
-2.3328665171065515
1.6875057001874314
5.02743387200613
2.779449562172014
-3.476121979384857
-6.80414430113159
-2.9223590168225577
4.211717503452428
6.923014254747004
2.7953486997114982
-3.643690746609102
-6.527749244092391
-3.469429214168603
2.7438345480481945
5.955915117595775
3.1520990680942047
-1.5487653683177312
-2.917541075031709
-1.633144249603463
-0.8947534334433282
-0.32011279650252394
1.5216788332737836
2.492931787925039
0.20167172123302424
-2.783908178650247
-1.9871130779114585
1.883634859691423
3.3738494238486902
0.2256351906589292
-3.089708407536551
-1.7713198584050311
2.213709947217544
2.738354782868752
-1.462499249919807
-4.348095304729099
-1.2791740001936729
3.6447943826850495
3.692633584269173
-0.1978803273923849
-1.869375766572026
-0.41904917916829487
-0.28781178716113953
-1.9784352793555102
-1.2590709399520421
2.0165324226886763
2.7172449199698616
-0.37091284235863453
-2.029681954840713
0.2563616886542704
2.038005771571395
0.06205709349088044
-2.2278149043016575
-1.2901856096235063
0.7857940332539424
1.1167249951816902
0.6096695344427234
0.36071215248438715
-0.6585902448405133
-1.803953701649877
-0.4741051414049713
2.528536650363821
2.8470749339842865
-0.7336826342041103
-4.057515113108738
-3.2082899013640365
0.9604531615854345
4.356943350120325
3.6192188647834604
-0.8843864695607202
-4.6530856913752086
-3.195884606970999
2.2335382994112085
5.20923852298939
1.8797973579755816
-3.98681148317399
-5.516115021521252
-0.9559963501822927
4.4411674650686255
4.700502458522835
0.12035388484172965
-3.234919749971284
-1.4730500910810038
1.7262037871947498
0.636055282603801
-3.3249306851409846
-3.4650433103241167
1.4777280540789366
5.225799521040815
3.5797418701351718
-0.3008885134695523
-2.1667399699864447
-2.5495238912217593
-3.230840438089287
-2.4930792350745397
1.403625678380006
5.276928165959373
4.814154601529952
0.7065362574689752
-3.408711347262272
-5.5950236903133215
-4.655662732194493
0.37362087304657504
6.162787670769741
6.344680570539405
0.6158162657528936
-3.653630520689174
-2.5671285252795424
-0.9761331083902415
-2.431874388185873
-2.591764817196944
1.8905927393327318
6.1831550628614655
4.818518836359996
-0.3406742749519267
-4.432765951458224
-5.8058641139580445
-4.095126435572306
1.423057433014769
7.415159747388385
6.92307521949596
-1.0151459539001007
-7.796242261665357
-5.8712430399317155
1.6693465661463935
6.079107186520196
3.8101354518339208
-1.2998639430125682
-4.144990465162985
-3.0824350475705566
0.3056619706432839
3.123291371781635
2.96426369307634
0.003128148540817121
-2.609725256004244
-2.04723377763142
0.6012952139963389
1.7211877202966823
0.18037491643084827
-1.1683148526861964
0.0590004983429458
1.9469059276761687
1.203636492662283
-1.567283901881431
-2.9000450721352258
-1.8935394572021245
-0.3029475534558637
1.9454156380617977
5.407349329573223
5.886841492073124
-1.23762418848861
-10.457886635938593
-9.648228191222898
2.3848140909476556
11.519392174449862
7.115969523499233
-3.440270593768117
-6.45461857347221
-1.1419492224427366
2.3228247352557907
-0.18992436151936265
-2.3906257251434955
0.09691016060457765
2.985065637376177
1.755942309481614
-0.9945116927180466
-1.0366120016750076
0.3583522483035382
-0.31472401429596514
-2.2423803650748133
-1.8813689126004869
1.0839835381569394
3.3865217653951682
2.685255402062194
-0.14200165837210071
-2.4247273583291387
-2.242847986290792
-0.2918918950496658
0.9495403580323146
0.5524455522524324
0.008260328076448178
0.15461726817450655
0.1414716537749921
-0.06023023003901741
0.1654835091503924
-0.23629063993698013
-1.5613246627084125
-0.45258914694832514
4.206626042920634
5.388761827043597
-2.8145098520937375
-12.00778835420944
-7.675757055106518
8.299637048106305
16.434417998466774
5.931391979446431
-9.960271469810065
-12.808836424150742
-2.8848960326645012
5.828077907541057
6.206664607883533
2.1722009579212256
-1.82476809690592
-4.094340399182249
-2.2666554104395233
3.3509559133394955
5.905635423540728
0.3195367727411987
-7.228011903417022
-6.555076495701702
1.8321705468330667
7.5522146692061005
4.846547867370596
-1.5160222487193529
-4.722239828013111
-3.3269574745940855
0.365796173105173
3.5220215646868347
3.3561201537829346
-0.9857790824354656
-5.6211911200222575
-4.481523226085038
2.9411882198328283
8.824268728211939
5.49852915352892
-4.349559496191372
-10.010112285349734
-5.527380362604534
3.7288063457929
8.305668961421416
5.001310733859564
-1.6740752006651896
-5.574225340804077
-4.323698305227695
-0.030348004702000674
3.497122192989658
3.851122668203011
1.0605203832945296
-2.8235388873642253
-4.383535035117448
-1.2637369903549318
4.0395565824807855
5.1744151596487375
-0.24857650087768832
-6.082703745872875
-4.795971341009093
2.4578292909033004
7.134750444889433
3.9604005342966464
-3.3154850627942927
-6.969291643135857
-3.6998390743033913
2.7539063300024007
6.152771702559361
3.723415716959128
-1.992760124319093
-5.690167205432169
-3.697378264492599
2.384026031699427
6.2982194602836605
3.3613520755538504
-3.6152175211542894
-6.789337116944666
-2.513404998409514
4.061869950243186
5.322887752326188
0.582103651901426
-3.4685606410792893
-1.7142942560013488
2.7053049346534355
2.869372314691327
-2.2183159097674
-5.961564559431708
-2.850637325557129
4.310228026944453
7.709586874658891
3.3885521116459993
-4.6726954589743475
-8.527660882549617
-4.002961926600132
4.689479780927168
8.876066736431799
4.986888379123998
-2.2199604202308194
-7.151736084813917
-8.65035553231861
-5.458214652793169
4.4278148814798275
14.668568172244225
12.109272189607509
-4.212677225634704
-16.314850899926704
-9.737760620789473
5.892664791662798
10.214914166468544
0.5577550590585854
-6.39780434236203
-0.9620902309892128
6.4278939702390305
3.8993736877587817
-3.866407051128565
-5.656397217188325
-1.0720390446288024
2.158471021863671
1.3146114583257806
0.1735459495515802
0.6947779425610925
0.7186150493837515
-0.5420252659258308
-0.7872239117460104
0.6534871310721873
1.1972794999397505
-0.6197668022522366
-2.63299561949436
-2.0159952203623845
1.159121350285294
3.8466586453774676
2.906757576061834
-1.465171621566164
-4.936657995439435
-3.1560701972958114
2.5285340883706415
5.571283123277928
2.144661775938197
-3.534054495691489
-4.437568114782395
-0.02036300110624877
3.355650713094451
1.665029421712439
-1.6022020686479124
-1.8689087050521267
-0.10671865894178918
0.8114993158593677
1.27032811021127
1.9272629160984043
0.649712276013178
-2.934826640674683
-4.405441842651377
-0.5945846153363653
4.678780134461419
4.992656668337814
-0.25682538494361074
-5.079928105313094
-4.2737454853607195
0.8609029289125524
4.714106838701501
3.507810626158249
-1.269090603015948
-4.447196671213642
-2.595328879648539
1.7660047289199077
3.3911454143202397
1.413867593467724
-0.7168888820631031
-1.584602597683625
-2.3210222482420235
-1.6517526937953402
2.2817556020449175
5.471804016207919
1.7743671696126213
-5.944131727339802
-7.052778281013824
1.467547300614308
8.728097468564233
4.477865587127265
-5.722148184382889
-7.738222140392193
0.9923469063382632
7.913888994636951
3.726313734254212
-4.877566007081618
-6.303795366600978
-0.5271674880479675
3.490299523959056
2.3260532524958872
0.9202867612122135
1.9932581182213074
1.4223083238915724
-3.3505580548686678
-6.95804647351108
-3.2998458486427733
4.396699281454489
6.96908862162886
2.0976846331489765
-2.753567332104806
-1.72499944903973
1.379080402453753
0.2876492358030889
-3.576631458136809
-3.880470116435016
0.5241195252136817
4.303044402487688
3.5959189899924078
0.2577376557543332
-2.0137339084151535
-1.9136507224320922
-0.35440526690787644
0.9725510546595246
0.5349726122018617
-1.2174287905701435
-1.712241576693887
0.03924053973751967
1.8323317542572484
2.0032834146896885
1.202679850529597
-0.279389592905404
-2.3990496566086748
-2.886976580046056
0.06754260526329135
3.4216237095552575
2.463416240384566
-2.0884188760781877
-4.49001577788113
-1.571634593704717
3.5978198476560928
5.807238679309849
2.6767427960708527
-3.6497495221434595
-7.303326418421963
-3.6367400890709645
4.02138176952828
6.623030262106453
1.3097658090440074
-4.2617762751554205
-3.0404255993158564
1.8016578506349248
3.0651750414186285
0.2666443991539505
-1.7294781379990058
-1.4596033318172799
-1.3722370767733263
-1.1021241856216974
1.9244733280497306
4.917979683219743
1.7795813839966734
-5.082514878797061
-5.239278180205608
2.776234983796264
6.360433493661542
-1.1784886114273712
-7.536075281000083
-0.82554243850081
9.023844437344248
5.18904518313525
-7.700882259332951
-9.878138203896386
2.0358734021401044
10.0928773552148
3.775236736526854
-5.2733209925990625
-4.185724892468962
1.8647929818927231
1.8399407018216836
-2.473498968114932
-2.2774474719235553
2.0920123838665967
2.9840048568757664
-0.7396136795739776
-2.321358101575569
1.118437933790172
3.9704402960962737
1.2217433294157045
-4.042444298847178
-5.526440035786904
-2.0125328318711846
2.6510625611533305
4.9534467576544605
4.1602767554407425
1.4010187515181929
-1.7424196174329667
-4.490428132264285
-6.073379281284649
-3.8095877306792536
3.530221939489825
9.750042605816617
6.244449731209732
-4.405569131891561
-8.915290876192548
-1.8099576482195683
6.0746165474618845
3.862558221967
-3.7782145508408638
-5.534499914124418
-0.3988721644458781
3.728798125677498
3.305885484081601
1.4353412718201897
-0.14475627524900503
-2.1973035974149875
-2.8137470637880986
0.12052164272966254
2.610155050450305
-0.45329994933422757
-5.137372215094823
-2.6668933205993994
6.227155218037327
10.194530767711669
2.5820574529100493
-8.96380601238833
-11.695689760525681
-2.8644884631594167
7.813249529065819
9.551197675520026
1.8844305083390684
-5.6874367464271005
-4.891454232864442
1.5160056153865802
3.7913357492571946
-0.9142211812834434
-4.6085704152367395
-1.1903874433634165
4.140734105724013
3.8477239334023197
-0.23617667070252035
-1.7105760808431876
-0.8284359896226893
-1.9751817972189727
-3.531463891138673
-0.22388208493809517
5.781630784743546
5.937976885382332
-1.4955768165061651
-7.4133887994306455
-4.138603950200877
3.8599336504578856
6.257153777482454
0.7656122768127256
-4.8979460414563345
-4.06101875923835
1.2220114449158546
4.441160086944494
2.724236457250663
-1.3332071758103279
-3.7537608841628374
-2.7092799201726727
0.8305068996423332
3.772350828496291
3.219967089806384
-0.4412836341233041
-3.819537042111744
-3.9537187099635975
-0.5196443368803083
3.88861543316697
4.993765262663349
1.1276605387677212
-3.602009461945725
-4.103194124955252
-1.2991482148928288
0.5013039918525618
1.1280449138318902
2.840043489442245
3.596272611829628
0.1756426686103592
-4.054954711334007
-3.126758279101613
1.260709491070344
1.9696222806049144
-1.7318458785567887
-2.8339307123898196
1.8650983046352974
6.070959468718761
2.9352335740470243
-4.890176584849495
-7.990597275844647
-1.703933491898577
7.64847194301475
9.083662375152622
-0.3558025026386862
-10.679581637634739
-9.610600129867402
2.15400426300203
11.225992651365804
8.221188561294117
-1.8776768558712003
-8.175964396685941
-6.2072333143802325
0.5646939088288108
5.729060750901921
4.680926709565044
-1.264604855457671
-5.291038563073671
-2.6871045349483835
3.063160172507211
4.635225301346605
0.32298686468938836
-4.037788769400485
-3.069908506877686
1.4333825542466183
3.813795658876978
1.9484100517309892
-1.3944410319209624
-2.9945443984434443
-2.249544043239292
-0.2363619909013893
1.8622355499325243
2.8188202807078895
1.8150759344590324
-0.3690343558920409
-1.983422290454205
-2.100372311331419
-0.8383723808313543
1.0047543046060556
1.686444114218143
-0.11886132250857276
-2.430596791110857
-0.9116505387855938
4.3848231603292955
5.8119504437450775
-2.1186616920751935
-11.233901531687087
-7.689665773683576
7.268207979639623
15.782370249414875
6.892984997744761
-8.66737066809731
-13.434246754630964
-4.978626015586717
4.672052238683031
6.23200312070678
1.9259503863034904
-1.2687373062264136
-0.49543499759418513
1.9480226285798663
2.479449518173799
-0.4189614730209456
-4.764368538445243
-6.17232444094624
-1.897000566577823
5.371662589336458
8.958357604195566
4.838115530813099
-3.7227071196987827
-9.317901754442651
-7.469014547494317
0.14537165252988504
7.710433855611642
9.378396544896647
3.4335552957662645
-5.587596279821047
-9.704010839698322
-4.671851311699103
4.778197682410774
8.776692110520635
3.1359797971576477
-5.422580489539328
-7.232159711427056
-1.2407600302137016
4.727374677179902
4.5691810321403175
0.6043570193072405
-1.429058804504788
-0.33082402751688644
0.43032421062159404
-1.2541641614450696
-3.2214190011029737
-2.5963965116382957
0.2143551379415178
2.650830941109037
3.440857162367081
2.9770862553965047
1.2986400975725334
-1.789980800692841
-4.424854448988947
-3.576168438735927
0.2371116976883192
2.363620239221539
0.44848408349610674
-1.562099630851379
1.1758605370365594
6.481426277532078
6.28713373235749
-2.623621917879251
-12.071183499396774
-10.920675800133546
1.0320222616617591
11.845963472835809
10.895514783414228
0.7651033503440856
-6.877874905262758
-5.753043021282403
-0.4580370267227894
2.222400228471581
1.0792500665054525
-1.4128596458285245
-2.698274056406341
-0.7487553089410885
3.901684785410072
6.35838143711015
2.3290186171061764
-5.060391655717524
-7.832683940497845
-2.729363608236463
4.925097745204357
7.0864853274022765
1.5516314788432917
-5.547655215037403
-6.584435692334626
-0.9816912820697302
5.250882047915624
6.787980283135303
2.975651167676669
-3.081450254073181
-6.624919046707711
-4.569981494153672
1.1951347165333184
5.20144500649119
3.952272195835455
-0.8140613430089332
-4.249121781969177
-2.987251598938538
1.652429394941004
4.498630891872641
1.9475602407762167
-3.098478597582938
-4.099427152575338
0.5087899002942121
4.698030746975359
2.736901159637748
-3.237092202520403
-6.21286019471934
-2.7775977022104956
3.8645749704015078
7.6835090599854174
4.89818340952138
-2.751755994511062
-8.435859918353348
-6.297271506263205
1.679915416929713
7.2861162299121816
5.395737247347308
-0.8732314435451988
-4.892822769201941
-3.8095110465380544
0.024386125839954233
2.9302682081097946
3.096379027272611
0.6032601468990639
-2.7676637122648953
-3.4832040653756886
0.2455415978546487
4.393375267920143
3.1880464617992406
-2.2669702383877905
-4.8442853135369965
-1.5272996569298614
2.8524840166906626
3.122375266347994
0.0969288029194773
-2.1632528148007406
-1.5346007323533912
1.2778782448217547
3.6013865127271294
1.620374189899253
-4.95524609981186
-8.483301122737249
-1.2530008635873797
10.618037613257142
11.39814504442237
-2.136168798983794
-13.590753551027541
-8.472221044673168
6.243504350115677
12.306949292853993
4.049777340042767
-6.959937482992453
-8.899574300215898
-2.710258843318445
3.297282797104055
4.9616131170533215
3.87915454687737
1.4634191934209912
-2.2590958711115454
-4.763306539558511
-2.5636747383004277
2.2482712099121454
3.198223977065946
-0.9253270809535356
-3.524330558457829
-0.10908314304208908
4.6364364552422135
3.934686955042797
-1.2074038834374898
-4.505712347304472
-3.5538304449099325
-0.7499000877665002
2.0402368120202143
3.921599622067456
2.8692594033047074
-1.2662190230201573
-4.163036300362679
-2.150954007746715
2.17871572426097
3.2904122115662484
0.18927319410227905
-2.723833943440347
-2.071820416238753
0.4058128462223971
1.5478825346431735
1.3511624378752678
1.1119307775403389
0.24876125959835524
-1.4950926016124144
-1.9337727324066316
-0.20140138486329637
0.7312462281573752
-0.8454585117691155
-1.3084751318335899
2.373083386401912
5.697702153965072
2.1250877610423866
-5.884010711244181
-8.566949312354085
-2.172050934204688
5.987078602143077
7.5827072170550265
3.007343607931044
-1.696925864774132
-3.60231647436579
-4.255173601711112
-3.9884068736104488
-0.6135822497179855
4.741834176962553
6.1972041893010585
1.2935842216196982
-4.045588536287817
-3.215560977871799
1.8239622986438013
3.426054994244263
-1.1488024726213149
-5.857642212410251
-3.8179022445057083
3.2650520498286095
7.158094891344755
3.878710616999268
-2.064574721683809
-4.628263940520979
-3.122714112817848
-0.6597736606208648
1.0880875034688802
2.5493992113823887
2.777490215252381
-0.2148617227304232
-4.274327696754328
-3.2963196080520314
3.8423223905881874
8.699225944545562
2.842186922560555
-9.431436132665198
-13.725954201184884
-3.2060482934914876
11.321524781097702
14.32372252121436
4.706492130598824
-5.317178082687184
-7.650799929722263
-5.484265308154666
-3.739651865743124
-1.6211904261751169
2.8222336766206544
7.070926957511319
6.8564956451842445
1.9282062037426033
-3.590370697359018
-5.8872197317006325
-4.634278084406019
-1.5256326981361907
1.9969948322665194
4.365234682920964
3.7406604297560335
0.4271366583974254
-2.516306565890286
-2.786839136848188
-1.0465279683832318
0.953855486341947
1.9186190347732883
0.9349085985802371
-1.2947773261206248
-2.0711737992772874
-0.06286925304701539
2.4197557579250857
2.147244827164058
-1.3905814823213944
-4.83376072498782
-2.89543857872056
5.06622772807654
10.335498388389174
3.7566359497928814
-9.778937906419419
-14.566752303362522
-3.9591820831633706
10.750524197931103
14.007438144296067
3.453437734710748
-8.882357222379895
-10.62423062965512
-1.8023184113787973
6.923171460157112
6.90759838348754
0.01094707062811185
-5.30071835568036
-3.8824057048864926
1.514936310469803
4.552225067791522
2.2365425270013533
-2.7210482101878557
-5.154511567141105
-2.4713136841305174
2.9401494213710397
5.907021358265317
3.3930244894742967
-2.303961244119286
-5.477839838661993
-2.861442104639068
2.4869162291999696
4.203984255906194
0.18748209063135407
-4.147481243893306
-2.520138063065132
3.141818262738002
4.76950145394615
-0.13070155585687349
-4.617606325349609
-2.5570147500539564
2.693292398713224
3.7260946659654692
-0.28375114022476267
-3.2424070724463974
-1.708900680735427
0.717614048499416
0.734577461040247
0.8328323318721307
2.742719146577134
2.174097192065407
-3.188716958060902
-6.833813147864929
-2.1205486395826547
6.636929009742085
8.527688390850757
0.12661261872350132
-9.254722674758865
-8.278601164864918
2.169017133622087
9.70961829015608
6.087900133714606
-3.2406201077628247
-7.425551124935625
-3.297369248133122
3.170981662155688
5.298210715157353
2.025285123895819
-2.915988312745746
-5.080341811236154
-2.6026055291932453
2.3624842137567477
5.153922084042687
2.9454918658491063
-2.0034460681451973
-4.242695594260334
-1.1499711382612432
3.35468215674094
3.0966243573101853
-2.087331167593865
-5.5384602184864695
-2.651898261720044
3.038823830590863
5.292101547302132
3.2691951313337615
0.41389039764541524
-1.7919923026781213
-3.9497477434884907
-4.676877711804723
-1.7427808154077598
3.3973279372182508
5.913049509817284
2.693623312991959
-3.667949148048472
-6.33583930915871
-1.4894126299838895
6.027874576689529
7.5630093584998255
1.2223949801856662
-5.981680949676486
-7.054098853854036
-2.682216706906621
1.601488945215602
2.9216710627486853
2.649633790776652
2.462277413856706
2.228127837491733
0.9134927803211206
-2.116614968148702
-5.406099648854166
-5.36039886765563
-0.5643677761762081
5.001321466798723
6.2178215450845356
2.7763751283026186
-1.7430726511016947
-4.276397249864237
-3.4731912365287836
0.1823534284653575
3.1987504940171663
1.7270616203455282
-2.565263728862616
-3.3579737143904627
1.3875458570507455
5.655809026785484
3.4792081205004615
-2.892834805509785
-6.361951348117195
-3.7981539968392224
1.7276661693901836
5.3629744525007075
4.38408877865892
-0.26563018383424297
-4.190050641207458
-3.4534870541882077
0.5227101728735051
2.6582425497378868
0.977661445548881
-1.5271522182583868
-1.3647494377167508
1.6234567122748724
3.758084157050381
0.6163844446746629
-6.408619380923998
-8.551916992917521
-0.04522555091462066
12.029523530838762
14.39018146952476
3.089211751980275
-12.021766180557865
-17.643046746792603
-9.462903809307797
4.840256226010264
13.666544275892567
12.200769510519828
4.482761728229951
-3.467783834087919
-8.604707941051675
-9.319812624829533
-4.566620028578112
3.0574722543519646
7.30528309499138
4.689753249728941
-0.9067028800376946
-2.7375243283527078
0.4546331919235792
3.091109992477036
0.3996743808963013
-4.716686312995383
-5.146530045347704
0.4804202071721947
5.170947327425308
2.9273018622241325
-2.7083245403056178
-3.508894343801878
1.8244840689582162
5.849466116923343
2.548875692915756
-4.816675903968667
-7.773333693777715
-2.60172451385583
5.372367845176722
7.666757321944491
2.1015136079232826
-5.086304310921189
-6.426924267028933
-0.9046166439885122
5.305466080842551
5.174547000571474
-1.1645848085369546
-5.913944879633585
-3.2781847402107727
3.063386572847562
5.361398364996811
1.506771306645729
-3.8577353957323233
-5.0676627400288625
-0.33214809572644455
6.296715505012702
7.346944619632694
-0.3055368189360987
-9.9411883612927
-11.050626553084784
-1.6056738816287943
9.256146531099823
11.854930384898351
5.676277587066348
-2.8606444153812673
-8.055497569273498
-7.776319775830391
-2.6947251502702056
3.4833828590748044
5.509668646520806
2.015591419890679
-1.985161719974312
-1.2116088283783024
2.523848114672249
2.878085023999404
-1.5245899232683802
-4.89749855993492
-2.938998809599854
1.2064420697581337
2.6025177584488377
1.605697987637763
1.0978409217538092
0.6004671557437617
-1.518374836645769
-2.8652664572996605
-0.19476863576893727
3.729965660004397
2.862999096921588
-2.5975140078165855
-5.498702187246885
-1.841910906458417
3.5110850369849893
3.871857350871008
-0.0027406857077081972
-1.670459144206119
1.0514108183553752
2.818010421129902
-0.7386595535544096
-5.687215647925087
-5.114963909606731
0.9688416034615863
5.919092798208628
5.44354269739697
1.6063157721712016
-1.8571575123637918
-3.7500778873262863
-4.103961100848547
-2.2782204565713386
1.4640341047390848
4.220850282338117
2.998230891661635
-0.9765210097489655
-2.967483137882948
-0.6656114770348904
2.68914660345618
2.4531546718427095
-1.5662403654527157
-4.812678260629499
-3.198062588165527
2.113502648294988
5.569774073167382
3.3731080954824937
-1.8189202978396803
-4.0811443159082055
-1.747346897315773
1.124412625981514
1.1560707816712452
-0.0812368110320669
0.062462840832663256
0.7169564485196904
0.031905947571667266
-0.7372636507429695
0.1012413091193412
0.8269619401381103
-0.38094769326828787
-1.3802899730325446
0.24951055938214622
2.270707202979052
0.8640108379659686
-2.8128788975540484
-3.435259259861627
0.48887160509721356
3.8510818615024673
2.6661138179662704
-0.30388585171338245
-1.2575005823434713
-1.2309860892054836
-2.0300272026114525
-1.751180117126393
1.074113476425453
3.328845584992772
1.7016712318324003
-1.7292403719345166
-2.2603219185910173
0.5661072493881711
2.4506648181902118
0.6300046052418193
-2.47553689927372
-2.956782898070594
-0.3101490658184746
2.779610802409721
3.6856778746708265
1.6301919060375292
-2.0963703492805243
-4.528440103591938
-3.1216853964313125
1.222707496343417
4.290108955102512
3.053841448468276
-0.7114807243590776
-2.7461580176683054
-1.5573669951219251
0.5882235661040452
1.4457154236984606
0.8477540538287393
-0.7705160547641691
-2.400598930532195
-1.514930876869156
2.4240396646825983
4.649256717256688
0.9258295283109114
-4.806627338628702
-4.969814536418256
0.7508831115495889
5.16286252410404
3.6806777754297997
-0.6007950812182739
-2.698126458123997
-2.332802312529855
-1.9768719409408144
-1.3251128350080006
1.357729772090111
3.903273182728771
2.5571683081115166
-0.8283539294283739
-0.9072888386318947
1.6262171502736982
0.29707815831414697
-5.581312048354911
-7.393494665437906
0.24261782146272648
9.620800018729803
9.232505079368245
-0.5959979593243212
-8.355333932332863
-6.474358616390092
0.6306696435940473
4.452018485093469
2.9065497469158643
-0.01718457237785987
-1.469650566119569
-1.9382575873289942
-1.559388630056222
0.6267161257058187
3.142518675288557
2.518294631953009
-1.1589761397029186
-3.267047361327453
-1.1238447193701904
2.0730392820450563
1.833022999055936
-1.6137559363724772
-3.815497531515784
-1.487007359792944
3.703928897261114
6.407809468412008
2.7832733732775083
-4.659279540101357
-8.208677974442564
-3.2332089901357555
5.250702159963187
7.590391398638764
1.3305511493408628
-5.584336601904496
-4.979581225115792
1.4577550301093813
5.366266137505565
2.6297696389423817
-2.909622162188689
-5.23078967378097
-2.170740983656796
3.1544352193914302
5.237463482415302
1.9618673554905768
-2.7502768526140073
-3.8807542614502144
-1.1897153706820065
1.7908703301153348
2.3695511708790504
0.4896421675101149
-1.9697700806778111
-2.3346083848712538
0.3820200354755805
3.3695843792295634
2.7937643442906794
-0.9860655719147193
-3.7564940212825513
-2.9246314505191853
0.22398040101725902
3.1114969301486557
3.7181109077871426
0.8740550311126878
-3.7789039863596985
-5.07894752614276
-0.09505593277531683
5.875993707772118
4.761480854346589
-2.4984189359567353
-6.329603231974039
-2.115466923920344
3.739088075126804
4.0565788085707695
0.33660953086794637
-2.0722130050042824
-2.234289023982814
-1.8792047349641425
-0.15869241743507348
3.5724823128356613
4.845272727950826
-0.4029153367126419
-6.451344595740162
-3.6179453318816317
5.148947918899828
5.724007197738148
-4.710294458100017
-10.53642783769655
-0.9559542872572317
12.51037004231675
12.286284976320623
-0.8046173642402494
-10.875941142480146
-9.5357257890719
-3.11806084970486
1.2079494011094234
4.344040826372361
7.644897058205113
6.844008154459818
-0.4865927154184827
-7.763735912827363
-6.6585567276958315
0.7842295919265757
4.20447984662057
-0.261391396848483
-4.311465326074983
-0.2899318892020396
6.786888174923517
6.607533876772188
-1.2315446082247439
-7.202447142083379
-5.3653234837867325
0.26265546880770513
3.083231349480705
2.1112914216600225
0.8176968481742397
0.8270355262527848
0.3354763176595551
-1.228992928249998
-1.32039626491497
0.640569691646051
0.8479856360435533
-2.3175028917676403
-3.7874959571049334
0.6992481717954593
6.378441965324611
5.37656230883871
-1.6321913130397592
-6.488801013169645
-4.78548379466615
0.20336047116286102
3.7873233772194133
4.233094095282482
1.4694838661938845
-2.7639173105939863
-3.6998147539463995
1.0134176161524624
4.90556536643245
0.17677199552997966
-8.305922946056501
-7.376408244788856
4.456087013366684
13.149660272852124
8.520754297252674
-3.0999960977332535
-9.620741317458958
-7.901323586859574
-2.9828140605884057
1.1474520249843205
4.167892176853352
5.612502175538351
4.175509043467172
0.7044784014032366
-2.04140225610213
-2.7942687787929987
-2.6376031670296447
-2.6349368424788513
-1.8368796948892314
1.2414367688095151
4.6111988331031615
3.531966518068222
-1.9346357246565293
-4.681990515607211
-0.25772345682114306
5.759821898428936
5.160766584637296
-1.5892030579928247
-6.852177335710383
-6.396958426745577
-2.4621844406241538
2.248706548565007
6.5831151708021345
7.602032883187214
2.5699203597925835
-4.9389706330955665
-6.914679546490942
-1.2753143692907645
3.7263212501850016
0.17672460730403028
-6.6411853435137385
-4.284294877191292
7.284117404023862
13.182902533209145
4.884213893172831
-7.588825418426734
-11.121771407036652
-5.98496304954268
0.2589403166541549
4.660079322697085
7.15737627680038
5.67761469963362
-0.12430233355728537
-5.60304971095443
-5.946351712354438
-1.5263643930751614
2.9660865196874884
3.3177131983288244
0.056518503233147666
-1.9426330434407326
0.2784544398288116
3.1722565784452517
1.6455800917380414
-3.161433407733363
-5.393159174292328
-2.2574382545380045
3.5126487185602544
7.117885201789745
4.941429092703644
-2.6420917765081886
-9.241039805076221
-7.137600482964173
2.755144248555371
9.644138647439437
5.761933445823659
-3.4714758746285876
-7.253724220863303
-3.114522359655805
2.9602926547006088
5.576443218063406
3.1984991125415565
-2.778350354117968
-7.003227008708605
-3.6644591253845347
4.720044046987995
8.127974969143285
2.160686361649164
-5.9893712527023775
-7.472748875875026
-1.7245641276394377
5.307886259771925
7.556371993204542
2.7595831665520363
-5.2123231830487935
-8.088695398566912
-1.898778724507961
6.546903888651759
6.940321313205111
-1.2312093354266038
-8.347512308908298
-6.883759691354845
1.9119705432522884
11.42965099021504
13.634752599779336
3.4687683192006435
-13.741508029814588
-22.68531186446002
-12.621297458384078
9.190015123510733
23.116906997065247
17.356521965896434
-0.3157320678037307
-12.706441170269503
-11.88142071172313
-4.2247696801771815
0.82620460262671
1.6408254878949633
2.1735269124675254
3.55506738525111
3.516729376301155
1.8371200562176702
0.12690479560344098
-1.9124360749667713
-4.4563198639986545
-4.559299499874345
-0.4656135584836363
3.918134836618302
3.7059302132838727
0.015207208646532078
-1.7673835745606192
0.7019585605097329
3.8913460251091823
2.3205193737477985
-4.75797822730223
-10.06427669828212
-5.1781514824832495
7.0907593999404375
13.055176224093954
5.26864160662243
-6.807062231859582
-9.223835011343335
-1.551355749428259
4.682474372671587
2.638184469315862
-2.423162885996849
-2.787416744592007
1.0967468710852313
3.187765820792914
1.4388908621361791
-0.3776793861469078
0.026065018180904204
-0.16861707807361628
-2.878477794417831
-4.333154131787301
-0.79783979073838
4.4545424550443125
5.351727772457918
1.6687795952034399
-1.860289250568501
-2.715873910016549
-1.9922923110188049
-0.9157426288818501
-0.09061622852506372
-0.1597410539271834
-0.37904767160523783
0.9859208839166942
3.104905484049934
2.908405897719217
0.08259080384205193
-2.3530247240716933
-2.652884610215629
-1.608733176346347
-0.42760150939326946
-0.18758201114736647
-0.7418662884766606
0.5959742953378826
4.801284551465882
6.608222563551847
0.839030261728383
-7.77817848503486
-9.088112845437298
-1.7997052608822586
5.089941604864046
5.703558100967344
3.0775604357854265
0.5988578813385794
-2.4575008103482996
-4.749660386597669
-2.081098533640242
3.826439928422723
4.764243513201924
-1.5677747142567156
-6.656423796064322
-3.2775004338265354
4.359366163470042
7.124734473892478
2.5958807241987722
-3.65901286042419
-5.489322389846164
-2.150789099159893
2.0371083271596953
2.766872919235203
0.43288841959167246
-1.0029806136294246
0.08307482330939811
1.066220691461153
0.2033444037353155
-0.6012073620405262
-0.2812004870103637
-0.8947312523578289
-2.51296374651087
-1.061321549873084
4.319868035370911
6.477397210069871
-0.37250214306911394
-9.344472993526605
-7.930937183838329
3.843372006206132
11.983143845365559
7.280980698631244
-3.66161620203156
-9.367056449904275
-7.033805357021022
-1.2120584068607536
3.9826631291541825
6.68373282419044
5.5952614157088405
0.7406042200308639
-4.943375853837647
-6.997326620028255
-3.5085503166276797
2.4959729202723633
5.7232238036871435
3.829521688993933
-0.5464794410476617
-2.897805691491599
-1.641377724788201
0.519468241116729
0.31852358606759973
-1.6436056860583463
-1.7482940075108364
1.2171994429081572
3.7140869946438815
2.047674746224127
-2.3356620058770794
-4.223308867477715
-0.9833004866849355
3.842360111700934
4.281942969808948
-0.6808093835038104
-5.2682319854836575
-3.8738933655879073
1.9248548593563612
5.4641000315100205
3.062497250196455
-2.2016614896349442
-4.7813707096327915
-2.730205509175877
1.4812525344138736
4.415655644148536
4.124104928573754
0.41093210498840754
-4.762635814662341
-7.00786695893341
-2.7427861750830047
5.2129154503003114
8.446148170413105
2.943865370014935
-4.7879630127107005
-5.798454328354768
-0.1640989041846666
3.922304889521255
1.2445030610637673
-4.037250664970467
-4.244132013454871
1.7061491160854414
6.93126685328203
5.222275853633208
-1.660047999008444
-6.486616795188216
-4.974867973539012
0.07856507438030194
3.2853655344880903
3.0440038990843523
1.395736629255698
-0.3953237614418093
-2.222428551755084
-2.229026833073835
1.1089324490525134
4.08302979193975
1.4511777350123525
-4.443497287612123
-5.443625249850243
0.5750613951051714
6.280327915618404
4.717090552024966
-2.11385732674947
-6.214198412975714
-3.0664770275385473
3.319721156830138
5.065647076746081
0.029336630298303412
-4.749036141357291
-1.9619373888340665
4.941995913133955
5.722124015854993
-1.660383730797137
-8.017501178993536
-6.182035472838939
0.6936586558577035
5.796587579948064
6.64861583993822
4.3210519185398235
-0.08930569452841777
-5.2017905071753505
-7.868350942129696
-4.944894281296231
2.4639108675689823
7.955995055454541
5.847107318435288
-1.5629937597631671
-6.037622769770876
-3.504899347045744
1.6422550020973012
3.5234998164608173
1.797972053027484
-0.3380351334747823
-1.2376570930335804
-1.2245591892619505
-0.7736771206813441
-0.44483664126245925
-0.684736397437651
-0.535375973810855
1.5350408286218167
4.273201184305389
3.2789857745115585
-2.864724268794575
-7.7038704683115355
-3.904852571666294
5.05581359381321
7.813966229579798
1.0593822976928042
-5.757325012125542
-4.368994952864606
1.5701914746799273
3.8046972050890617
1.1888703468756738
-1.1895544387994852
-0.8771211522094056
-0.40715510574432795
-1.364523576149969
-1.1759686218767225
1.7587653156859417
3.597239702478847
0.4787068121945503
-3.980331432184844
-2.966115375106123
2.5985671617601502
4.621884818839167
0.11806860203206318
-4.410116365776994
-3.0847063843529603
1.4660772001755995
3.439997622347359
1.7493995802763345
-0.7575479588641172
-2.1159899159601006
-2.040634171108317
-0.3741676408049826
2.1565397549656535
2.9936345348813673
0.48130334778166384
-3.0066916710750666
-3.2324593057549174
0.5004629299923983
3.923558221281404
2.5908385899467756
-2.3975978097552706
-4.822320254875831
-0.897584155941013
4.907857291398044
4.891303157309078
-1.4885080204895782
-6.513582108794827
-4.162533244921681
2.7828190926640173
6.7870455653300485
3.938005021349421
-2.737744669354894
-6.717833753216755
-4.139605295655857
2.5389567560312996
6.606728509654029
3.6715298460104693
-3.231785286875543
-6.276100669956138
-1.830412744924208
4.659559252557218
5.184692531364356
-0.5256204837610764
-4.859044892485101
-2.7098152744875725
2.093150346607835
2.8132557365699027
-0.8333776209025348
-2.8912090403129915
-0.06195544789480137
3.5404637685756413
2.674844489311129
-1.2075915118760265
-2.6964631176276375
-0.9470907557827906
-0.05959214425229807
-1.4931061218392256
-1.5888017483836796
2.109546667147893
6.023856092032346
4.415480928497087
-2.983607593111695
-9.000296818349497
-6.242731397862061
3.411980890552637
9.20624183320596
4.126479528888263
-5.067814922608958
-5.697769195328328
3.15296685670885
8.18009628369987
0.457943710373644
-10.935020972034174
-10.708335590779832
2.0089193354825303
12.757427906903542
10.290869118204498
-0.8839957394323837
-8.338034695556376
-6.786247605744595
-1.0523419419599611
2.800147511899254
3.4932170923885195
2.193213436824199
-0.3750843147487722
-2.7866861778485603
-2.6199749039424316
0.43960780831734625
3.2633136762971597
2.762908621200109
-0.4332904684881602
-2.949867712015412
-2.627307341724496
-0.3295825699061001
1.8920398056033207
2.685406339006107
1.3401640847693947
-1.7008732123900134
-3.626472412988885
-1.48583338145189
3.0134123334211065
4.169965617416914
0.04987817157687455
-3.9711183971505974
-2.774934932245303
1.2536768395946338
2.693409124653052
0.9674048779388473
-0.6121416596445841
-0.6024759175021086
-0.29199526194699776
-0.4904107299863684
-0.5016807067239082
0.028112134891950413
0.3987346016056342
0.3561134700868399
0.5292800078281762
0.8322608435197698
0.21358882378042243
-1.3482691881429802
-2.1304554307061316
-0.6135455931169861
2.38689614249955
3.6061032612464854
0.42402092785135986
-4.557234514010589
-4.791447947130054
1.2351656868367704
6.308037687715862
4.010538717336301
-2.526197109916207
-5.582634878815391
-2.548017614085803
2.4868639223506697
4.198331200370083
1.3664894141325306
-2.4831822715104366
-3.3426384500237107
-0.8402846965328609
2.297249621329768
3.3690679808646125
1.5603419990070653
-1.7797245989225172
-3.8740689155199046
-2.6367053992457983
1.0072656641009514
3.5463292921843608
2.641377674440271
-0.15231264134360445
-1.7381189646275557
-1.4154483998734586
-0.47227637113392057
0.41441852822399283
0.7725001946267928
-0.40461868458494504
-2.133889869868725
-1.052204115604105
3.092621053767109
4.850110958482226
0.5940636123134915
-4.509020438546905
-3.508976512792409
1.059527798044488
1.4211801886132276
-2.0049589212021792
-1.757258045014036
2.9609629032914713
4.80884284888808
1.1565085821993886
-2.199042616355745
-1.8780658567451902
-1.5147716948891685
-2.8240857108574504
-1.5874858367854623
3.366743229984318
5.629166325764471
1.023275359958827
-4.6560951488306745
-3.801257437771761
1.7447045183529075
3.993799179688821
0.5867778168939182
-3.1058637703314234
-2.59548631811497
0.6168749833950993
2.798979110099986
2.473731061636543
0.2123366717730905
-2.6214153440604044
-3.646542751804165
-1.0160397362744635
3.211987514163582
4.117435690445353
0.33334989871985465
-3.306064403783166
-2.2630864218272
1.0899532296035912
1.4336838218729444
-0.9076582404292979
-1.104092889984959
1.2922160243556937
1.692476528546642
-0.6127919809511433
-0.8154799787657732
1.793102399356378
1.2000153091414874
-4.092387662322836
-6.033016654323804
0.7472937596788094
9.105241042992597
8.129760522457579
-2.6503608482982646
-12.100061496498903
-9.443094599677575
3.5210837567013513
13.292469424491506
9.635611168203035
-2.6799180387822217
-10.60448357158147
-8.21226964942514
-0.563088364451874
5.107164000473313
6.121974136324792
3.192190203883892
-1.5963681914067405
-4.31893591483059
-1.7597521633331927
2.8699891891388845
2.031718418271195
-4.141820395686079
-5.104679972722729
3.6803889723428873
10.192029570342406
2.718363270727065
-10.39935622841026
-11.425515021275789
1.1317365583163261
11.330706388706375
8.629646858728574
-0.6767934327212141
-5.885972153836635
-5.079309295748955
-2.4353315734009278
-0.012351325017452343
2.5466209351273523
3.8260565300680116
1.6901736895490385
-2.0336549954915224
-2.6718296568069686
0.5857336932528899
2.926581242191783
0.5264391757046577
-3.614392353257568
-3.2080518144080585
2.0661319310227624
4.864067922289302
0.762895734012307
-4.272598906272632
-2.8498094754575587
2.2902167832710907
3.376896325945146
0.15358165865466195
-1.3607030171796124
0.007051727181603493
-0.33689163166939773
-3.1461480191916547
-3.053616822925938
2.4783014856813392
7.757906844310334
5.314896066425644
-4.189970512050237
-10.928056825715611
-6.57629540140326
4.888105720616006
11.041895162677697
5.812357413095717
-4.147777847201631
-8.283095667342803
-3.3788129731730163
4.293485746463122
5.847568895159894
-0.6492678791665663
-7.171934135821278
-4.8124666532622
4.3299717976200425
9.115294833484247
4.126616321947821
-3.896381472691174
-6.634143822546774
-3.876940984580364
0.3090999729107712
3.3998425663500256
3.5678760697154375
0.19375354641726622
-3.071011339261845
-1.8293260516513303
2.354087006626363
3.834867969972972
0.7681104529365557
-2.960283415147682
-3.364245178186666
-1.0479709507398314
0.6224949212013355
0.5342815031796814
0.7544989187508359
2.2817814289956355
2.7473667914845956
0.2128079440938835
-3.014717763423888
-3.2066530702237097
-0.6001721892999683
1.2142532884431136
0.7669622288102428
0.21532591998661535
1.1728286254459819
1.9852811637937477
0.1995108423410635
-3.407185281312729
-4.340722097990506
0.4235880182870507
6.569245728145681
5.85498215654879
-2.4325600088423616
-8.649741436026376
-5.115111901878733
3.641725455136792
7.276859551575729
2.745542671544914
-3.315558159448963
-3.9534349791561576
0.1568107846906249
3.0243354454822766
1.0989968387193711
-3.063324916378498
-3.9408374086528815
0.6572095712309313
6.035585783965935
5.118428744960374
-2.274645320791171
-7.8478536245122505
-4.935152159029006
3.0569052781620374
7.3142551120994765
4.1130537275976735
-2.2861618396786234
-5.504292399698769
-3.3744472938548133
1.0411467330039623
3.4063512285984565
2.406016793570745
-0.06570193501259815
-1.7450400747509793
-1.6554252508942287
-0.006464056233768514
1.7176156886245562
1.318311252280172
-1.3772422268394795
-3.071222162727855
-0.9821199214203408
2.719479810644621
3.8064718893119873
1.6923836285293838
-1.3675025824053686
-3.9594906710657036
-4.6059721707661225
-1.1737990028594818
4.612022992008356
6.581831159772741
2.281773348672136
-3.1883145747845885
-4.99829427049217
-4.023335323330909
-1.6427703490924204
2.8626428386667255
6.827612389686197
4.866628628367965
-1.941010533341018
-5.724303379153762
-3.30057266564777
-0.1280796114937342
-0.1651231514489168
0.06469779132643033
3.2888189554331926
5.099875317717622
1.3628010539709254
-4.0503291126166925
-4.915453836327464
-1.6044338899064745
1.1926868688908927
2.0483831989909627
2.5111012615707793
2.0958167511373555
-0.6847668867826346
-3.7590893571480732
-3.0650598378180605
1.2807699321144228
4.231654093099303
2.5039823254347517
-1.1863104027292144
-3.0071576532751414
-3.2060302212362033
-2.5804451370107477
0.8081682929521117
6.08408114394934
7.066177001370618
1.09419155309814
-5.761122501841096
-6.980577529863964
-3.5475318969825107
-0.14786636231974915
1.9481067918239774
4.515306992394833
6.957169323315042
5.2665701989218325
-2.0843783365244155
-9.672703294059547
-9.786126039898766
-1.5008300146723916
7.364757482021561
8.674202917238496
2.7992791118214604
-3.169961229594326
-4.434239472091533
-2.090278181806682
0.840072241048912
2.4302907219456342
1.4742599103269427
-1.7526169996882868
-4.01260884824823
-1.6663463273282393
3.9680235089962483
6.52340581645439
2.246942306602751
-4.527550314292718
-6.536698330209767
-2.407596941031499
2.4782133136936237
3.021735361150533
0.27672165225937756
-0.49250768719561616
2.6332244302083816
4.814404542293894
0.8203700882408198
-6.875423084781178
-9.833089851698405
-3.5561936170572035
6.855877742157549
11.763250501114651
6.57748495279152
-3.879580164483726
-9.956597226167446
-6.601694727845398
1.4826650561180614
5.459749694587297
2.7998207377090347
-1.0482626409990086
-1.290790468709696
0.7763205416348119
1.9344055743516286
1.4217977009735001
-0.4842498957187956
-3.4981374128010576
-5.211642631999341
-2.2735388162458667
4.082138086672714
7.386386358245351
3.9451087362996837
-1.7889671382547705
-3.936937872623822
-3.3190311559207055
-3.26429728451224
-2.233155859180724
2.062742570502711
5.880740045997771
4.396483248519311
-0.26097839809713336
-2.4074377199673402
-1.4444362039406113
-1.4246626372445224
-3.270056555138953
-2.8292764993818933
1.979988050206613
6.349310025648162
4.465546835286806
-2.0341865718603525
-5.823756265125746
-3.3446124981978125
1.6768387008427237
3.9149769504407606
1.953997488196503
-1.588880153487029
-2.85946850640901
-0.45697482114606813
2.6982855294178676
2.6790180039760583
-0.6542833867444346
-3.9300212372471215
-4.071010892312223
-0.4828737522095835
4.557477925522919
6.693937403311562
3.0285448672449853
-3.991192687125898
-7.966482280205904
-4.852798635267043
2.6357031192689973
7.22355781876838
4.290828469148573
-2.720904995293054
-5.7326741514448205
-1.5708075513690913
4.375090657350281
5.021269804391861
-0.33468568602820087
-5.8294189667206515
-5.517260096632943
0.39197155372421943
5.642892937481102
4.886124980551727
-0.14688614547307866
-3.244830852283754
-1.8328022696102497
0.6034893810866417
0.5368374799432033
-1.0316745815267891
-1.6488216823382487
-1.0358930015566927
0.5875573542088688
3.4891001712434493
5.332763435352477
1.9553720362498477
-5.688372011280484
-9.657389380392033
-3.967219183297494
6.764702750377958
11.322027289505796
4.639764723939431
-6.256636323106413
-10.260763620119015
-4.128167009043875
4.940660870579623
7.60782066832472
2.2650788356680422
-4.0232554935842595
-4.4221025001638115
0.08142375833581794
3.468179938841061
2.497783128736626
-0.8548084481861944
-3.15791999363078
-2.8078169043965606
-0.030797103011907252
3.379612966084478
4.1217336682168515
0.4707778735375114
-4.195941727658563
-4.415620893848348
0.27451975934533324
4.561646236313246
3.999605547707784
-0.5223532099632573
-4.756046797376989
-4.824537791446306
0.05785573816604008
5.913992947293606
6.614893161837478
0.6575123277472857
-6.316869564697961
-7.5559775557121585
-2.321221845534624
3.969966241456386
5.797994516901108
3.066666378943697
0.10949860658729582
-0.5347857288027508
-0.8392302337366723
-2.6866853079154565
-4.169530718745139
-2.8482312583511504
0.6772734140352255
4.227267416102967
5.744493974176503
3.470227118353053
-1.8005871517736887
-5.604699397055743
-4.263176908099333
0.6952452396968921
4.113213496519196
2.1724407447192187
-3.711015067651262
-7.012306545887054
-2.123286928357635
8.219017263599639
13.579648679053102
6.56442867838987
-7.57737876009495
-15.302817611866073
-9.846596869426751
1.4809997210919676
7.371951528997303
5.972756700187608
3.6461723232446297
3.320199868333612
1.457983679859894
-3.309837788216755
-6.442766813538302
-4.792027145828499
-1.1493513419370667
1.037994291990099
2.3709928790521015
4.502668833399333
5.611843867122245
1.9925593422953247
-5.265684807487428
-8.40863888677624
-2.4055785655813673
6.074925649884051
6.168452444866343
-1.7773054578004728
-6.445580888379251
-1.710809337829683
5.355889359791603
5.286273751918952
-1.1156824120981064
-5.4076813675685065
-3.3844533904563336
1.0803473450994445
3.11004082183867
2.275928620003713
0.3386823803607649
-1.5352367709874473
-2.087757838886496
-0.4389191016010295
1.773604519929956
1.6495391787158573
-0.923855334808244
-2.655237438905546
-1.1108912793879626
1.9851770535822577
2.9957719123436917
0.9219743132882574
-1.7692906650370772
-2.4631741811515115
-1.1268563523968955
0.6727157951324286
2.0110571186156596
2.2656220368379003
0.31749079164802646
-2.9829125141554305
-3.7050140651011416
0.01878193518127437
4.030408719385239
3.28608071011008
-1.0647262975815084
-3.4505606922457406
-1.4222559105540697
1.8691256965262415
2.413782798575067
-0.0035337035889610414
-2.3175191649808298
-1.9754605844757236
0.36051363690111854
1.9940006290909578
1.7475690008690197
0.6900294593556586
-0.636308310631924
-2.4515950561702486
-2.9706274832222817
-0.0693479847127926
3.755683877618712
3.5522188261825156
-0.3749432265554073
-2.6018440877990083
-0.9905566984469181
0.6618603564767283
-0.5899891045001399
-2.432496458584182
-1.5499431682108762
1.5650800583591018
4.117326899267329
4.261850080918224
1.3580144985881444
-3.763144846725866
-7.37298076726949
-5.032192155713781
2.5886737772300643
8.3872596275418
6.229199266406681
-1.586798215525289
-7.288190509859809
-6.24682143084607
0.43184456620509754
7.953719741389584
9.124377456943197
0.07922848798225429
-11.559663231533465
-12.237095136902427
-0.09309891804654022
11.129881855356805
9.866836573631147
0.7353939995581645
-4.209464163320406
-1.9583091076641055
0.303505182693636
-2.386314600298933
-5.924304189114281
-3.891618316574891
3.1115176901564667
8.169950126833035
6.64038784196966
0.6356260874460959
-4.846870431329849
-6.672674207578643
-4.086322855553037
1.2182581634350276
4.5337782864473875
2.588364638325773
-0.6405066761258061
0.9629348616059282
4.512684058253974
1.2871149367753545
-7.870664037195907
-11.100800865244395
-2.525540895934037
8.999227839937696
12.025113296973062
5.607264759232335
-3.3271478761104425
-8.804195136640887
-8.220957692771503
-1.9931421598307657
5.146661293169804
6.947736895639629
2.632309914735997
-2.3554033890489396
-3.5097112578251948
-1.3972577074046992
1.311353282353671
2.666405978687641
1.2643967100375537
-2.551451114269028
-4.981923742172935
-2.1459296856694854
4.1155726956325855
7.130561437715178
3.193707925508465
-3.891162281491403
-7.148236910954673
-3.8118962271335755
2.433643912374098
5.628668557672652
3.382180928262441
-1.1015838021929838
-2.958164435968976
-1.4539118635669621
-0.25485879498548436
-1.4342530444048107
-1.8152440732862447
2.115298207037307
7.0157296998714465
5.096079388489353
-4.288035412702356
-10.68142337228088
-5.6269971246788
4.829810486016566
8.375306113273165
3.3832702432486714
-1.4729054047001948
-1.8038098893495114
-1.478271890994784
-2.7891613610894406
-2.586126919075236
0.5131726807237064
2.992330202943933
2.3462558540510474
0.48634749833395347
-0.10372084355477523
0.2909162835642261
0.017853117258869573
-1.5362172324595749
-3.2236225114717754
-2.7669387653534407
0.913536650843253
5.081610782712022
4.94594145177589
-0.2543157796494782
-5.099257877914104
-4.297752664164313
0.6302900300082654
3.758646829487943
2.4819038346022064
-0.5149390922976251
-2.2322298922317803
-2.288611739276308
-0.844050037535122
1.9566681692190726
3.5818454253218817
0.9441138921153602
-3.6496639029447446
-3.638786679936543
2.0159686869929896
5.796016176135595
1.9698974048830875
-5.1890479576100725
-7.256058790880447
-1.8075711595069657
5.897436771512978
8.694402129155291
3.8282377379866808
-4.589913228822799
-8.989702323529713
-5.3545039095088605
2.7144929551286485
7.313547117182662
4.239402989676535
-2.43039370452056
-4.945051531469993
-1.0210170734143935
3.7954020061889904
3.5420927209192437
-1.0530713152593454
-4.560161645646764
-3.6886246965432345
0.16077320198388326
3.7134121965578686
4.621300319271
2.0429261080264256
-2.6997527344140506
-5.475544743474819
-2.5963763535464994
3.434829824501633
5.125170658867691
-0.11507990869649547
-5.395994023861081
-3.3932553888266854
3.7872229609320733
7.528719192332961
3.1685733078454534
-5.138345688790369
-9.306692177113288
-5.478684189494617
3.070374529290111
9.445534445404931
8.217925338416997
-0.3245680337296009
-8.727730300688178
-8.368820058944625
0.4844737536013968
7.810740955148296
5.571906515958523
-2.6438991735059747
-6.680662015393831
-2.4396117245011655
4.3568658891876755
6.410142664783254
2.3503262215340484
-4.442586292732749
-9.101406288958371
-6.5366845356722845
3.771322735555512
13.00122744782552
10.474451948897313
-2.404799648911434
-12.359636316609022
-10.004931103839393
0.020831338843557975
6.57908634124798
5.34489108984669
1.199802252836535
-0.2955634252155917
0.6327867181233966
0.34498167423359927
-2.408631492719258
-4.7282200890463475
-3.2363056852112866
1.5287200723317143
5.356323885267691
4.826951752388131
0.6156546220362034
-3.613934551344444
-4.6622114485392805
-2.041946367443479
1.865562813957454
3.5116581438507843
1.7382344719753633
-0.5680344667697679
-0.7439850392398041
-0.44300400618313684
-1.6499749435619944
-1.9838477301188855
0.5315549089175323
2.2124825613479513
-0.022245868799458134
-1.6626956404633728
2.1978541674867746
6.542591298506797
2.3744576686822785
-8.281034328361919
-12.272528814560767
-2.7052233244948853
10.576196604873552
13.02051192898886
3.1432255019998947
-7.709978911748264
-9.950933727201551
-4.079510574924745
3.361442911992772
6.6170692067259385
4.035919776705717
-1.2558900927377719
-3.704705265416688
-1.2611035031709394
1.692261391779782
0.43393098783817263
-3.034070739616948
-3.0813800605919757
1.3944673526390747
5.716020536328123
5.10149007796489
-0.41110976937308413
-5.876424096949908
-6.110394677990244
-1.2761626503989676
3.267899963758573
3.720287878937097
2.098181458423638
1.583328084647532
0.9136693490033719
-2.2740910474614253
-5.376327931348918
-3.8275115784309763
1.3300840569091377
4.433659698595786
3.2609825897069666
1.136389230156337
0.47706623781476537
-0.9257384206770577
-4.345626419938177
-5.093962013576878
0.7229813344258623
7.028773250069738
4.5911227205762355
-3.753938558397743
-5.956691451027816
0.4544531160770556
4.915086271557035
1.5326057130085358
-2.540255518862748
-1.1204450840402778
0.753066710879955
-2.096631621945116
-4.324215696562616
0.19069765810878078
6.6038994622907765
6.611247800499579
0.8570279055010247
-4.012061374716315
-4.960340670794574
-3.4224341420906876
-1.2098877727817143
0.5247513101097275
1.3887207377461535
2.397410514452861
4.061054805054358
4.2124159264640175
0.5828087962754838
-5.048702059990935
-7.651640744939114
-4.018150275912
3.269163046729344
7.19633861995471
3.6034534953178072
-2.8755766105134786
-3.9138667595567407
1.1117712791702727
4.092519651517128
0.07164689308484669
-5.553956748961107
-4.944811577851972
1.5452017696599687
6.6466972217518725
5.3872717124182845
-0.4615072486258959
-5.490350606515097
-5.586996577405643
-1.0113369392018257
3.727748948261797
4.21505658360912
0.9638845564546041
-1.7302092289702673
-1.478796462992
0.15569021701831362
0.8603001662533443
0.020814261712659807
-1.629174049620342
-2.4058501820507834
-0.6648032988252384
2.518734672597867
3.6675549881733462
1.8952543623020066
0.03464454042333838
-1.1002052839826264
-3.7357526579970424
-6.121741867158671
-2.5821907815931775
5.779270639993411
9.220420590748494
3.0579677926879025
-4.907493413492402
-5.881014432815084
-1.5787149113784404
1.1200659354057907
0.5082497128452726
-0.1338659989620114
1.5415353500479347
4.314795838415219
4.059187771344451
-2.0864554862110785
-9.701230901423632
-9.214571346998122
1.89326411804491
12.942939913603901
11.427505196531673
-1.1465809230911086
-10.634601491678136
-8.243112115765584
-0.27885052748193107
3.488114805384235
2.996655990436129
2.854381366715224
2.1998182290391295
-1.4738276039610596
-4.435598038661904
-1.7774246086919534
3.310963262566743
3.3672496500581275
-1.8032006981340452
-4.5504142976155295
-0.9589543776867825
3.556953011539526
2.9543062018643056
-0.8654699509912851
-2.2613624310817126
-0.3406979538233085
1.309453133351263
1.0468532488271918
0.5786583658370327
0.12957959701289887
-2.36567846598875
-5.308711989023474
-3.083308992847786
4.520604339114088
9.15088042235467
5.035684155380981
-2.676969894157037
-5.855932257529059
-4.2997889041853705
-2.8187629099418015
-2.0095666916852917
0.9469145343077926
5.215364416980155
6.730302480782129
4.015452020240742
-0.9984755279117048
-5.931449096640779
-8.238978299329151
-4.946410694842067
3.424961233014462
9.663715318733713
6.373854687027253
-3.3156985201148856
-7.9994214253333205
-2.9878213064950288
4.043287874415175
4.920303296421943
0.8796478130786868
-2.67135831026361
-3.9376779240590536
-3.129444333273063
0.5536621936725887
5.504719191804494
6.2219935334699334
0.32121952762208605
-6.390863033712106
-6.547041772483591
-0.4690481695706839
5.0919040156618225
5.177015774255943
0.5833899500520325
-3.983335000752277
-3.9221347676077087
0.5634240921904179
3.771803749755462
1.5664499984298002
-2.5576608278895856
-2.5635065582018886
1.2567897538683521
3.39956607576688
1.3495498229171394
-2.099572305298506
-3.5572199265699016
-2.1171084445501513
1.2818312489314532
4.304539608191321
3.8953126809509433
-0.5228168014648652
-4.905451637724948
-4.412556000893595
0.4501378793045617
4.111844872960237
2.8737648767604784
-0.9070724283032304
-2.448430107956474
-0.45592518930278353
1.8733092138379321
1.276266955910549
-1.3965949573300689
-2.637825617863504
-1.1473005508979928
1.136001573770872
2.4505467581350384
2.622271549314665
1.2947167135824404
-1.8313946189742192
-4.6951163366808535
-3.889286637114755
0.9778740816951217
5.676291784265349
5.299360445182474
-0.3588063541368076
-5.884217478484999
-5.457629548585601
0.6349842367469891
5.832027649839257
4.679609616073485
-0.9924898191373994
-4.777233483103623
-3.1945353331317
0.9961738558841455
2.362264670692824
-0.4289182863956497
-1.9891338098785978
2.3955057649615523
7.479281256209856
3.481763453288172
-8.0529857487891
-13.363270897258268
-4.9898405876291125
7.988187318091603
12.7302934699759
7.559055286835565
-0.6364472301062005
-6.820444657192525
-9.54618665111662
-6.998461560685779
1.1483299884974347
8.879751511404656
8.10537550006756
-0.35963466856821014
-6.045085787197197
-2.370706340094103
4.089137739857163
3.0470595845169126
-4.455222381506212
-7.819140097467946
-2.2058180094972726
6.051438612467517
9.059255186064023
4.973050683089615
-3.1510159151133252
-9.414487562776092
-7.637202974424675
1.7374519888471718
8.913318146634197
5.354943112965341
-4.049020373183959
-6.682442501306981
0.3255877611401019
6.693756618110182
4.133058813100334
-3.335436650031456
-6.77422012906745
-3.5419793436611853
2.150142637038415
5.413553710997684
4.163232301777595
-0.4148684125365521
-4.217307884386426
-3.6005384470792015
0.28219757416024893
3.00073745832777
2.3317975429410147
-0.37922160495546664
-2.769506572042872
-2.8091835992669405
0.3694898902402248
4.461921976415291
4.727486519944911
-0.48630611700416143
-6.283912839147428
-6.139029415016758
0.2970056939278457
6.487557077470249
6.041116179638852
-0.5189297227528049
-6.1724017456395295
-4.805408784731743
2.032669255994965
6.7295329070598715
3.9727084531638486
-3.452877652838538
-7.654174916565499
-4.062452620977941
3.6477136179262097
7.396129463748271
3.429857816739074
-3.4388593527909586
-5.335443804800828
-0.6978737966095246
3.929299990833241
2.3392295172802764
-3.231118932929859
-5.030134000193926
-0.16151628953339872
5.571770549297291
5.444385712925835
0.04383301622509003
-4.573248219202562
-4.44486598414786
-0.9340265896165498
2.247494932070753
2.894566080435536
1.1956962066582282
-1.308108659611327
-2.6413759283520135
-1.4335311089547935
1.7477150195024034
4.245245563770066
3.131953078571315
-1.8325760056717686
-6.599298509185637
-5.852267569194089
0.8808931351904752
7.579109481154075
7.742812410547084
1.136417771140074
-6.2917597201616156
-8.250401717418342
-3.4108529717974427
3.9407864176524163
7.656834955881806
4.791555379767113
-1.8624028988426489
-6.07603516105317
-4.1193119787648085
1.0856282076503585
3.2460722290264843
0.6592068730262313
-1.8319768803415564
0.047531321620343174
4.147951268643106
4.6716434616945754
-1.0685906503861606
-8.763353917506866
-9.909157065242601
-1.1245180126374055
9.995982386039639
12.615161013950226
5.215265076035794
-4.088230108534944
-8.195241776754168
-7.05346906455647
-3.902314291069669
-0.48175332832288764
2.810498235496062
5.1892685353450565
5.686494721117053
4.091567936267423
1.1599509373920107
-2.3250068298739306
-6.504010627679015
-10.023047357254786
-7.519612800767213
3.7532769673668698
14.97723308913806
13.415095850529587
0.18199499564596902
-10.113842913747344
-8.91668661278373
-2.6370621265853447
-0.035468765586295366
-0.4471640452125257
1.243860589939146
4.975839416902053
6.22064454215739
2.9245816362908936
-2.3529700052533795
-5.845459911187619
-5.596939682079329
-1.9236878803367656
2.886080418662721
5.243176847259406
2.804538524994706
-2.25861273655911
-4.118421392710462
0.056910058427115884
5.056790988453184
3.142943446024916
-4.667228782362074
-7.998447984058249
-0.8811135061046333
8.799414406310644
8.73490620843763
-1.818429891008475
-10.93851774815347
-8.427485462352037
2.8495777620813083
10.917377406214392
7.790667111893243
-2.4720373758567185
-8.801539734788124
-5.8384740014495495
0.945250658805841
4.288838864801027
4.0859241972687705
2.8447345602592193
-0.8379490259399024
-6.383561592365104
-6.07971168703294
3.4187105469461545
10.887247204848288
4.513933804830138
-8.758102040556022
-11.466775465349887
-0.5640563144755071
9.40132149483337
7.820281724711105
-0.021393385859948304
-4.816829821099551
-5.376235612055529
-3.9032630226640976
0.6879044839795383
7.127203419274545
7.608595139752918
-1.2798597871192778
-9.537641508667534
-6.029857260647105
4.560143781348232
7.776471799775501
0.15024002253307434
-6.557325871240353
-2.8310627484975797
5.61396964420276
6.697847744743665
-1.396797322534178
-8.384727813698753
-5.452162073927582
3.907592238179434
8.296190345442936
2.4061428885094176
-6.224872716382148
-6.837112137607508
0.7844871150295466
7.092347303007489
5.790766429777111
0.024968802889185064
-4.481398952222965
-6.167961841272138
-5.203194583464276
-0.215562317413242
7.393078826956595
10.215706090114065
3.0748736601573072
-7.648145453546423
-10.2861076522062
-2.8094939428839822
5.256096054030274
5.819665465493651
1.0167204972263961
-1.999137825021494
-0.4981346567925071
1.7702388299417564
0.48786380093577225
-3.293977434859072
-4.513326551544583
-0.8032093528843774
4.309278201855671
5.5092869547091725
1.7132444114814147
-3.1435958658131824
-4.962568406430991
-3.0580547259198
1.2565864012770989
5.785709403453773
6.389067669629829
0.23209552602695635
-8.265893937967217
-10.073577411535215
-2.1554423510070935
8.227836688219172
11.145638488857236
4.034633417605083
-6.029518198650458
-9.225721854871649
-2.8885114781974117
5.393344873660978
6.315834809027517
-0.139553967921169
-5.560623365016567
-4.317925432781201
0.6614488856749026
3.5787565443661484
2.825884616206732
0.9441616491312322
0.13848690931502458
-0.11116147965683551
-1.2046247033936435
-2.7634789271414215
-2.8761560988495827
-0.5616994018574512
2.6684570632778186
3.970714947617671
2.1552455704168554
-0.9467020577732576
-2.675300987992953
-2.2824311237901505
-0.8321334961360592
0.5806674052105335
1.5816802582067329
1.9338062778182215
1.0547589134104904
-1.1576153952879424
-2.9117666222347554
-1.570248886132326
2.1914223973279165
3.4267673722150116
-0.3382514802447776
-3.932843534863792
-1.5418551886280931
3.673369706609131
3.809045428867389
-1.6865901562097372
-5.217122700852208
-2.122764603732887
3.3022204894556517
4.418554434578843
0.9160507684674026
-2.273598858447757
-2.5493028308078554
-1.5721693110097037
-0.5193984769077841
1.1880120520742732
2.6350304191249987
2.0933981635664365
0.3512606359073012
-0.8419814140921477
-1.708131117914883
-2.5440053493830654
-2.045330540507313
-0.023673412638216866
1.7352179006324844
2.693597870322025
3.6604722824424374
3.18761552681809
-1.1682914809935174
-7.086288501715156
-8.084094346579866
-1.6220152158398842
6.872121817246785
9.427039965767063
3.737103858368139
-4.191941448201302
-6.335330454521719
-2.0391534758928627
1.8014081850303374
0.804634041323666
-1.5351977592615809
-0.5954350665280778
2.35431926922106
3.1394128448501846
0.937626966845477
-1.8363488891897937
-3.216075694001954
-2.416658329899874
0.5089235699329616
3.417328007776951
3.2318450563664287
0.06587366586658766
-2.5205454050285803
-2.3257887474317736
-0.8160872949466066
0.09430814557034342
0.8228343717924979
2.1306839882686437
2.369625094545398
-0.4788796221834412
-4.247704101848288
-3.595546863601389
2.2620983883093224
6.19915189026998
2.1445366914179096
-5.016377322211535
-5.118472233548747
2.3313034326690496
6.588811456431348
1.0441068731917682
-7.095121950627403
-6.9740284626135445
1.4773019610485734
8.767491139651769
7.9185540256094535
0.40877069840858354
-7.28100396607993
-9.075135647227135
-3.383213861527519
4.8707149386892805
7.7868577491766
2.9354906712016864
-3.2808744774815755
-3.675979404914695
0.6821775605612584
3.169259196305826
0.6173345789892861
-3.990430037836301
-5.499319418239892
-1.2746582468093952
5.80011395503179
8.698296897605108
3.311912304436961
-5.789473060753851
-9.395110661011024
-4.028969479304075
4.20241165459339
7.022346171871821
2.9056086731299398
-2.592000345210268
-3.8662705631316694
-1.0224875703743572
1.8173829124941645
2.2263279565613368
0.8065801059902251
-1.5484821270151876
-3.5631907640583598
-2.4150929292148633
2.414277251964157
5.701727496191011
2.3807052656936505
-4.05338562280028
-5.040851101677384
0.8197739235578014
5.263254527979526
2.0149722523353217
-4.569789397450214
-5.872461687772493
-0.2604047869569691
5.815009589205096
6.225401898950354
1.3281648965743722
-4.05798886022383
-6.014567937223663
-3.6727703937671317
1.5186519733482708
5.827473438222715
4.653423657638599
-1.7890381750841937
-6.145687522929876
-2.4970078870212205
4.684698518533668
5.84197900279514
-0.7247577480704722
-6.656996420252795
-4.589745428174747
2.629628079340225
6.0212704855696355
2.062252361850926
-3.358646840136768
-3.3742558124338786
1.17336801437015
4.0325433163214655
1.7655572431713698
-3.069769008082586
-5.451752275959393
-3.0086043786623784
1.9433668780994782
5.264633818541906
5.134045469968746
2.2524384923066534
-2.092869172159565
-5.717291621676072
-5.4687383679841055
-0.7891321939747503
3.926567422457343
3.865321013581327
0.22774102168701638
-1.3157073885715793
1.1485460949685435
2.9794355290542227
6.978148559799507e-05
-5.031475959567831
-5.750074031814225
-0.47500300515433497
5.451581024485254
5.915263720524384
1.0912565289830345
-3.2691066061638994
-3.3026433693740094
-1.031195956209512
0.2520559413397861
0.735562502470157
1.4062139692433178
0.8003215554670708
-1.4511968133290645
-1.700714495117473
1.98815586283582
4.45675179353545
0.2907250880395341
-6.075314705590356
-5.247688692625324
2.412872130229921
6.224720347103925
1.2438187676617711
-4.3759164439472436
-2.248314778055479
3.976712019240102
5.202471991535594
0.1161212017494216
-4.80969835500005
-5.177133397770266
-2.358804029901904
0.8335706907163025
3.141946378593907
4.222152813806195
3.865773769422591
1.5195159426930114
-3.052505773837493
-6.9073295763749885
-4.746145994782081
3.123266320093558
7.533621860843119
1.8132586421096106
-6.762320866841656
-5.4109892104724375
5.118776651983726
9.829261842915857
0.9950947328940881
-9.460467892558595
-7.151596286972317
3.4297699619873296
6.925309310189184
0.8522306257557162
-3.442859744842489
-1.004422264101952
1.1364899639253587
-0.744835193088692
-0.8544061957126481
3.1689905917652506
3.812335768956893
-2.913138496038605
-7.943748289393281
-2.4231540208832842
7.069925675243989
7.386634269514773
-1.5378399258616535
-7.013735029713384
-2.5339767065949284
4.225358688199925
4.33188102515447
-0.999896308808614
-5.135871552062108
-3.9842847350168915
2.2716449136621173
8.133772479222518
5.4853654936272624
-5.423223069065452
-12.211285844336123
-5.167091970744749
8.560120406340356
13.136639891521673
4.046639165053322
-7.528146384442722
-10.153664252882272
-4.295521673232783
2.714833021416704
6.296546530722607
5.6148493630925715
1.0157506872509174
-4.657614285357112
-5.868210173987476
-0.6382600486639551
5.137011562862345
4.487545573220847
-1.3208371010862576
-4.959784956582526
-3.014423765526176
0.7815522160649584
2.07480309102264
1.6146462256289937
2.4419869700755643
3.72286370677075
1.1411209323533051
-5.776815532707175
-9.979378528875706
-4.545839071591517
6.70022234086445
11.88100102612678
5.8654989515138265
-3.609704471187405
-7.103694492346368
-4.625527106685924
-1.8644527653454352
-0.5006395563701554
2.036961085610945
5.47554451300938
5.544544478923751
0.6122645999587917
-5.031599856896604
-6.112642716218426
-2.146436994836401
2.649843180862524
4.054880257581354
1.733216920671545
-1.4612879570934185
-2.6726677781812853
-0.7033555536534938
3.023230324081817
4.122816379911533
-0.28095694180835956
-6.005803472003616
-5.675042613687559
1.1569574660139985
6.690747234066105
4.844855044811526
-1.3896796391758408
-4.621569014821464
-2.504543053586227
0.9194090812859
2.087751601756893
1.4581423332273291
0.21211996057156035
-1.5151669048969167
-2.4303536206020024
-0.6878000015976086
2.479900989525119
3.247721024358326
0.04202615285142633
-3.978624686122764
-3.91106657995475
1.1751066842616302
5.96095831997184
4.565909564057815
-1.7458287015122447
-5.971844817733079
-4.24328139716636
0.5669114599581122
3.8057292292482217
3.5459706112955183
0.3837938893491727
-3.024045511026549
-2.756912688937207
1.4930283235688362
3.912987164517654
0.21720513318843648
-4.768670122287056
-3.380728856415337
3.270815914934183
6.386084026822067
1.6640701465362864
-5.068449248450963
-5.898208173624468
-0.5681515648649773
4.561691868820601
4.729303080388937
0.7141431226236493
-3.7564305084541068
-5.103724096729733
-1.5853131052580827
4.391216173922289
6.60190705319872
1.7626982737864678
-4.914816905027296
-5.523257567429521
-0.2203276836071345
3.194819166549376
0.9214071807579776
-1.8803820253161556
-0.2579345124164703
2.740931794558494
2.037735336149806
-0.9918740992063682
-1.7263198257340535
-0.24520131570136128
-0.08837864371197601
-1.3980319023026941
-1.0717867397718788
1.3325820052040838
2.6656829652513183
0.9552979270025758
-1.8503521832161716
-2.292446914244389
0.14454374328497818
1.9774558530425712
0.5034191457380603
-1.8268414920888354
-0.8071892143550388
2.7423177010815047
3.392310233387071
-1.0226550869652151
-5.4229901433529895
-3.8125301445805517
2.56084819464015
6.270734766162256
2.612029959833126
-4.34496474166401
-6.169430185230993
-0.6248780963529085
5.370363193873526
5.0832883786101775
0.17103155781566506
-3.354593328676681
-3.3364050291199225
-1.8259907251522207
-0.1803328614512315
1.7709219709207207
3.0292770405631284
2.011056548252806
-0.5620783279095862
-2.3085068379411338
-2.151751399080092
-0.6573828241894644
1.336879513980371
2.5567555896564746
1.3779370039753909
-1.6325979915499573
-2.8857134950677765
-0.26004491365500937
2.8380811097654712
1.1792810969402312
-4.177996020695731
-4.919677351904918
3.490430688651427
12.106779800274273
7.742640387189575
-7.813235332071868
-17.47401594468153
-10.283180476943762
5.466667419327208
13.968110953074053
10.03706111080141
1.1696262294158533
-4.200637526881444
-4.782565983464218
-3.658410036185612
-2.7133738804166883
-1.6729059187205306
-0.06807214646520397
1.8357752866513446
3.5409538731017314
4.447427877416195
3.2962821659960446
-0.8044533158312912
-5.668997573648484
-6.51470890597608
-1.5005793461920798
4.772492157912076
5.908585438806585
1.0844781800393197
-4.275762894166825
-4.601267077567759
0.409350325380365
5.552424223762702
4.758740979506605
-2.120225150689058
-7.452634234563611
-4.304600899555086
3.857471463107982
7.079244694773459
2.2009612862774284
-3.795953879564971
-4.295218578999156
-0.8358899894181088
1.6031742049554696
1.7938820483584943
1.2342689854820283
0.04219179056393197
-1.711839745218457
-1.6183310748581878
1.42886701414143
3.5575853840172993
0.7171913333626676
-4.373589275724349
-4.98824341150213
0.2114811622699459
5.127159277648488
4.399630524911635
-0.19056226440000265
-3.049831524481693
-1.8282777288244534
0.6841575561867468
0.7367659653221352
-1.6480181039702022
-2.8666836463401797
-0.5515008457303027
3.414955213880369
5.355727168210168
3.319746889264961
-2.00747527167826
-7.06242295184942
-6.805704367278288
-0.257584174424881
6.6946308393068925
7.789755227053463
3.2036389597262342
-3.0432700112933495
-7.837357142907447
-8.042965108241598
-1.1750100385692757
8.518341304752642
10.933816796180368
2.5440632036860467
-7.33456056505484
-8.113862993546142
-1.1453719643362736
4.007840670966339
2.683505709190606
-1.1231665231297283
-2.035010107528623
0.5628246926333836
3.1523450845220986
2.2006729221429366
-1.6887000827777288
-3.673517592422013
-1.0622320782013637
2.014339310625877
0.677393501665464
-2.4842462314311113
-1.226713990804598
3.9476845776961937
5.741396349481331
0.8380837922788285
-5.273088784447534
-6.340509219406207
-2.81758965464296
1.5001228741863217
4.842880088204745
6.123397040632193
3.344819691498157
-2.8209872734175954
-7.316088277827162
-5.759862635754986
0.4380103759576064
5.737446503265602
6.087010343094163
1.9521575672282951
-3.045632023426935
-5.272100364174371
-3.4763339713672736
0.5966768898045901
3.6188659400270056
3.2842619889060596
0.26714155953389457
-2.068837272084314
-0.9222868521810836
1.9024778711783774
1.3182174444911066
-3.319091512056553
-5.442000574913167
-0.5137143225490443
6.14630554141235
6.358513134984186
0.2960899660550273
-4.822314081672593
-4.501484260344756
-0.6818822475393523
2.356419737076976
2.1326236913441425
-0.5714429005875548
-2.2642880741718217
-0.4079850214889621
2.908221817336351
3.3727793952782044
0.19936629722737512
-3.2463689771759787
-3.8289454602364317
-1.3635257737581072
2.026218131934162
3.608086066992466
2.084686524258534
-1.1260717893658019
-3.224878618644794
-2.5040404881134513
0.6572307585345856
3.8444226985776515
3.6510483395999813
-0.8564298591425565
-5.445560151707904
-4.445265595638559
1.860277267133196
6.4018550199646205
3.763604183842953
-2.920235402947184
-6.027090290679969
-2.601538060707315
3.1167807866633774
5.229712332487329
2.18208809749598
-2.6737867573182057
-4.9766770188434295
-2.6628001660162677
3.023680260878133
7.1967897295836005
4.152002496407771
-5.245620394925756
-11.207428941432232
-5.583973781817409
6.446480111655643
11.46548721644084
4.892171088756325
-3.810986060764654
-5.142270395641376
-1.449186177241791
-0.2939584500380174
-2.394809890940524
-2.588198856833318
0.9812165261378145
4.7241021677003605
5.110235326197532
1.9697364975730158
-2.5870584696477823
-5.381706823317316
-3.804046245488982
0.9216657427315006
3.7953953921059127
1.9539993953559978
-1.4648431625850233
-1.9404707406842843
0.35581566500904555
2.0978204893791315
1.91875194552351
0.579942520600959
-1.6133370056181608
-3.885071314836005
-3.544137840197135
0.69735008638462
5.3375607023529525
5.369951616722956
0.3392552946707566
-4.945132148982925
-5.4246745849992415
-0.7972398218870238
4.171628608921234
4.353442580412035
-0.36533886974019464
-4.517991224249355
-2.778837515145387
3.1951641304992413
5.707034947751818
0.7660351112375351
-5.98120695718547
-6.289667313211396
0.36409897315641804
6.878007856148521
6.933029048596994
0.6139719679458615
-6.52451036605679
-7.90373818072087
-1.680899172803593
6.14775370973837
7.178884666276322
0.49347859498312663
-5.965373038467937
-4.974144603817575
1.6466619192309113
5.821382721068366
3.32938109010667
-1.5996610353846614
-3.3126117948053126
-2.4093385449214613
-2.223767170058741
-1.7956177632593486
1.5360876890773807
5.422935468189722
4.880424263633324
0.16597780527370112
-3.36794912822151
-3.062560153463072
-1.6913864400651208
-1.8316102938254861
-1.7317232230126611
1.178620881874668
5.073732260532018
5.104988912935525
0.23105916837401316
-4.242031729797597
-3.331858101644218
0.6223143423800634
1.3912184477658789
-2.005881007969699
-4.056404917544221
-0.8023188452958911
4.814570024993236
7.127227338594007
4.3062033782007045
-1.5329817087847166
-7.6044401588624675
-10.136475154278559
-4.848938704046747
6.6295434132976965
14.369184761691102
9.764304621164662
-4.256807975183055
-15.414084365742921
-13.628772700797589
-0.33356824004739716
13.069218304373772
15.885019989479135
6.846673179534352
-6.208441645510796
-13.186938228921381
-9.956309224352074
-1.567853613802702
3.982815256023118
4.629745351537996
4.339289723710038
5.576717419132146
5.3919266591841675
0.009899544776602515
-8.511302746737117
-12.455231899399463
-6.545667417721429
5.0398272782824405
12.034751505318798
8.843630120923784
-0.03117053771634164
-5.961373991821192
-5.4644527745775235
-1.9563803638206947
0.12505282099769768
0.19943519564853093
0.2867780985793351
1.2248049225888513
1.9727190429405699
1.8970127665914898
1.5084820564177417
0.5066489720183819
-2.2438848352234193
-5.250392922703127
-4.1364697180849666
2.097822467347379
7.3906616470882325
5.174845024715264
-2.9098027553976706
-8.298622701728286
-5.031480769295674
3.858577464924685
9.341841171939913
5.647325867150226
-3.35267553232058
-8.3873884946011
-5.432571718665768
0.6746737394737844
3.6696091425233544
3.154070413872304
2.4075686934198135
2.075412999281567
0.05112740480022038
-3.383691143524434
-4.73458648068124
-2.3069044279008697
1.3466688527280555
3.018298634829293
2.5200767972351583
1.6626645920492302
1.0822478394577713
-0.32316843078819135
-2.9900583890868044
-4.941965310535363
-3.2484889391095177
2.252617603486148
7.040992649569823
5.868342821356523
-0.5706911461280831
-5.722951349441182
-5.253675914718193
-1.668525740597648
0.8398980835956289
1.9887134452568331
3.069066253873715
3.20364964407339
1.3687892566751225
-1.2257363220587312
-3.0853631917743005
-3.6749122566127275
-2.2641359643585917
1.1975025246308781
4.388117639587061
4.186654047685307
-0.10426387762018806
-5.072996947397711
-5.041952187168178
1.5152693100127406
7.534658208431329
4.481844903947682
-5.176615586190515
-9.016340240039588
-1.266117841549586
8.070847103649198
6.690016345860665
-2.80316245311143
-7.653256637463215
-3.207070494353792
3.308686075892472
5.179801399158363
2.9926023770795376
-0.19312353587668585
-2.775392536362149
-3.6792842619308863
-2.484001376735189
-0.3826798659032231
1.3061740499559764
2.4249278647249115
2.85220424733083
2.0415061752251757
0.26929683603684795
-1.3716666107028284
-2.4158833007566636
-3.1045765979067763
-3.020017452674546
-0.8876732498027026
3.416383412801919
6.881413731089776
5.080883651317376
-2.2519810732578915
-8.478795394276805
-6.366070371848648
2.3623579456002983
7.649952845583945
3.4709265789300523
-3.990912120100543
-4.685901925986214
1.2704489331335391
4.4000933765851356
0.5529276720295436
-3.36860230230157
-1.4156273902141996
1.9964982530015278
0.6847988965668753
-2.387719590395797
-0.9605460270344885
2.8354715230566625
2.1455042195032563
-2.015980099495303
-2.0208700836567055
2.8141820987121924
4.026280239973238
-2.2171962558261007
-7.891675403457133
-4.458988770847812
4.699457233999129
9.001855281659054
4.338449938618933
-3.4368265147307624
-6.883324387133379
-4.153815291257774
1.414132651934746
5.027141185374354
3.6854108305837774
-1.4084497539919427
-5.07592560863023
-3.0033462167731835
2.7808106113845845
5.507938562590514
1.999405227367471
-3.2666246974078623
-4.295513887498363
-0.9347275298120236
2.3086209140111933
2.35067601008883
0.02144832421702031
-1.9026189172717243
-1.4107522565013437
1.0632965043269533
2.837102244579399
1.6355522376042768
-1.6394561613794298
-3.6967390983446076
-2.508751854456805
0.8596898522837166
3.7649872594810088
3.8705348544614107
0.34731777843116235
-4.4622258152432215
-5.424216661555068
-0.03430512186920367
6.560244534660199
5.98764854721912
-2.408202571007688
-8.836898549044419
-4.462235356400383
6.543578978415907
10.538592334656597
1.0947485076898777
-11.40181115310622
-11.337366472399315
2.171941177964772
13.447599191031825
10.083920645832164
-2.176753139194593
-9.06874348898517
-6.5284206611675
-1.8896940617787226
0.2377248170630223
2.6102071982947304
5.791972563880184
5.101250304600094
-0.13383418939465686
-3.7413984746901394
-2.477272578661608
-0.8070833448448888
-2.4753513669307194
-3.888969660311314
-0.2993155529254059
5.864196807333063
7.635803135845229
2.640449855445983
-4.173967921741915
-6.63257486775349
-3.6276155253686353
1.0902258862405845
3.479865602255
2.4287890478098517
-0.29826651963075573
-1.8783268471071757
-0.7907153025384656
1.650203274915208
2.5002713626657087
0.4245413721880668
-2.6409710930049446
-3.4473174367908945
-0.9658976796273618
2.3412763660969915
3.110721950197782
0.8101279755510769
-1.7473984549696282
-1.7591078316890483
0.41785227629436
1.9606913075807644
0.9622560508863517
