,C3,C4,Cz,F3,F4,F7,F8,Fp1,Fp2,Fz,O1,O2,P3,P4,Pz,T3,T4,T5,T6
C3,1.0,0.062260737018919994,0.6706872507261713,0.8862928187854286,0.5027737798559142,0.2841894689914406,0.5902593117703689,0.8106923599509446,0.8245912937141883,0.886830182884394,0.8940861601565314,0.6659134482050623,0.04808270105646373,0.5279487213977822,0.9144787412668289,0.6917307386885567,0.915707309548267,0.08719616102082295,0.7763428914398297
C4,0.062260737018919994,1.0,0.1383731940928475,0.04422843597297076,0.028799545607605212,0.02998696876826182,0.054907190816683604,0.04333595590759671,0.05573404358258645,0.07852063970747587,0.12026591822938859,0.07964772286756398,0.12510424466248998,0.05205225925561479,0.07397189764317696,0.2079174265057674,0.1288659365205113,0.0817277753705838,0.12630614496699
Cz,0.6706872507261713,0.1383731940928475,1.0,0.6110776023100359,0.17093554667373514,0.19048300078831043,0.22156816306255744,0.4309485992478841,0.4442218317858753,0.4574865718827826,0.695607234254684,0.32689085994671724,0.07425520042904564,0.21816234063126724,0.5170272688134698,0.5978880763095433,0.6827121881176391,0.06877164481487422,0.39729068981689925
F3,0.8862928187854286,0.04422843597297076,0.6110776023100359,1.0,0.3714242719625263,0.42026152412456447,0.6439182355057287,0.893834600180624,0.8682782120922395,0.7603325038282975,0.9251441922246597,0.5299718189334456,0.06244638680856401,0.6677718765214831,0.9138003236962189,0.6710499687906999,0.9118105670074567,0.10894850734398372,0.7028572483988204
F4,0.5027737798559142,0.028799545607605212,0.17093554667373514,0.3714242719625263,1.0,0.020523408114801266,0.6265310120297413,0.536922540920131,0.5784930422539564,0.7241886111905509,0.347109112841757,0.7461886147659385,0.033075485412367975,0.2542338004211225,0.5499302947775545,0.4121368663285034,0.4288662569752393,0.36074765635957146,0.6606091327025639
F7,0.2841894689914406,0.02998696876826182,0.19048300078831043,0.42026152412456447,0.020523408114801266,1.0,0.1522073205057094,0.2996329873933468,0.2447229282072675,0.15608919895114332,0.3667085672466928,0.04703326919143015,0.11804615719888821,0.4675726170978976,0.284150122116569,0.07886303508792918,0.2808771911897218,0.09426551278314131,0.12339067562420415
F8,0.5902593117703689,0.054907190816683604,0.22156816306255744,0.6439182355057287,0.6265310120297413,0.1522073205057094,1.0,0.854345349353632,0.8620478741655445,0.761252283650578,0.6242714849724109,0.6196063474520696,0.1668864177698848,0.5746639670649087,0.7993054563027203,0.5640435514711443,0.6600958238467165,0.4945641465759999,0.7559197210192408
Fp1,0.8106923599509446,0.04333595590759671,0.4309485992478841,0.893834600180624,0.536922540920131,0.2996329873933468,0.854345349353632,1.0,0.972220058906768,0.8507078035039293,0.8477880501852887,0.6520811212616278,0.08505173973534133,0.6736273625092603,0.9486080579379658,0.6912830071011946,0.8726331915275025,0.23022493543701278,0.8097466656234302
Fp2,0.8245912937141883,0.05573404358258645,0.4442218317858753,0.8682782120922395,0.5784930422539564,0.2447229282072675,0.8620478741655445,0.972220058906768,1.0,0.8812540428414125,0.8451607769999184,0.6946213350955592,0.0741534293100365,0.6288355185343836,0.9534101745129206,0.7193044472243679,0.8810233321367392,0.23954740527057827,0.8399495162472194
Fz,0.886830182884394,0.07852063970747587,0.4574865718827826,0.7603325038282975,0.7241886111905509,0.15608919895114332,0.761252283650578,0.8507078035039293,0.8812540428414125,1.0,0.780852850566694,0.8660656359549133,0.02347380632830825,0.45323402258781037,0.9279056094504076,0.7192966238691644,0.8579787062796576,0.20831697845196345,0.9283147921080864
O1,0.8940861601565314,0.12026591822938859,0.695607234254684,0.9251441922246597,0.347109112841757,0.3667085672466928,0.6242714849724109,0.8477880501852887,0.8451607769999184,0.780852850566694,1.0,0.5504321610535812,0.06812337544427616,0.5159610193685971,0.9031534446854508,0.7252071641100698,0.9584573304798969,0.11909524230315616,0.7490699850882856
O2,0.6659134482050623,0.07964772286756398,0.32689085994671724,0.5299718189334456,0.7461886147659385,0.04703326919143015,0.6196063474520696,0.6520811212616278,0.6946213350955592,0.8660656359549133,0.5504321610535812,1.0,0.0203155176666161,0.2337207374689668,0.7293596117850369,0.6832669578194132,0.6790231855496779,0.21199563486997416,0.8941597387850753
P3,0.04808270105646373,0.12510424466248998,0.07425520042904564,0.06244638680856401,0.033075485412367975,0.11804615719888821,0.1668864177698848,0.08505173973534133,0.0741534293100365,0.02347380632830825,0.06812337544427616,0.0203155176666161,1.0,0.056659506271358684,0.05343025989762608,0.053769818310770726,0.05559865190821425,0.39651990109065594,0.04846099181376247
P4,0.5279487213977822,0.05205225925561479,0.21816234063126724,0.6677718765214831,0.2542338004211225,0.4675726170978976,0.5746639670649087,0.6736273625092603,0.6288355185343836,0.45323402258781037,0.5159610193685971,0.2337207374689668,0.056659506271358684,1.0,0.6090715171308109,0.2580185575248805,0.46986195114027857,0.13267181976445447,0.36200861554760116
Pz,0.9144787412668289,0.07397189764317696,0.5170272688134698,0.9138003236962189,0.5499302947775545,0.284150122116569,0.7993054563027203,0.9486080579379658,0.9534101745129206,0.9279056094504076,0.9031534446854508,0.7293596117850369,0.05343025989762608,0.6090715171308109,1.0,0.7336653052263689,0.9349202229580571,0.20124830277557115,0.8875221827717297
T3,0.6917307386885567,0.2079174265057674,0.5978880763095433,0.6710499687906999,0.4121368663285034,0.07886303508792918,0.5640435514711443,0.6912830071011946,0.7193044472243679,0.7192966238691644,0.7252071641100698,0.6832669578194132,0.053769818310770726,0.2580185575248805,0.7336653052263689,1.0,0.8196870877046766,0.11918761000584813,0.7490368175556104
T4,0.915707309548267,0.1288659365205113,0.6827121881176391,0.9118105670074567,0.4288662569752393,0.2808771911897218,0.6600958238467165,0.8726331915275025,0.8810233321367392,0.8579787062796576,0.9584573304798969,0.6790231855496779,0.05559865190821425,0.46986195114027857,0.9349202229580571,0.8196870877046766,1.0,0.12152336804339883,0.8310930356735309
T5,0.08719616102082295,0.0817277753705838,0.06877164481487422,0.10894850734398372,0.36074765635957146,0.09426551278314131,0.4945641465759999,0.23022493543701278,0.23954740527057827,0.20831697845196345,0.11909524230315616,0.21199563486997416,0.39651990109065594,0.13267181976445447,0.20124830277557115,0.11918761000584813,0.12152336804339883,1.0,0.2868859288420599
T6,0.7763428914398297,0.12630614496699,0.39729068981689925,0.7028572483988204,0.6606091327025639,0.12339067562420415,0.7559197210192408,0.8097466656234302,0.8399495162472194,0.9283147921080864,0.7490699850882856,0.8941597387850753,0.04846099181376247,0.36200861554760116,0.8875221827717297,0.7490368175556104,0.8310930356735309,0.2868859288420599,1.0
