Beta
-0.005223387025771
-0.03120916980951575
-0.04741017419995684
0.07211686018219016
0.28081120516890573
0.12046564681711215
-0.5398135709027514
-0.7432103982893842
0.28754124882381676
1.4239756239042074
0.8179545051403198
-1.2383244031521605
-2.101422779069837
-0.1486401500281836
2.394450715863895
1.8793132033070086
-1.3657280217473544
-2.9909783530080194
-0.8649919085269602
2.0150762652318988
2.2870949638054605
0.8183147792311404
0.27899748805261076
0.12610870518207679
-2.341445300113152
-5.689634671115729
-3.8105387867444067
4.774446017593557
11.048395491076562
5.664059287231028
-6.613503143085709
-11.171585355518607
-3.1710782155041093
6.0821645147512085
5.365417507637473
-1.8437657275277648
-4.142281058000443
1.1769658145372843
5.358027896739225
2.0786006553274636
-3.579224624150348
-4.1319086932580955
-0.6058374860393956
1.435312443289121
0.9542587113547708
0.5429324272523338
0.6258614997685692
-0.07041640399040344
-0.7258975170555803
0.20122682637595524
1.1721516726472463
-0.36026214483669966
-2.755375741523639
-1.8147603261828535
2.247852897324054
4.317555370178599
1.800478379890595
-2.1614278631985018
-4.005301377985381
-3.3643602776711994
-0.5589283003125591
3.8489685405996417
6.133534757032975
2.3072804100889717
-4.616282299889549
-6.501542240417609
-1.2401792837915735
4.150174651953443
3.91840072383856
0.5191512954734587
-1.5401528965898317
-1.9737003307828611
-1.7965245037560469
-0.327895625520863
1.8891978720956006
1.9867099969387458
-0.774399115530386
-2.6956152766689923
-0.27326435149744116
4.362499483968566
5.056111406013705
-0.8052452541539257
-7.884554926573064
-8.022443330427334
0.09716857185366935
8.371112849669979
8.077029776214244
0.33517345697355494
-5.318063856917697
-3.5005017018886826
0.6201037045564223
0.6486535017577076
-1.348052528043396
-0.5442646183253625
1.333201360440749
0.5206294429965493
-0.4460807223105801
2.015753001465134
3.9141804261762756
-0.10577673907821752
-6.0979568963486175
-5.853175105440733
0.4714014960117253
5.318421484108834
4.942702890621686
1.9342095607949763
-1.4516268819510056
-4.67461716329687
-4.863012842943033
0.31156618171184103
5.818163000530536
3.899080070688995
-3.4616199855660454
-5.457842137928276
1.443287473255055
6.914219696050354
1.8111129726016104
-7.261416103714489
-7.008421219270211
2.8443947364540674
9.136769518515889
4.3609995381987146
-3.992699081911707
-6.090680017014753
-2.5932288582805305
0.45018829202172606
1.787963829848761
3.1254851818130605
2.97854093667082
-0.25023677458035143
-3.0817684003776353
-1.6295800800441844
1.477307779390781
0.9488135600558668
-2.6207071138077205
-3.5913243998802855
0.4723940206072088
5.358206271915897
5.122538305125467
-0.6090220760267421
-5.191181136786197
-3.105803567664348
1.8453350026359967
1.8941274116451474
-2.3765912356053316
-2.86424137073747
2.5573694628977783
5.962030345084149
1.6929565029365932
-4.7546363114974755
-5.1195149379385345
0.017189279800626938
3.7562517881428534
2.9299941934602085
0.07060212303171329
-1.8107281498794623
-1.841999069465455
-0.5694990750859203
0.5639839327041053
0.5198655067524964
0.2207770136352611
0.7853926858970434
0.8971665420268172
-0.9169058681890856
-2.4533285881058546
-0.47557734395876533
3.323592481681648
3.5744009348959667
-1.0881484706758073
-5.434185190092801
-3.9207837299823787
2.4034081782998937
6.441307297778894
3.031389683698579
-4.034503908377026
-5.953947898735736
-0.6524669114879109
4.232872528161599
2.560697706771245
-1.5884787200016182
-0.9889026489042867
3.199219215583386
3.315813227021817
-2.742038246375981
-7.688946721093816
-4.816221398591785
2.8063727905214115
6.74934906236511
4.331323054715439
0.5270383401070087
-0.7092296856667712
-1.383667458697077
-3.6621153919470357
-4.503209367313699
-0.7894828444247527
3.9195283241885046
3.8758355666960433
0.19760709869822876
-1.1791294162400061
0.6349947180653062
0.7248103524059966
-2.396731182831983
-3.7631997272276783
-0.2266640234345228
4.006676696950437
3.5550434112841716
-0.45075587025455693
-2.583240604459933
-0.8123583573413321
1.2601367882917314
-0.11724251891671786
-3.2146897622974455
-3.0111377060684874
1.4077547412926383
5.113883501178545
3.89248193862317
-0.47278189587733366
-2.990660511509459
-1.8513470311055773
0.0822684559823548
0.04214470071527452
-1.1517818677054608
-1.484188485813426
-0.656823353992327
0.8725224783202874
2.863246826843325
3.885243256557635
1.8187065358583396
-2.4845575664537995
-4.761685047278598
-2.6756508823381324
1.0386938355449593
2.607595787931818
1.408820851065323
-0.9583229538364012
-2.297679811782563
-0.42495883472240753
3.8331304906226014
5.118627343680765
-0.10489539662947123
-6.812918494604861
-6.810914596148848
-0.07822814537178428
5.5780438841577835
5.591739531922177
2.4754393970412187
-0.8953547128766453
-4.169355134423255
-5.476448984834929
-2.136371694519581
3.5002087662809274
5.276422671111214
1.566258665128942
-2.3898705887971805
-1.915799778217586
0.8516318141840269
0.8801708054661
-1.6854831759429665
-2.1221949759694625
0.5744133668438844
2.0388436717667773
0.22245389657300288
-1.2466799682707659
0.6019872951363725
3.106889897247931
2.0880388276416566
-1.8936704935297095
-4.500523912855641
-3.49603852683656
-0.4768834911895119
2.4760745090550804
4.330148103768125
3.7190314471292623
0.020120790916576908
-3.970741359756183
-4.159438625944855
-0.3673763223780029
3.3280942967675107
3.2883349777940025
-0.2606787725105224
-3.712664286380703
-3.5420836976069374
0.0913768272256831
3.7284154970549133
4.284542557857088
1.3464517555913624
-2.800409885284262
-4.56721226023158
-2.27139342472212
1.787619525810262
3.79835727859651
2.398826069712585
-0.6207179894807671
-2.4935302700320032
-1.8145913513147294
0.30604415288754355
1.1730300445806985
-0.49710878598476443
-2.4551678107226365
-1.0544587412196667
3.6928863856493512
6.437185849071383
2.4171451920621903
-5.150772824113865
-7.799468185096895
-2.9246169887397397
2.9845459049809984
3.875037777344195
1.3814257376872197
0.24665691746320986
1.1484628155492878
1.207106121482112
-0.7120636245735998
-2.4018050072026083
-1.9454489032568645
-0.37370578267439575
0.3472906253422453
-0.00039197009750628273
-0.3574414788338615
0.05758879839798724
1.36015203136455
2.7832344550350805
2.7165021641022924
0.3086181559092822
-2.976453858682319
-4.544440576446529
-3.4114594141608845
-0.7003082839014417
2.334042670347445
4.844418966544353
5.1141238165404035
1.7039847774374433
-3.6003172420856693
-6.468028478540554
-4.245633108786905
1.272392807867612
5.1613743693552125
4.031261297120897
-0.33095969585036983
-3.209963838671309
-2.377571864223517
0.4772102341933658
2.6634009474463
2.509381292755808
-0.5658711956791508
-4.685415369914016
-4.841387677384376
1.2804436625734497
7.231368477036803
4.870002699562098
-2.9491589098256807
-5.725332120431209
-0.9539156438536855
3.204967841718414
1.3121784155852905
-2.3080512808721423
-1.9279027745171222
1.173923754004161
2.0851927025299926
0.018188953563765493
-1.1575741282715728
0.6340058078531224
2.112579148321905
-0.12628333508759312
-3.318341381136445
-2.2892718400300565
1.8953779891579485
3.1872497965660234
0.13450791099620515
-2.18042181048019
-0.5707676987356529
1.715310167992661
0.8360681008633614
-1.8545756198854324
-2.4873564803280757
-0.18525123038522626
2.470218377748767
2.952182137194981
1.2069123611242112
-0.9934042921205759
-2.253613196524867
-2.4734397987786174
-1.6874757654540482
0.37803814303603434
2.672175102084129
2.7937171288493805
0.37583333916287337
-1.616256455472876
-1.061112436581085
0.28469279834587324
0.17387283885994892
-0.5883545694374245
-0.4291495520037401
0.13752957012697167
0.23217356386160362
0.2788537959517976
0.28733913295368907
-0.4574543567660485
-1.0597780302383126
0.20860280736424336
2.3237305924646683
2.2135066679497344
-0.5722224308872839
-2.932968466872012
-2.470935066504867
-0.43037500019727365
0.5865675841965594
0.5133279784911456
1.4871174749577867
3.5025327819711007
3.1014484985920814
-1.4804545392754531
-6.103182259530019
-5.222231590093638
0.3970000691628026
4.493689463966705
3.7804766231329023
1.237183770439104
0.1553926737481233
-0.45533564810935234
-2.370964283571437
-3.8279362310263054
-1.8903162103029203
2.4556483589996896
4.56177224259264
1.944136677141955
-2.182472407794025
-2.9302146913496734
-0.14939232706693029
1.7982586458277776
0.5042975713260168
-1.5022464568082508
-1.3261238669120368
0.1487818832467027
0.8628786691874041
1.1608283291717578
1.937119067226226
1.747700107710607
-1.0279711484990375
-4.325386654476839
-3.789461807937819
1.2244626993439547
5.314794041694234
3.180994757262301
-2.8132870290301453
-4.836714254488227
-0.09138103256732028
5.059119512024095
4.015944324453357
-1.3079580855163502
-4.821429323298724
-5.027101421367471
-3.857927704051952
-0.706025958780727
5.340238376451843
9.808776910142594
6.966623102248124
-1.0832902782991163
-6.253112746455704
-5.270627734112665
-2.426929839953759
-1.7163002368622386
-2.0433253402933946
-0.6552683611884078
2.695841708583393
5.442319691981634
4.615035717442018
0.385716285053854
-3.041617242904009
-2.323944282990686
0.12442673272143467
-0.35989464200360977
-3.0924135150432823
-2.7806225975342396
1.7795449559873862
5.083446814356606
2.939340626010267
-1.552546147338936
-3.0723441672371776
-1.5713562071262925
-0.6232088372794604
-0.4112969300164747
2.041055661448975
5.451422526735164
3.901096673575506
-3.312431871963208
-8.210980891967832
-4.901702018833239
1.9620110206958299
4.260588188111047
1.6335586111690608
0.4051954437973538
3.010168124186606
4.079012725517234
-0.9086348047408639
-7.452893199731643
-7.249929748341374
0.27019326646680003
6.7529445695895145
5.65516449437499
-0.17673765310856296
-3.5686678046925047
-2.167420218476712
0.6158803045861785
1.5981573091746943
0.9638259302179805
-0.20510089230272344
-1.9484349937823453
-3.492780112870346
-2.1083463858276903
3.0682137384037964
7.479251234792295
5.170025051876066
-3.0648784996378304
-8.846014396279024
-5.839834120802149
2.086989897362928
5.82158343808544
2.6431912678009466
-1.5421339538037204
-1.4186172717595014
1.289689740966678
2.232685415726531
0.5909229090455055
-1.9437726875209302
-4.018485169707494
-3.7983118661341404
0.22608886408956386
5.357463314962214
5.9344031607749335
0.5912978096884312
-4.9715974163041325
-4.703692497098441
0.3559908241607286
4.024760972095846
2.9536030373127553
-0.7188838290415109
-3.5347283146000605
-3.7902622437005857
-1.1884765595157065
3.1205927061294565
5.865968473108359
3.6774789779411465
-2.4272778940517985
-6.356197605362445
-3.7202790125531764
2.188505812075685
4.647423344061552
1.9046873653270127
-2.093049117074809
-3.360309699170808
-1.2765175490139948
2.0694235650573543
3.7061666641208872
1.886165836634493
-2.0133420203805077
-4.164480795321107
-2.2595792747983015
1.6515002610718068
3.625497217974777
2.18810014814954
-0.9024060186721392
-2.799219533617161
-1.8846641897128629
0.6909749679143473
2.137664897687619
1.2575220969600955
-0.6920541862134173
-1.8728087859016518
-1.235276094808867
0.6309714957037871
1.5393380786006947
0.5163367158390213
-0.332373535846721
0.7677771602025683
1.717630014422858
-0.36161920987617024
-3.7137428415166465
-3.499823577640655
0.9392948324305473
4.355644969381839
2.7397329335097544
-1.469589876452831
-3.1902822485997095
-0.5883601993295645
3.5966635782790255
4.089228852432982
-1.7690297374073436
-8.387592631297258
-6.3638582651819116
4.0508145804099644
10.957480679740794
6.4643368074463
-3.3447191419911735
-8.075142652052207
-5.212744001800593
0.551758474730539
3.9571781634637966
3.0570870939453116
0.2739397722823387
-0.5442889331023468
0.3934445476932459
-0.5694573652027154
-3.3067964578072875
-2.6269183585854226
2.828493275011152
5.93734671719964
1.0086863995540565
-5.836086054289841
-4.298225894961962
4.109847722431364
7.174533615246413
-0.23433857046858497
-8.431187412588612
-6.496978312124084
2.93239084257066
8.078275768442744
3.8962358590489847
-2.7934263298312074
-3.736141073892715
0.46943297949224627
2.6592720233403595
-0.5782162942698599
-4.438339915954743
-3.2874417491150623
1.3744520428688762
4.4446778060728
4.468081866904648
2.3050181333780437
-2.1244656656485508
-6.418888553881592
-5.3754052578049105
0.8691933767169321
5.300393677753215
4.243047642430329
1.384001564244843
-0.35495608034013265
-2.329007555798529
-4.20158888566645
-2.8109288672344586
1.2852986962142463
3.0723613933953
1.099988425279388
0.06327681369182182
2.1884937875711663
2.6554880997701558
-1.5916426963473898
-5.399347361856006
-3.5722324126631895
1.0215356310196677
3.0268068565315027
2.298546544111694
1.1259765309851386
-0.48750798167105047
-2.0316161869024403
-0.8393943391265865
2.184167867847518
1.838606420562697
-2.28522195322265
-3.855649222845908
-0.31434541430173635
3.105658963802525
2.413360183198089
-0.014473433216454893
-1.0766947355656467
-1.0507398417470584
-0.7454480478706283
0.27168968744747113
1.3259304100911755
0.4693416369265728
-1.7492189430471203
-1.729213059572766
1.435445416696362
2.9995258689160025
-0.3445533981801718
-3.744539505496556
-1.0400143785019915
4.429249192450633
4.0238996860004255
-2.5680825491719785
-6.313431421042369
-2.0702260523868823
4.1939421695140195
4.2166098093525894
-1.034048050738736
-3.3241803132549994
0.5827035242402647
4.1509047254981715
0.9072354379229982
-5.403287088189757
-5.555049859241294
1.8688266652428212
7.655005066266137
4.140633553095001
-4.127221303663577
-6.319242109632089
-0.23415602618293563
4.884771295067384
2.055053964317677
-3.5583902049522576
-3.2377600507951283
2.180002156807117
4.549700794665567
0.9679069195007203
-3.0769986786694536
-3.0515956227642147
-1.151579049619626
-0.37168239184163265
1.0444632439863857
4.557487481464494
5.681716668439902
-0.034302828104585625
-7.938355163278326
-8.37473804368238
0.01890856374214732
7.623283989765835
6.420843750669381
-0.28601864036168123
-3.959611866317201
-2.2166212766222904
0.2938202917384322
0.17429920996366227
-0.5828795578880696
0.46762479728124673
1.5456452403251677
0.2093006117589158
-1.5042744396999013
-0.261755099565025
2.077726495355436
0.8052249665683804
-3.2179376937667468
-3.631763508132045
1.5255093411279659
5.822143062416612
3.396765556706114
-2.7287677040272773
-5.244855273151663
-2.3046847048780332
1.5642099289290228
2.633350993199342
1.6627928281763278
0.47994889759331105
-0.8135173395017252
-1.8134864334626306
-0.9277769111395844
1.2659072676388414
1.4841566941422593
-0.9685716508806368
-2.274055997728942
-0.14308567079305598
2.3152473111689114
1.6875888295706951
-0.6223330654840958
-1.345245424531454
-0.2905481898180938
0.432190045237281
-0.028625126352746815
-0.6938366632222515
-0.41071089203824207
1.010848306039277
2.0792237862027223
0.44494813698202973
-3.2864524991959554
-4.1729925492795985
0.6785784523087326
6.210925905354766
5.092481213997626
-1.9507445120959488
-6.731027852103882
-4.217696837990903
1.8014608581265061
4.461525498316739
2.1946815779702695
-0.8647797091876683
-1.5089028634710204
-0.7789172765787202
-0.1853073690367686
0.8198983884822986
1.8609620162647007
0.8064128660362646
-2.041962500978617
-3.2502698718010854
-1.3658574470580118
1.146368255217476
2.109922433113749
2.1731645349488438
2.1363907841667467
0.8686951261835564
-2.3119668472902855
-4.844486751426373
-3.116436721428008
2.073250389443604
5.140675932747088
2.8916059216165744
-1.1855809724762998
-2.5427282875457284
-1.492337336357956
-0.5823748523735073
-0.2641256796776146
0.15949614277708274
0.5633607942100638
0.6998957731900021
0.8493331535996481
1.0330534114926966
0.7010205719050178
-0.36351728239929787
-1.4124701439073704
-1.539124388575858
-0.7538068487925974
0.3016114346368391
1.0897365822548877
0.9848318177137222
-0.38526687722714476
-1.5636617364687617
-0.18912700252829368
2.762725880926376
2.8418082529894297
-1.1580454316990139
-4.2153314035627565
-2.1632813772165926
1.9831944950194587
2.5539973846606387
-0.5374294199593147
-2.109191935523489
0.3507781814075703
3.0181355504348493
1.603309954539308
-2.264124957285401
-3.523276835857211
-0.7531152909433048
2.5204128454902888
3.0174427495157556
1.0658549906698687
-1.475574739616276
-3.414426457810451
-3.407868886473595
-0.23768825974134172
4.378118414391501
5.8141347615043655
1.6508622941848268
-4.3913594694141995
-5.911858009509979
-1.3014310937835196
4.1929844612380025
4.491484921976559
-0.6678174409678866
-5.613158753165426
-4.648485432126016
1.7404365103610349
6.941865789282071
5.720139875087131
0.2521483131590789
-3.8125488709519457
-4.704999883529957
-3.9047044456871625
-1.5399393673399473
2.204590529523457
4.246821340543869
2.470836626348612
-0.2987332518659687
-0.4472065184179723
0.8214904569142502
-0.13452445711983577
-2.9222628521077842
-3.0890702183887044
0.7714922834403971
3.744961078689937
1.3827596049155413
-3.1226534893347777
-3.104583792486607
1.6814969032502989
4.677317937426875
2.17164383911368
-2.0381523602050238
-3.0796731560385844
-1.362826026218944
-0.13833411008119123
-0.1233983365046405
0.5604895761168441
2.405374035003508
2.9779403936801545
0.23484540128298084
-3.7476218638599397
-4.461728051051148
-0.8182074838568888
3.0278435911219495
3.213570701395778
1.1670241015469849
0.45736229149504604
0.7398398981818297
-1.1185317675647946
-4.561186608183094
-4.647627303579895
0.7537555323906178
6.545549694635498
5.883894547424619
-1.0262973965352298
-6.3061123352471204
-3.866587811679145
2.5235328413864706
4.143874442561016
-0.46810864768569754
-3.511027009080917
0.15079445468699088
4.683421020603326
2.0719081548702634
-4.728655289749659
-5.575561311613192
1.0052783547660276
5.39370338329734
2.0800207284956644
-2.3619153037981993
-0.8896662989410561
2.6826304103842205
0.7896678654885556
-4.773081439029794
-5.125056610074721
1.6633587795856926
6.825827028756708
3.6997594551250477
-2.39812616749944
-3.041290816869311
-0.01163506073282744
-0.41055343338550715
-2.9040187653090896
-0.9364531406105517
3.7707930853362677
3.7532019728855333
-0.883325785661831
-3.115745478771652
-0.78055911643505
1.4495056770263086
0.6401871504483312
-0.7958313992006315
-0.3903297738962044
0.6487621484542592
0.6215197795272326
0.07431718881437721
-0.5723806414477031
-1.816834542310273
-2.0462433210401514
0.9679836170711225
4.578594915452805
3.4620063601588744
-1.888341005905693
-5.0262223241474535
-2.625160290075743
1.7056043597824435
3.3215837313138135
1.676188187322794
-1.2176154176949348
-3.252042621463756
-2.153459009054627
2.458600555510369
5.718761094078
1.998669358337928
-5.4989865035135645
-6.683724513091305
0.9732500421552283
7.318958287389298
3.462942038056681
-5.199773633814844
-6.340348961125067
1.7935745525727256
7.755788806499411
3.215478573226505
-5.291227393326988
-6.289824817993145
0.3380756073841052
4.756760233160378
2.173702399301124
-1.9346149967597142
-1.9205413296656553
0.287649485182301
0.6532250454226234
0.11057421323506761
1.0786686971229338
1.6491617525269233
-0.7024159017830218
-3.2335111577265816
-1.8507188063839517
1.6961616410297993
2.271699372227533
-0.39596369805234854
-1.4365088007337554
0.9756746390209988
2.536299161115619
0.11175021652083954
-2.7073502752800285
-1.4440173247380854
1.5859138736317853
1.0296298181321473
-2.2650001873621974
-2.367160374168349
1.770943697250148
4.183134825879573
1.2236640960103249
-2.7324507241903424
-2.1776590065050105
1.096469089369004
1.386701762381331
-1.397074690385565
-1.9297308596226734
1.1153901890273403
2.72063181378668
0.18280084569566385
-2.2795047487868376
-0.8521788915997885
1.3788195190637218
0.15343690359409362
-2.014158986665806
-0.06383923510823408
3.9807757548456184
3.1223670674892627
-2.8807882510268255
-5.691576662388067
-1.1691985247638335
3.707987123854617
2.137806811088406
-1.7362636893389278
-0.8416659206393261
2.5486881204027942
1.5328745566777062
-2.6041210731390985
-2.219865123127309
2.8079736148959564
3.5268722072328273
-3.0324690176822457
-7.4839385482465435
-2.162569590877186
6.722132393353105
7.776720119915472
0.5730985821731609
-4.547585144393322
-2.415744791896248
0.38752243250980395
-1.5075109219861176
-3.4483142391727775
-0.8511767210304696
2.9538181559605605
4.303083364016039
4.044568464311212
1.9671965575928223
-3.225582698367259
-7.367931676169128
-4.474868821107757
2.6125364127450856
5.0300062284491585
1.4697207108949586
-0.9163735173255426
0.6673480196064561
1.1722637539958796
-1.6998746810367145
-2.969603789951969
0.4519123036791735
3.5385123663854716
0.7883298274429953
-4.5010217387071565
-4.133609012596817
2.9281663101676685
7.561637492689807
2.4131421278891962
-6.426838652687359
-6.495167928029119
2.466732794538067
6.89510255513973
0.09088905706396429
-6.655375255674669
-1.864666890891449
7.088360161756171
5.392104495889583
-4.915800154179908
-7.8974874946786615
0.47984401720577435
6.540292230350033
1.8451001134983627
-4.512120260258923
-2.9025149286277028
2.118801040258231
2.738060002833988
1.1709355515003974
1.9596884580882663
1.466787315451839
-3.9663655670109765
-7.966465091053737
-3.2570954748954204
5.562023928770725
8.193054663344178
3.113222080064789
-2.4786307009111135
-4.163112253717208
-3.911169895529751
-3.1929159721394162
0.033113327451660374
5.706430279614896
8.538540794100536
3.899241849174655
-5.318931834312072
-10.580734127186453
-6.809462980646134
1.9515806533333289
7.262997919402872
5.580106584173127
0.9111725699116081
-1.2611591027133662
-0.4106267262388083
-0.18447048135972527
-2.312022854478612
-3.941770522576874
-2.2564417296406982
1.1023186453287939
3.0614234504728155
3.623926048371054
3.4313038276039274
0.5770597164814681
-4.642938764189809
-6.22274314374337
-0.8612065948116476
4.699988317553514
3.05092673942263
-1.800237937225047
-1.1829659512497805
3.33200387372181
2.6419133080959973
-3.8612468474520982
-6.340712065224775
-0.4375699321431945
5.313192035103011
3.0652970732937046
-2.2190162081477327
-1.9703882249327003
1.8997660774747451
1.9424530219414922
-1.2724536121596637
-1.4921659141743686
0.9080354675263472
-0.03601025914249105
-3.8285650113654466
-2.8379474051112945
4.450608803784706
8.319052626889304
1.4765015935352146
-8.51176329884057
-8.574226056986861
1.6312680414593501
9.513593416754315
6.469888940411631
-2.5717969189194623
-7.464574620392267
-4.905526325626745
0.6767458043769696
4.33826896432703
4.334566588924189
1.0753041887998689
-2.8387400177981816
-3.3256387348072836
0.2650216620931439
3.0602646029016825
1.0942642606692594
-2.70558906804961
-2.830695207894661
0.5984255832220753
2.545788948638908
1.1463213300798198
-0.23376937830887443
0.3736134668826144
0.4587861237243297
-1.5210092984291201
-2.6936689666011335
-0.583128503371041
2.3156684740220004
2.1208184188984096
-0.3198315276626739
-0.870761035443374
0.9190113766409981
1.1881405959389149
-1.2388319327284765
-2.782462158200137
-1.519710245035669
-0.025802849220836553
0.19466332916984333
1.582969316068398
4.751980418348181
4.944587787898765
-0.9518824934830705
-7.7269146300327805
-7.694111821328882
-0.69132052698483
6.167044910755244
6.811753537891688
1.7026600594467778
-3.657543926017785
-4.546158539113327
-1.259453537031003
2.463065477062093
3.6012553675256824
1.658256979224686
-1.6435272758673578
-3.661084112641546
-3.018686214890418
-0.4804735341324564
2.3597071326157155
3.9229681594344474
2.7279944718803892
-0.8573377716612319
-3.3919661285267777
-2.0675873558607463
0.9424232270278349
1.5333583890201798
-0.15190788495049581
-0.8977082479521018
-0.12069932848537987
0.0805752803053842
-0.7573041311193844
-0.8202456638447243
0.8362652052932547
2.775243476063332
2.9179883264800472
0.7745833450831535
-2.249749693163726
-4.078609774481014
-3.414077594480321
-0.8998314979087312
1.283414120579542
2.0430425791881732
2.646620220310824
3.7853477572517034
3.2131834250783706
-0.8619697866888406
-5.574419697537723
-6.131550373375635
-2.186550472940668
1.9684908510730266
3.5262849604869784
3.5945871512494576
2.8904718510780114
0.03036285013935935
-3.642512666629884
-3.233758043026157
1.5843887949408628
3.4317832867729443
-1.8972948009781014
-6.916618577899576
-2.7049241254620346
6.595485586678547
8.96135385183822
1.9752200733219452
-4.753019784583007
-4.72022817077391
-2.307219875053096
-2.5005820292203182
-1.8329657269039503
3.7820535766582
8.663684113502653
4.3515357759685935
-5.775870057605533
-9.097286899025523
-1.476296202371791
6.8690282420505095
5.851292506980924
-1.7829438568016918
-6.173564106675894
-3.3159561130242254
2.028145315855638
3.7616136552274453
1.3950145201237347
-0.709470234464338
0.11591656737323712
1.2517285258495972
-0.6178288333325165
-3.5666298467217294
-2.7891662942761157
1.6946123951091034
4.103797423445712
1.2840347204622244
-2.253843743233849
-1.3357847322353846
1.725819490450619
1.3079115228788494
-2.0943317711285117
-2.796262773903366
0.8011547883364977
3.6803787108181503
1.8510821622330131
-2.1042380792582764
-3.3645938981743453
-1.3152459340109925
1.0475265330535841
1.7138719061823287
1.2231809354413226
0.8923134754863148
0.9233384860823522
0.29118693372912685
-1.4988836501062592
-3.0989022596617004
-2.485045350559663
0.7381158724371748
4.184434444498575
4.061734232414845
-0.7561593001840976
-5.854048326614696
-4.944476792109564
2.299189797110368
8.245488750984284
5.5537242423940425
-3.618796285880087
-9.500753659018809
-5.836880888939062
3.2949565469203788
8.482292277166755
5.261993062683391
-1.8755060679151125
-5.49474994359902
-3.3836513235025616
0.5949264077121823
2.2830318416980937
1.3598165180651434
-0.23035655206982653
-1.3014116806354183
-1.2676106397665252
0.661549785343565
3.3580429932557854
3.120602853210854
-1.4014050755488359
-5.725703919897445
-4.585148426130079
1.0687594085131444
5.255785293288907
4.305446287227672
0.4249131199234447
-2.071757591456195
-2.0361639928711153
-1.5909622618650494
-1.808007911071039
-0.9476313598657732
1.8572270552070946
3.9407208309024866
2.6192374406107444
-0.8005746348000011
-3.089556975871697
-3.1718486713041925
-1.8059807841034026
0.6265017729339835
3.4424632371875377
4.408221175614556
1.7017561650401354
-3.113375533332598
-5.515265534754532
-2.565129630114289
2.9228006000959645
4.78954479860885
1.0721135237738273
-3.403228704342741
-3.2988568431224135
0.7673707069392313
3.7767229550110173
2.8398126699914195
-0.3761795722537733
-3.262435658691559
-4.406523317028302
-2.151324852328322
3.5026560328360596
7.40051011053904
3.8483443456112867
-4.723871206274479
-9.101024212671467
-4.290879772345691
4.540442978610303
8.348287339521118
3.9846325109239684
-3.434468622037788
-6.335207092255462
-2.201818769917806
4.036693091613227
5.371270891474509
0.28919762498552454
-5.81124780942308
-6.330332246968895
-0.35728191268665505
5.97363747138602
6.08656367538384
0.682636995360137
-3.3404021280187552
-1.7740030771440882
1.5317173293891857
0.250956592668918
-4.5219057135228065
-4.895988119398419
1.5072192317145128
6.606199755978906
3.829158009919784
-1.7875643136298096
-1.9449355986102568
2.0978980988234954
2.4450276516573317
-2.933540215938082
-7.310064767430547
-4.4830408320918105
3.014670264779259
6.92975572726584
3.916791741166364
-0.4940447010878216
-0.8906640932738695
0.22478027189862998
-1.4191228303564634
-3.643187002914321
-2.557641030268485
-0.07246053080193621
0.7718749719422238
2.0251575953491336
4.667977004472165
3.7263719488755687
-2.327481621828759
-6.017033869294742
-2.4808006581723796
2.438265923390226
2.2411522293344115
-0.7566872205209275
-1.381403320316993
0.2804986243031443
1.3756960335499775
1.44632832303988
1.0964119057273802
-0.489639648440569
-3.1075359952252564
-3.594389337298379
0.07956763182219415
4.5664568678541215
4.651036477813169
0.2844103278878463
-3.6167303028576616
-3.9634197755275125
-1.967513795751582
0.5465373054413489
2.714060285605275
3.0964118475556064
0.9845377970882936
-1.2262044127233929
-0.8426451200421007
0.5994718121223621
-0.3313932549968778
-2.7384434952792107
-2.322430786668264
1.3457208058793253
3.4529274281799114
1.1412295970949744
-1.9894980485700025
-1.1218114927692742
2.4741269616989894
3.0039004766103545
-1.4503406290305518
-5.8221956773984065
-4.4556603937029
1.8362721172745766
6.6588750662950424
5.314846305106039
-0.12091690919859245
-3.906943081599266
-3.7663270868685994
-2.2532352450963424
-1.1081073687878533
1.1737259758629206
4.129078389742869
3.5253184243938938
-1.1185215002598679
-3.65654020666701
-0.8566949288664669
2.229419391669117
1.0442444101073807
-1.7134255047700349
-2.0263456654273573
-0.401849352137087
1.12160296351298
1.9816226211110552
1.496527041140801
-0.6569629061678932
-2.01730900621637
-0.3062701983840119
1.843722931565915
0.4541614765076777
-2.650304751729115
-2.284442585349393
1.3469464795970547
2.9228598669214136
0.9287506922522674
-0.5668369013499265
0.29015796683853673
0.4249636829728642
-1.710993247858764
-3.043200446511874
-1.098082203871183
2.0600195554660345
2.993581205289595
1.403275803702617
-0.34081107463547416
-0.9319808110563202
-1.2425169859945717
-1.6976106661912804
-0.9643867186932639
1.355188458121844
2.8208230751406145
1.3188993128016522
-1.4367044158582924
-2.3263910777861563
-1.2485142419776292
-0.1708558547749063
0.6098269855321647
1.9219593626411617
2.5788214158589597
0.563984113977182
-2.6166179351072003
-2.86198166873848
0.2288584530739752
2.4062361542335386
1.2560650995666482
-1.0392481838186183
-1.9292318540725728
-1.1193382605273507
0.5712860026811357
1.690062708175862
0.9161786095628145
-0.6231985344085569
-0.1258059472285125
2.1420654466983056
1.9670548337104043
-2.2077933095215205
-5.224453573447122
-2.371881563616541
2.717935644385922
3.5580633792184915
0.9256930416610942
0.02474215262892528
0.6706375460165444
-1.0228103463247784
-3.446070383731131
-1.3986974444795006
3.634041035592137
4.367360454033478
-0.6299726962920853
-4.682948206409209
-3.5200803140644146
-0.07820973490490413
2.348482246498945
3.719794485835099
3.0121893494711998
-1.1163086451721747
-4.653082071765542
-2.1266990890131434
3.4133463245809903
3.485464704345411
-2.356877223502195
-5.31230437233563
-0.8386993816073898
4.910598836938773
4.571701236878622
-0.9192801128230438
-5.017772329546443
-3.496617485994072
1.9585642339441454
5.425517056353945
2.56358732175957
-3.306502174590022
-4.165266700072469
1.202371186006354
4.102320803469818
-1.2112102678037882
-7.3781013335417205
-3.83945116954578
6.6978149796288315
10.69690038740526
2.6873256611018865
-7.170313571407211
-7.5286342102984
-0.4740027521155911
3.5569086498385394
0.8192530947692795
-2.2821054594315284
-0.1330049055687712
3.8890917729583556
3.4207196111675593
-1.0744586757708194
-3.7497299100056862
-2.2604984080112267
0.17086902906685153
0.7832282912662534
0.5741755192849651
0.957083241640483
1.1545245576233223
0.5155491222962422
0.06464170080037723
0.0271338316196766
-1.0338893846566992
-3.0180434113255306
-3.1332924948902505
0.22803965547824107
4.3710426502524085
5.081925809520247
1.8067807109075777
-1.934408878296641
-3.1772629308034253
-2.4489898505984424
-1.7391651707077351
-1.4381039175105943
-0.2491833481633403
2.4085000082291295
4.627414444778358
3.7216429386678205
0.00016578282083742207
-3.2852998811433927
-4.310345787858088
-3.5689180339170132
-0.6571678318050076
4.106829187335201
5.853845803979326
0.8505800958453811
-5.277028885733355
-3.984879342408496
2.8222123277243
5.236780065664728
0.4989791708998187
-3.8242416087469584
-2.590199666709877
0.2799578840827283
0.39282483731210366
-0.2752343290676181
1.0580714878334139
2.2580583310277422
0.6028246740689414
-1.6831902249582762
-0.9424074619236114
1.379624888279134
0.8036406271822636
-2.2823701937823127
-2.538171036346247
1.2978004893495334
3.4896053437497514
0.5438030134813229
-2.7910992924314693
-1.3851085388075477
2.0538407535163903
2.037600794316844
-0.9135110239817978
-1.9779421603269507
0.007507229964319944
1.2168341132863747
-0.4491562936507865
-1.6370761645922949
0.5270184256962783
2.612170242317979
0.39725617084560255
-2.9989266937454735
-1.519093902536507
3.2738325807054243
3.6282879260465233
-2.2053862052829487
-6.160989791408874
-1.6673390330464488
6.113450808283844
6.509279418552324
-1.8281146361759852
-8.24418084982579
-4.357893582576222
4.278317373436805
6.458923445028663
1.3524337723974598
-2.3871597683147496
-1.31475510825048
-0.399789877295767
-1.916422824924286
-2.050216569491188
0.4169382649648506
1.8717334038538023
1.4413156888921002
1.964896255278467
2.761260536193838
0.13701148413230194
-4.345685701949692
-4.78626789216499
-0.7296636012675756
2.1112928356950125
1.3175146022743247
0.5685159671300847
2.3067710035725186
3.5025070051424243
0.5398757843724836
-4.615549140117239
-5.69251311953426
-0.2848806487725814
5.436858685035346
3.9333359298017294
-2.881391147917781
-5.70939185751653
-0.9852673601307266
4.717577278363348
4.979084446942831
1.40787900406967
-1.6898089599720902
-3.8861627241669607
-5.3572538210422165
-3.042964028660128
3.6678487792635854
8.089201030700423
4.221409219248107
-3.587601794852155
-5.992520259400605
-1.5990905840108436
2.314986198930283
1.2123427780729135
-1.4664114886887083
-1.2888616743160486
1.2243151112022768
3.2287117668524394
3.0178915239236037
0.16303632279576669
-3.5963419964127312
-4.684809180276917
-2.369337391950693
0.09570478527337917
1.5602773665210516
4.225064811494659
6.415284884525541
2.7681601620578475
-5.171492348351464
-8.197841962647242
-2.917064042941999
3.146943209968346
3.3510480385147092
0.6947089560221378
0.6229065788925371
1.618704938642895
-0.6446291267529308
-3.7280752938333652
-1.6345637016389256
3.749593575708464
4.164794516980974
-1.618110197066295
-5.444767505908221
-2.3085412473123954
3.0214435528259016
4.013961719096584
0.7784668149262355
-2.003845791690126
-1.7592610077078812
-0.17432339536747965
0.25057289050780185
-0.18473108301428792
0.2784567022518331
1.1280735132303732
0.5909708693133126
-0.4128075153735638
0.1265571548339683
0.6791788217015836
-1.3401828937521758
-3.489614642130349
-1.172152030278354
3.8169115174409045
4.602666625888988
-0.12159510348541425
-3.634572617016467
-1.555136286184402
1.6492243991281512
0.42998725314165587
-2.6147290596435844
-1.158273535740129
3.7212479559516516
4.008127638251274
-2.529083359276038
-7.008515113101318
-1.7247116899307258
7.284615032408872
7.678732606308358
-1.4631907866323692
-8.291599840257684
-5.038272365730876
2.405367410212849
4.605102547294797
1.0773041319699965
-2.0830270518565066
-1.9648359199621257
-0.24895620300608898
2.1264452217570455
5.028089256547923
5.099380335434066
-1.1805270667530094
-9.71475215021257
-10.835472600722962
-1.5436351121580976
9.423776242502255
11.4837103191425
3.747631265056923
-5.376932066365317
-7.700807711073126
-2.7058244265173452
3.077307253329734
3.210782572266392
-1.3688521429448703
-3.4361854234670526
0.3430084356348324
4.232802771971504
2.651822743241585
-1.1650807196496473
-1.8380865579047891
-0.7546134910267096
-1.559275636299827
-2.4899004753499314
0.16692033613415105
4.426702149618126
4.331136510066128
-1.027110680907465
-5.104919949025445
-2.850869101788712
2.037620190268148
3.033714689175632
0.42101489606029935
-0.7981942156982919
0.14674772021390792
-0.12244666938822339
-1.7857184613818873
-1.5831879304523704
0.8124322229168884
2.136863038661525
0.9931302236306998
-0.4309073789268258
-0.21043720357959522
0.6669334069430899
0.2079210458555275
-1.4726431064680472
-2.130126222658637
-0.5638948159068985
1.335257464723664
1.174253963623277
-0.1717913790534916
0.029932634285517845
1.786982745144337
2.321652134272881
0.22233739437948707
-2.9223753388418636
-4.576889951485863
-3.258578614727472
0.7947921186528459
5.207433254981676
6.046342483298979
1.578048615637983
-3.9868715186784924
-4.448789323754064
-0.36099926809136496
1.371572477455961
-1.8165255823198903
-3.747801184351298
1.014634214897393
7.852778850692369
7.441436991491473
-1.1624685431420747
-8.782306449356485
-8.16929741293465
-1.602118807693525
4.75981104727573
7.276993302064191
4.495578955217117
-2.108664615167533
-6.1629730914734155
-2.6390567209199296
3.7791336145235674
4.017806862555071
-2.2207452616922634
-6.150890656623236
-2.5085679164646733
4.2160651494350665
6.604278506535611
2.6992515251077984
-3.093442311276524
-5.069455296431942
-1.8837544228011225
2.269206488801209
2.612358185163516
-0.6068970656765781
-2.9349436100953095
-1.5013863908995477
1.9834364786827927
3.8918199165103697
2.57364628483344
-0.7910716016525803
-3.7819348995405178
-4.237424303030086
-1.473702164258866
2.521917377407206
4.350528127078233
2.8836662478302144
-0.027716055297799837
-2.7008328087044102
-4.305223428488479
-2.9493075408493064
2.072577572386622
6.304126159911518
4.018518066161037
-3.075590125394215
-6.531781028495424
-2.5182705015702607
2.8623054884835564
2.933371472936165
-0.10090313425698735
-0.25150541632096396
2.093216964320588
1.8617621295852926
-1.4175783890269649
-3.1190470063964453
-1.6578117922710691
-0.5474671168265387
-1.266100188926787
-0.16977083590163128
4.221984163348162
6.232397040675459
1.1209675439759605
-5.8063345307674865
-5.815120029857129
0.10875090959825717
3.2143269041998495
0.6362443325449186
-1.5421471598417904
0.9030951271922174
3.901996529721558
1.9405404019818906
-3.1181804095321617
-4.376326896479738
-0.36907268063479126
2.2793236584871095
-0.38814439894890507
-2.4519781491679113
1.8501970471294746
6.805848945701055
3.360275827664686
-5.582471804025253
-8.504074674034186
-2.134696973490862
4.729718086960324
4.5409362822098
0.1813187307522859
-1.363775106230484
0.9934308881186321
2.5064772809455773
0.09290108484084572
-3.955149981037034
-5.157399537981204
-1.5721617484336694
3.849637605438586
5.30822580260107
1.1227790428599105
-2.6491872128952627
-0.5396933840109455
3.0256408501038217
0.5243146212788293
-5.344286474293292
-5.172373407545646
1.6244790654414225
5.4883541905839275
1.8812833759821568
-2.2468269677417023
-0.5469618949312255
2.7664399762697096
1.0331893637341851
-3.191098143752932
-2.749234106498929
1.6043486642845655
2.567339496885051
-1.2185626608584805
-3.3599821086555774
-0.6824189852451865
2.5805676623247904
2.742202849987214
1.2679964121891447
-0.1102792673737007
-2.068793487776162
-3.424242409539672
-0.7980615891457479
4.253269882531525
4.300742318544204
-2.857662149131399
-8.112139069084735
-2.829394038227805
7.564329145758055
9.828908192142183
0.9362045138410655
-8.338929137814846
-8.305912819678822
-1.2856068410264982
4.429095311358345
5.230116206461849
3.3211816503975538
1.0131551717870664
-1.7045058523219756
-4.194324179665595
-3.8981005892581564
-0.43319671538556964
2.3265821446015313
1.5546590643628233
-0.1560134699813975
0.6947944675027757
2.5162572281727007
1.5635100948009362
-1.25186844571269
-2.044166799475684
-1.03854226443062
-1.2948609110684115
-1.9184065364955878
-0.14986017067607374
2.158339125503301
1.855108993443528
0.7748112699174402
1.6573199929680198
2.0441921973193224
-1.226852304658515
-5.1060396157089345
-4.115716537679579
0.9082702690320275
3.772603946514325
2.301435643152501
0.670253011939218
1.3220120030828006
0.9950032219252374
-2.5282700265153535
-5.379120519962084
-3.1719390608849234
2.1182701074684567
4.915054707249286
3.5756030073019316
1.0309274695284874
-0.9035644895952851
-3.005441006593159
-4.45441445699984
-2.4569735747680674
2.3858691380306247
5.062247884506251
2.9812043500673457
-0.5364926115793835
-2.305923225000485
-3.336087040487409
-3.6151317643102447
-0.22489389670033713
5.272656933532649
6.026666671156559
0.4333571903786619
-4.841303314913739
-4.739819593775627
-1.0359146104300483
2.5801955719250533
3.8025624964017926
1.3932338361295675
-2.8369988971123092
-4.016551044732849
-0.3695524570292296
3.636291850460155
3.4806129430718142
0.43342796776103576
-1.6812667281038864
-1.9994208231925195
-1.7162654358823772
-0.8497132199174413
0.66328802195014
1.3101669864356138
0.47870425318256415
-0.07386512541625809
0.6011292960645385
1.0722255764932125
0.4822777999070913
-0.20715097376883665
-0.6108472555034906
-1.4484150165745548
-2.375630114442351
-1.8617696157706942
0.5932023501252608
3.575484315957888
4.732108357349476
2.443494216678416
-2.1733489635343783
-5.480658358075883
-4.960877010173589
-1.373964067134051
3.0889823122671456
6.050652845142716
4.807718523808975
-0.7878077198379729
-5.585150372087469
-4.166988168646376
1.1916813340633339
2.967048312887189
-0.4994580161700381
-2.690084290744687
0.3488716986343606
3.825501361079458
2.3851339050290608
-1.5215807005494795
-2.356462928786706
-0.2279251692299325
0.6753602888078619
-0.5607238654805424
-1.4876320590496537
-1.1853431851394631
-0.10604274714035702
2.117533518260041
4.307482267992973
2.867584415276915
-2.4876387064972043
-5.871862200609226
-2.809325749902913
2.3213234726869434
2.317322331715673
-1.3113099539386646
-0.7820827376564051
4.174851255729305
4.898622157674685
-1.4696127455630987
-6.314094727861133
-3.3635459243724357
1.5233708980506169
0.9348481347081434
-1.880944394542646
0.48480033635362724
6.158699676587937
6.067839601329622
-1.634499786640465
-7.625286337346395
-4.774633640200845
1.4765563904738168
2.048776410761935
-1.7099461147435846
-1.1956885511660718
4.759674322916362
7.3918675092607975
1.2732396518106264
-7.087260587009558
-7.789035613127906
-0.701532867052331
5.135576575493943
4.091800566265058
-0.05012802427764517
-1.777445189639619
-1.2579763614715909
-1.0330141746025125
-0.6773469048278049
1.319165635902349
3.529816003559836
2.6705198794846026
-1.855865462252119
-5.881569192259642
-4.479566351424351
1.5425492911293595
5.816348794478959
4.324493095923806
-0.07733114224714568
-2.5635611657416786
-2.3827914483162007
-1.7731231966078693
-1.3513514350283393
0.24208725001195128
2.674559444534122
3.187121901297397
0.6712189419596096
-2.113890700567017
-2.2219545182652314
-0.3950450040822517
0.7562322697973815
0.5891336545060543
0.17013045067325064
-0.06894717610665665
-0.22585823647305336
-0.18860964516748852
-0.27137483500002096
-0.5584203949848954
0.20042733342878688
2.303273478303465
2.937285191561619
-0.30814175703236
-4.8080525762837025
-5.110871978491912
-0.0009350071015805615
5.102563281258449
4.530650816123994
-0.2070399515929784
-2.546785263928492
-0.2625344875364682
1.7148618851574133
-0.5813307321732615
-4.002065195749824
-3.4404393857166586
0.7779235044361957
4.187712948284691
3.9850947770176885
0.9009090713717384
-2.330882081548134
-2.825984936460474
-0.02684277103266458
2.811658040540187
1.5958791294472143
-3.178115453673715
-5.7516942190454525
-1.9030956310118616
4.762172520898122
6.685815910143809
2.1816599167570296
-2.857862402793884
-3.4615056078792787
-1.1440976360806943
0.30965554084346714
0.24599046684208678
-0.10752207446652096
-0.7405796119633853
-1.337339557905103
0.28150753046630533
3.998437843107019
4.826905205183142
-0.36277813029827305
-6.35908924256391
-5.506837216922753
1.351888278079563
5.320535483794399
1.7307815926621504
-3.0785132571310436
-1.3229320628101362
4.052713717712992
3.835228533968195
-3.0025797368251244
-7.4885119142903225
-3.5933277345489225
3.9981243872187204
7.171257623079057
4.298542273952542
-0.5475594296660452
-4.464799693978037
-6.728633327085879
-5.259264924985679
1.416756444331568
8.707126278497107
8.798571212474414
0.8653887116752574
-6.576211849469958
-6.258398284026949
-1.10291369238421
1.0314393853755248
-1.4705637828757538
-2.8551035974632724
1.0519905400678653
7.350407491451379
9.651348064983816
4.330419522224646
-5.820212584906703
-12.50305068503035
-9.355036174313378
0.23806288895282637
6.720549232493061
6.070420043576564
2.856602482351681
1.6706667983065295
1.298015273006344
-1.1916218874580957
-4.6928687756911165
-5.1332509612880015
-1.2981975223400724
2.9470679383768488
3.3879357209180063
0.6414442309588345
-1.1291477447459908
0.3344154850863011
2.675868778003331
1.8109924377124214
-2.5984989313736406
-5.6420579458087845
-3.0173425389390407
2.6755539557091064
5.023542649275011
2.478090075289273
-0.8008353841082307
-2.105374484871106
-2.193954592507552
-0.8700747293754297
2.4634370497776037
4.28273620424779
0.24884309486242812
-6.514392920034327
-7.164193622270255
0.8312709526604534
8.846040866666364
7.769074139368096
-0.5189803219942745
-6.572213618262887
-5.293451988801549
-0.1252643557918907
2.890274819770082
1.711780410023637
-0.8163651633878719
-1.0687310868716045
0.9591948539653078
2.028138401379942
0.5036210403156154
-1.2457515424402397
-0.7980433591225222
0.30787875034855117
-0.629341349589765
-2.3556548190714532
-1.1834167540902638
2.586537367940658
3.998074189041345
0.8378244743532596
-2.512772630415899
-1.8604302234855863
0.3635694701120171
-0.10424810602610253
-2.010696747307921
-1.1035913481702675
2.6632011793381833
4.849396359205597
2.3343888243220636
-3.0888215637990575
-6.457813657652293
-4.267128694654725
1.8941489413769872
6.3402942544558964
5.084822666166199
0.22765524770182932
-3.2918201826071543
-4.007479003145379
-3.383714183548946
-1.1309805575633298
3.038238057161146
5.242902251727431
2.090386114313952
-2.5907465393220397
-2.554513467707958
1.1532362138452095
1.81503162004283
-2.1408887648438926
-4.3401041979959745
-0.6648892844368677
3.681927411910453
2.4801808803663055
-1.1033811550621162
-0.04233998504808836
3.8575572432869283
2.258222732091186
-5.049529871066404
-7.938800880809842
-1.4356332851887614
6.083648298954775
5.620870114720523
0.13947795250984016
-2.3508419917094665
-1.162561457997336
-0.6361754899802433
-0.9325131060590869
0.5704233777489888
2.1394869264434666
0.17801290031692232
-3.0269579000432536
-2.0656135840544123
1.8816501920335922
2.3723137026003713
-0.8974252231234189
-1.0553226814955852
3.4537395366280124
4.796492243558452
-1.5002682163776646
-8.221413472407448
-6.636078505451884
1.3750729609108718
7.010414062588622
5.902366065413058
0.9913772279418147
-2.8887506431382617
-3.525347868146911
-1.9282015343834398
-0.26839933970932994
0.8224954845076409
1.8214539855845555
1.7838688815825978
-0.17166046635069687
-1.690056968859212
-0.3156411841125255
1.524709538786815
-0.0037736696124406176
-3.2084163581816725
-2.891915995611899
1.4642740112871127
4.6605985009259205
3.3658556856255575
0.1900507763149216
-1.4147580403894504
-2.0731250870629143
-3.427202651244486
-3.7787359193096357
-0.7677896564787758
3.746317695905036
5.411025052718425
3.0843025952263066
-0.3354141757628029
-2.2199293301929335
-2.6296176938004385
-2.6645492881244084
-2.407222527685179
-0.7006610596579899
3.0029500733952
5.959846381591493
3.638790173035256
-3.2385963485079725
-6.711156346592713
-2.0010982006865596
3.9329769668277734
2.123626473641987
-3.645690616147467
-2.2919751832174917
6.006840964810153
8.580216708224043
-0.589827731275545
-10.914777104393739
-9.566435098812198
1.1725229913119122
8.270066561896039
6.018078065535595
0.8788267735294791
-0.953956185338836
-1.2881454565444563
-3.0466167650299174
-3.767434165277444
-0.48753855370937516
3.775656607161346
3.5735314627644184
-0.8860313434463453
-3.804419199416162
-1.722274441650784
2.3147166191870228
3.3515159208588954
0.744326837833102
-1.9239770894243617
-1.9727888520471402
-0.4211439553048421
0.4908263148660872
0.549396453230171
0.9649729844239153
1.2674072766309692
-0.6240168709965657
-3.716578549522606
-2.912767711036243
3.13197388507656
6.978560004697943
1.854212025870191
-6.709856940221593
-6.863775051565087
2.427846307502399
8.816158910133018
3.707756556848878
-5.861398405488181
-7.814632870239106
-1.3070838952932353
4.520917672689639
4.160406501720831
0.9932841909454048
-0.08434724310897936
0.3603814414293971
-1.112495266024931
-3.856542782859053
-3.1572864903150384
1.8761215222183525
5.2236041702923535
2.1859625879500983
-3.1643595741619914
-3.507325777476805
1.0750887714711894
3.507304308962409
0.4092592238083276
-3.460146101122501
-2.9196905719482604
0.7879080904109498
3.2764396244288765
2.9548129505897025
1.133192950904029
-1.0365575270833627
-3.126878997826651
-3.9279351753293215
-1.9057078540981955
2.0612391558508416
4.424284271467037
3.0474593401179106
-0.05323077538751682
-1.7009540237119793
-1.6064780729956056
-1.4623483950266176
-1.4462402240988717
-0.2479410536486441
1.7725838514707604
2.2628233560145525
0.45021173530323594
-1.4416310191151651
-1.290849964643651
0.43344982005724075
1.658858066170456
0.8948262980349626
-1.2526473155594424
-2.5584138179298686
-1.509746253892352
1.5111186863390451
4.351754621229912
3.5959455548435986
-1.7733342014148752
-6.823270248814007
-5.278304835395083
2.2655145004660207
7.723877612170286
3.6492997557354054
-6.805844219961021
-10.127317650716536
0.7964015155190546
13.970094566255847
13.034114021129941
-0.1543657471412383
-10.183808163989358
-10.277432190150904
-6.438622023024189
-2.9841048999970643
2.2007830715756005
8.17828349404001
9.002155333641507
3.4620678425157703
-2.3045874279040794
-3.9718613174921464
-3.5552296242734736
-3.2122968328690518
-1.549143758065941
1.3592639109173508
2.1312310972308817
0.5076039001957788
0.6640690062246738
3.125712929317168
2.886795066461394
-1.6375652262980214
-4.978785204773762
-2.8522365084932035
1.4543482717235219
2.233871824106522
-0.40592731421608635
-1.5139104218530188
0.8051539765081622
3.0867803821853177
2.226223225068457
-0.7354601345246646
-3.0487817332641627
-3.224386694861593
-1.2854405692509392
1.5624740236172272
3.1629644839809172
2.052188798847681
-0.45787926602901796
-1.404348972864925
-0.23771032003180542
0.31438732851826384
-1.3716126948380887
-2.900971483097723
-1.0081824844853915
3.466936108267765
5.399612875476041
1.5206636173935622
-4.2022092828386235
-4.893137241151716
-0.19502426958237726
3.4196388531816804
1.8195629020157922
-2.0479241839266624
-2.9338043369003888
0.48047059013460214
4.361003373958459
3.7101099446347474
-1.6160976277084558
-5.687392115704648
-3.6349504742438272
1.8054937848854482
4.445459352697756
2.8825187411255393
0.24089259429104787
-1.6529785048879448
-3.074520282138876
-3.2464360971176385
-0.8027159930953204
2.9195220878692036
4.357294543434311
2.171482003611467
-1.1606671344104091
-2.8301904095345987
-2.416600567396169
-0.8707175849602725
0.7507184465278661
1.474549462332688
1.0984919301286677
0.42907147579802707
0.156181735099407
0.10976073645153651
-0.25728067083364503
-1.0798447771341526
-1.6643729507924554
-0.9975049196207579
0.8820471866079022
2.407507345742244
2.0885293170059827
0.23490033612550112
-1.5750125552422227
-2.187626816363475
-1.4788332107030628
-0.04080380164550468
1.2753825933518346
1.9039112761863592
1.540745107423442
-0.06450621013469485
-2.109819549573291
-2.3334588888047803
0.17789324523357905
2.4750174179127375
1.152838615118544
-1.8986752060961436
-1.493201238856061
2.1419843052444962
2.5719570368426043
-2.051383206618146
-4.415841077313934
0.4128684315330053
5.643802644954628
2.6299522489527103
-4.893185740800473
-5.798364876440307
1.4259428969161614
6.5557363922521175
3.0617797815972003
-3.46028021992045
-4.813139505602113
-0.899838373627883
2.6039166840287358
2.5674580009557033
0.6418861912097498
-0.908844866731137
-1.9698492197851225
-2.361983205990336
-0.2862919501135776
3.8893175058209475
5.3107778426131205
0.6700916419008159
-5.786611449311126
-6.901899777021006
-1.620049797780792
4.291610744249221
5.553038742091655
2.6959544543596823
-0.19781883342460918
-1.1516267213141724
-1.5976682852499065
-2.7730772483590296
-3.668417624661181
-2.571344486355741
1.2318735754995165
6.082609111531965
7.397851264154683
2.142438808922188
-5.254706652011547
-6.905436931883932
-2.327646796425825
1.2626593593534883
0.4009192501660607
-0.3686103251288337
2.396050474205287
4.865073824925331
2.6684511199275143
-1.6705150214400384
-3.172311858309723
-2.3926598932130827
-2.828578377618502
-3.2138189620981756
0.374294959655206
6.1117391180455884
7.335996887472095
1.9776241583916419
-4.667820092781873
-6.913302630190344
-4.0246209513246445
1.0460135129656354
4.592821102555123
4.394229545323537
1.2651236885978001
-2.098957982053281
-3.5589028540267376
-2.100202940497094
1.492340484650704
3.625851531557
1.1987451958268491
-3.4273009224371003
-4.407741666889458
0.08203206700535035
5.132013087625547
4.903992157781791
-0.24587862793677814
-4.355574535919452
-3.536024142080291
-0.13529270255983886
1.7482700802063584
1.2902423769275921
-0.0386588394624241
-0.9292268112917158
-0.4337589650341428
1.2757110548139539
2.0644929874235247
0.5201594893353064
-1.40625044738254
-1.4264854666301543
-0.7089339745151255
-1.1606351247189148
-1.3261842595054256
0.9798936115101843
3.870516042016825
3.1797820348500685
-1.2764010970816022
-4.338178094618785
-2.126093002495845
2.12351396116994
2.5221734446549586
-0.8169609027377658
-2.592116350381765
-0.48627075369114964
2.4166205991464556
2.5121009943137387
-0.3040488242067033
-2.8084470234788426
-1.8051561752814889
1.6820776824781645
2.83502382531476
-0.4254071355035035
-3.651291042500496
-1.814101878967646
3.036959150044557
4.283193418391608
0.06639192280361407
-4.195732451197097
-3.246760548957301
1.3783861294068804
3.7274037908513566
0.9130637534068633
-3.251496559898323
-2.7172867272747006
2.7742875137081344
6.262266401230986
2.217977158310548
-5.520747759764147
-8.062014856540387
-2.7263430492273204
4.109494948919179
5.933895941297081
3.4725900798763334
0.8690921336032393
-1.0615202143135885
-3.5383490290283657
-4.9960301377386935
-2.5761161536752035
2.5461555305618253
5.314042575841584
2.972350853750352
-1.3542254857676979
-2.755578562270532
-0.7772899253414521
0.6779562411269678
-0.5101223293802277
-1.6681493353581958
-0.12601814217178953
2.244350715293576
2.3393832892733557
0.5005541001419225
-1.1693030716709145
-1.985952037927361
-1.9632936975767254
-0.8250810622451114
0.8128722024259171
1.380702880496131
0.7407051611371308
1.1634429050917126
3.5812764422990386
3.922129043245747
-2.1586288480654026
-10.40868731516526
-10.17196820604738
1.2296572609642367
12.219867454642362
10.923039091649475
0.6298879972866276
-6.246077300619853
-5.364610252881764
-2.3811729565987014
-1.043027766884991
0.5046879257102127
2.5985344719348906
2.3603070384662685
0.12749161921684513
-0.045346936851500305
1.6842094334809583
0.1874882127423848
-4.537053118731664
-5.086053914266227
1.2576473051255344
6.626738787561923
4.031975767383348
-2.263591785806584
-3.644899660006438
0.24092090674563235
2.1376043877698665
-1.2221564481093272
-4.5266301990550595
-2.163102183103544
3.7605809549578093
6.327891990460663
2.338299909873474
-4.113152309907901
-6.163066651336376
-1.7146994603207735
4.256897556649331
5.49393817973642
1.2415672453798152
-3.8216287698191813
-4.918845926597244
-1.5018692984980073
2.557503513271781
3.1102784523047142
0.652964285234408
-0.6593285879016848
0.5523620406585431
0.9358841900009425
-1.5338721749051498
-3.4586149535636324
-1.1419364210063487
3.013638234154057
3.5438605572386552
0.08209013196931321
-2.367088879179324
-1.2461407611273543
0.4172399021858835
-0.3782897792860949
-2.013620450879608
-0.9595605058239126
2.9207258220583485
5.292437527469104
2.2761486737312646
-3.776740673346279
-6.025590591866544
-1.9278656148175093
2.976533378652912
2.5407803229498525
-1.5354797619217482
-2.2578251286828612
2.506762789994676
6.261467834656722
2.4471799698670385
-5.7487717787121175
-8.615334113847195
-2.5903475514225796
5.400570091544286
7.492264326969459
3.598316369421941
-1.6432379666746708
-5.248798844860582
-5.810126148521991
-2.183209994071496
3.477534175188354
5.614993931553678
2.218208830881718
-1.8437732165984286
-1.857956783230446
0.30233423922795993
0.4779948213764824
-0.9095505546876218
-0.7947262101059925
0.5962737821479487
0.46369170521671915
-1.3401654969972696
-1.8642782201094634
0.22908753859281522
2.4354967968571226
1.9480305888424114
-0.27426637464300396
-0.8928605763038904
0.7645754917208338
1.5011211722845739
-0.7454235900307419
-3.1657373112873577
-2.2417500487310074
0.3777308838543582
0.6674956278845506
-0.5239084973342029
0.9834497022253652
4.320935964630491
3.791929589907986
-1.4219316327819331
-4.911106771567609
-2.8588855873401053
0.4504583715388357
0.4786605721511012
-0.39308267842279787
1.4780962835382296
3.3820210740130774
0.9577082309360887
-3.0561399756808556
-2.5990065250253487
1.1465784291807106
1.4884153287818416
-2.0135322416669936
-2.3756347255059524
2.8139718018840694
6.3745170185527344
2.274650828433642
-4.755399623450839
-6.084042316061546
-1.7744013014706013
0.991050497596802
0.24088043690817507
1.1397647386641596
4.929314707525401
5.3120820821808605
-0.6691624850720157
-6.310772842074574
-4.965565524047862
0.2819404635375754
2.3709358726778693
0.7570402884920019
0.10573500123885084
1.7372265376942455
2.2821476729214654
-0.097146536050305
-2.7724304558433626
-2.6961584376661416
-0.3689526452000942
1.5860080571648127
1.625970177982413
0.11910819927223493
-0.8657165717784215
0.8478782852517729
3.4848493924131114
1.7569634046639564
-4.83483885648693
-8.589148411467857
-3.369326212996219
6.094921092461573
9.631105231556985
4.450447652691139
-2.222524652956383
-3.902354995275418
-2.938764524476757
-4.114886296596154
-5.1183475939608245
-0.23340080426497287
8.376944218604793
10.592500903804138
1.9273693785332704
-8.527131210911172
-9.114277523124262
-0.8272890010253007
5.232257057546531
3.35189052168008
-1.109142145089833
-1.4118294578650048
1.6050149448526314
2.6750947496920205
0.13875646445279077
-2.939198506344398
-3.787954519762809
-2.1936663691553884
1.1406437303256105
4.439781769391115
4.27453920962832
-0.12517815027134355
-3.59774900537727
-1.6797628619573564
1.8085888346556214
0.5033318816044481
-3.7222027767708665
-3.4802956956015576
2.0753815983900177
5.7660363886591455
3.2758045737867083
-1.4366588180771598
-3.216888044796852
-2.152047050975341
-0.6533569551954026
0.5234962843904964
0.9508184437599012
0.018659782020821865
-0.5576659353313136
1.3715823335181208
3.2762190273020897
0.7005075342882779
-4.334079035177602
-4.673402970028215
0.9657331296576644
5.328237492206246
3.133438408826865
-1.9677263554980462
-3.8639345043049595
-2.0144805060300923
0.40578355133211846
1.7419000659236
2.0130972222410635
1.5151160199413698
0.9077746784616504
0.04257839209105793
-2.149700769603807
-4.368019177163281
-3.0862824138774627
1.6426300846814328
4.87098323427426
3.5168357612806673
0.2222670829013102
-1.4391117430470404
-1.4334406209955126
-1.2374048341408277
-1.2115869768308902
-1.2233675756009332
-0.8935764819837055
0.6624519987381108
3.021591654652892
3.61125470822849
0.8214581506312562
-2.9650361197716846
-3.4960265179023287
-0.1983596410101869
2.393209623510035
0.5633999377427419
-3.1383992791579036
-3.167743058984658
1.4842555136019788
5.883894087569515
5.257441060378506
0.22217320270976937
-4.800561248187461
-6.285119975364473
-3.6171697105551126
1.2913702643026546
4.948654962475608
4.595210881656536
0.8293672027847524
-2.7922489263497954
-3.26874187979926
-0.882745772242742
1.763928926507451
2.56466860730205
1.0848115875816453
-1.645464903111538
-3.311102162753741
-1.93355393725119
1.5038622650873321
3.560766443479096
2.187945432081341
-1.0032069387163265
-2.5957083998094714
-1.1797019674514102
0.9196712596991742
0.7400591880091951
-0.8668638523464777
-0.6650518285697883
1.3243692831711138
1.7712912783009027
-0.23397437770480584
-1.774486173718644
-0.8834410859352837
0.736333222928032
0.6598647331497846
-0.5131918023167463
-0.2753799482562513
1.12267770202136
0.6382293376681534
-1.5932320936808415
-1.4098294545699273
1.7352114419932527
2.567392735942204
-1.0637306494790888
-3.6280687353711514
-0.8525007762695451
2.9222632091335243
2.012791794517395
-1.1989620113298474
-1.0705868010949307
1.164401622520307
0.37300521447634555
-2.1452003649751807
-0.9392117912721494
2.5361978843503272
1.8252920076037988
-2.3294199388477193
-2.915480742851932
0.7449519198350754
2.4370228423595584
0.5246351813353696
-0.45657399989465053
0.7496180607303213
0.49666004522486457
-1.7019447670121814
-1.7711981046093717
1.0394696591329988
2.071429682516726
-0.7549346639756154
-3.028879266532154
-0.865418568459445
3.065952630129477
3.772130033204845
0.7080770270765658
-2.654244142646066
-3.5481869053429587
-1.7237602502731562
1.3724873811518647
3.134082921849915
1.5654232148435274
-1.7694595045437274
-2.7668121142074993
-0.046720086080355314
3.116100193955262
3.013224187766045
-0.35979260512304856
-3.669134842227451
-3.497233476349218
0.10590974891712557
2.9937822534092837
1.67750698231043
-1.582525859301771
-1.523816380735306
2.2680375755065727
4.17364330771006
0.5799666134440273
-4.527063214777743
-4.908820607529922
-0.6047885634681611
2.795318123342306
2.4347569978388797
0.9697480077837152
0.6233023212943392
0.1292802847608383
-0.8398775081156662
-0.4478510523811473
0.5183473845489185
-0.8909002340736879
-3.6674571783041783
-3.1433001093737274
2.0121595571393365
6.951561193254094
5.745368370288686
-1.2630360882391773
-6.709668364428811
-5.035263870332367
0.31490359401443385
2.523499119366162
1.0609262303811182
0.3042847276973697
1.3469490010103407
1.4974141705208601
0.3427287515785086
-0.12205491577358743
-0.5376668118789059
-2.8228166120036082
-4.516634045845419
-1.3770888645348467
4.578934623838185
6.339559685826712
1.9224485513625384
-2.7167849081451423
-2.594615020645506
-0.5065071184671692
-1.4431578014285882
-3.89686017276147
-2.0780331411734263
4.328772145413036
8.14188377326097
3.91970002926013
-4.386318696142676
-7.8495158841640835
-3.4921113965540607
2.589719885485509
4.018187227836033
1.8968045813953782
0.5517729695693924
0.04107293578612629
-1.8161786426105704
-3.4382948920751697
-1.4828262961079561
2.6822186549820546
3.792717733369367
0.3501850086553648
-2.8266417279165306
-1.5468053593550568
1.8798504216045697
2.5010245985658557
-0.42720555956253786
-3.2786487347853708
-2.939515048274216
0.09812048907040269
2.908060588124744
3.3727818200729622
1.5936062608703871
-1.1700978700108733
-3.0382382424384526
-2.1868177584903155
0.39887527888705865
1.1555566011150704
-0.4394418394029039
-0.45866521019611733
2.3235836505028424
3.1755197366799606
-0.5781409385611666
-3.78968167666173
-1.4474631951263544
2.459800450838806
1.2011599791312868
-3.3626645331730782
-3.659737119028301
1.5545655859067866
5.5029127338367365
3.5327980023390704
-0.9619819176702944
-2.568939453806574
-1.5063992005345344
-1.4495369598078551
-2.4292948974006103
-1.0956307655285216
2.685995843963595
4.517886248755676
1.9214915263949974
-1.674533351546165
-2.143918623921701
-0.8864321686275002
-1.3320529290302077
-1.9312092968854386
0.8460041303120494
4.445839480813063
2.9490193515920815
-2.569130943683673
-4.342647310238299
0.04311837431967257
3.539833567756587
0.8387683787028162
-3.3036842903779458
-1.9996775010645786
2.9112215725392163
3.918829458998918
-0.8795762095634714
-5.018886435417842
-2.788015893632844
2.7503792228655177
4.40386133248851
1.397891068504183
-0.7844610058896206
-0.47888708257504126
-1.4876385784596358
-3.790855121447745
-2.3129935170813347
2.724167035485219
4.231727805637936
0.2964293645229989
-1.9610849994802118
1.22971641373394
3.2707198931644
-1.43365911601442
-6.758796602477398
-3.750342578892963
4.584870717120022
7.028378355574066
1.0520441388507642
-4.0346955068698085
-2.071527832561678
1.411531599761321
-0.2346067627030159
-3.574912702861099
-1.3446163464192793
4.555123742478075
4.886875546703149
-2.011321238505813
-5.8802055420313835
0.15739221407700116
7.392648528248892
3.5058198020938813
-7.732401544140427
-10.3204689683654
0.5206245519916413
10.732838597239995
7.590582084217606
-2.8558433457533456
-6.322204788965116
-0.9613331847147668
2.583705793481724
-1.0931183954170482
-4.830215866029674
-1.5004777518177175
4.697887380991407
5.563706551848158
1.3325252666964642
-1.8448549918692227
-2.248621652895317
-2.525507357486491
-2.742566791948027
-0.6098124579758132
3.1548236799472678
4.703039870226502
2.0736355255543555
-2.2616363817989216
-4.405232636361322
-3.1513445814721095
-0.09178839798565452
2.8155995995427876
4.070761969821787
2.6950339109200345
-0.5941168507925044
-3.4528786719899
-3.9815852450486906
-1.8184714592978404
1.7916006127295097
3.8868034155205384
2.2727238702189867
-0.9346891320153747
-1.7303741807285107
-0.1282907776311041
0.5661980078689787
-0.618279277185675
-1.7170616052379661
-1.532963703435398
-0.37931595456946116
1.673538316023098
4.162916366434316
4.356006582325641
-0.2400544646336578
-6.434737017632469
-6.991913916648494
-0.3844644828997035
5.82917029479577
4.843918931958202
-0.568233554738119
-2.957513212972281
-0.46061652361744154
2.2088311554232383
1.2592325247983565
-1.8853560299282
-3.5501785577408436
-2.0127626479423832
1.5093729340422957
4.1971115362059
3.652730172391552
-0.19675239199111788
-4.362624376121515
-4.701240690021052
-0.29314504608888764
4.359383928036805
3.9191553355952435
-0.905897861709902
-3.8640184952235654
-1.2066449157363281
3.4094651760034758
3.5547818990639297
-1.8420372229908604
-6.643749983425403
-4.30520657258395
3.93346038344967
9.34741869475419
5.419664540092472
-4.225535493088549
-9.64673614102522
-5.8303626864151905
2.2208842283601227
6.4225811957374495
4.934587444634189
1.6923886587039179
-0.8411883467707794
-3.264821870519594
-4.688905741097647
-2.732223577025987
1.3385766094684182
3.0270859698822594
1.4527540739018714
0.630467681156141
2.1487600341554867
2.0062431777638197
-1.9913736999657523
-4.973550406428229
-2.3619456938197043
1.984652087666454
1.783494445595898
-1.1068404795910463
-0.23100766633493078
3.712523109067958
3.58112801488608
-1.8704798756360934
-4.971880972613615
-1.3034616638526004
2.5649078129292193
-0.3396173450606824
-4.917496123425723
-1.5389868519101173
7.441777751030887
9.897028357313388
1.7636086102121395
-7.802629566927335
-9.771308988359284
-5.014496398262296
0.793668769844468
4.875478494391096
6.81461867684218
5.370000759303987
0.5006268811260428
-3.865421668157099
-3.8760562438553263
-1.4091716178178784
-1.129514237932484
-2.854437059560432
-1.7829699218745523
3.5220164071872
7.7436609592821775
5.1527104322601245
-2.799848143623367
-8.357239596768144
-5.963602388121403
1.497634820335559
6.17634165059771
4.326108657354599
-0.26706555786101166
-2.307096104562736
-1.490750986842358
-1.0015773639195633
-1.7793875686711298
-1.3277301605660075
1.6314830832321763
3.7486555245567197
1.292108285370917
-2.9877444754048406
-2.5408011189723534
2.657912059709477
5.109735556340936
1.003321592661896
-4.371066215963229
-4.983135476327338
-1.9406779779199042
0.14820874756803598
0.5246036185497718
2.0834211915278047
5.185604155788511
5.585233581353209
0.40798511483401273
-6.205359988773823
-7.212639880779801
-1.8779566736325308
3.3309117587362858
3.5671700653124154
0.9416129783871932
-0.5097631670198054
-0.6592198340764526
-0.9033349985743512
-0.09094340644653867
2.346830963740188
2.701347979445204
-1.5855744042536526
-5.598647010208815
-2.746413327288007
4.548380445099121
6.5847108032081225
-0.23885470665221226
-7.330772853730613
-5.027829590938968
3.8313718899902858
7.669377161235983
2.10479350238265
-5.088972398860082
-5.587100232249917
-0.4267763699775065
3.7955675615824025
3.6612147999709634
0.9298199052113817
-1.3501747189880935
-1.8372365381750069
-1.0286292615819534
-0.3535907109207471
-0.747646354452537
-1.2596549075984613
-0.11554349707554902
2.2016513602020864
2.890691925267905
0.9784752972289706
-0.8403347794542627
-0.30991412013743597
0.6227789644266352
-1.1967536957335003
-4.398718694748379
-3.8038505019590896
1.8979801698652314
6.55158816231892
4.1429842898966855
-2.308965111236419
-4.414054660266877
-0.2821891615382433
2.931491770097966
0.07099479146124235
-4.039405602424998
-2.3246276465217806
3.199010681704676
4.647991461795152
0.4859341545130763
-2.8746543822068866
-1.4376108523378515
1.0679232778612724
0.09027703695102743
-2.5917416359422196
-2.2014123651714588
1.508122351136667
4.1466849419685134
2.8891159310316397
-0.5058322706315757
-2.5765733077678874
-2.06882095566067
-0.6397631345648849
-0.16149370889843742
-0.1878791598282583
0.7512086322063496
2.052310045123094
1.53224707246854
-0.8709601274607423
-2.3555505777911603
-1.0652536505784582
1.300115441013944
1.7207546740367698
-0.3694701257773764
-2.266334446419418
-1.0904289884284935
2.3063314995454895
3.909520976525877
1.6464185109131697
-2.3581509360063957
-5.128637678248656
-5.2007360697156235
-1.5499739278028304
5.267383005774803
10.031016082991362
6.178051645099408
-4.818283054785022
-11.764860031296344
-6.337253403833014
5.246621243845616
9.092018660925893
1.5163534854265135
-6.4754966027037275
-4.566849046616256
3.394193205545706
6.357046810586291
1.577950279854091
-3.959508694490523
-4.6916179564389155
-1.7476350666779559
1.5661657938932787
3.448765809518509
2.9778935955528647
0.12886436597179912
-2.961878481188405
-3.294729492100777
-0.3977117564076199
2.883670615980467
3.3551720093684034
0.5267130015066983
-2.9335312728745353
-3.537314119047613
-0.7640981467685722
2.038049128162593
2.086247133674396
0.8227516207555384
0.7094196893527653
0.7348345053500277
-1.1853452872316732
-3.323592806748888
-2.2628312536313078
1.1953281621450376
2.9978017245559156
2.0447894548872476
0.7151436618995705
-0.22375771608379422
-2.2170827437883265
-4.136541748613135
-2.0152077504148638
4.092585168485486
7.259045891725804
2.1516950816862503
-6.348654530546038
-8.460890178646876
-2.0564473424813623
5.472893422844566
7.285355997649945
3.863944510699886
-0.7985601853319398
-4.57755643252956
-6.025699761821221
-2.8277806763256885
3.3600915664276303
5.254470902203611
-0.12686860662458907
-4.797098362484108
-0.867844723246255
6.46035872420413
5.804425057319331
-3.2417066765739126
-8.951984489423603
-4.17676342182779
4.124974353297592
5.984274165298457
1.791344464678919
-1.5650845666986217
-1.8638676937531995
-1.640021417537659
-1.4213822548639266
0.17424601281486485
1.987679072685132
1.5890608257120042
-0.30299908485201293
-0.9181968813934109
0.17327722086723474
1.073792462346827
0.6826798635643049
-0.6361468730720592
-2.0236449057812442
-2.2469116133764326
-0.4809376013548831
2.137074296807906
3.0856098110608854
1.2003218084845744
-1.7594056406433982
-2.7018298735006447
-0.5794995488668342
2.1590733097597283
2.2900798001393277
-0.40802497895344414
-2.9980999613489083
-2.4827493282744304
1.1772286186032335
4.335350547651129
2.9504719464464624
-2.1181977947788493
-5.1673310340361365
-2.7167139935699396
1.8872262426042232
3.1668818008825066
0.91203981925025
-0.3517888601351107
1.2007105762806398
2.156052429032697
-0.04340583741795751
-3.121896602964085
-3.8894658954345083
-2.0758596876362487
0.7014981712181074
2.6474348693928196
2.738258512861107
1.753930288764439
1.023673241110076
0.03610703850857808
-2.0950236667268047
-3.4852831204801435
-1.460939012050268
2.3634606499304627
2.8290279002536387
-1.4253799006794359
-4.591214352762946
-1.0590951191002969
5.805538837978528
7.022944327520371
-0.11110664865840948
-8.020108719056298
-7.747687201173156
0.792541287647616
8.566898243224978
7.11754572894916
-1.771430306632652
-7.814489687947658
-4.76510679842075
2.001103748264275
3.909342462446539
1.292567080078304
0.3863514187655272
1.4821141804933438
-0.33788482718716983
-4.113168380558448
-3.30007055261059
2.3730270551980492
5.105985559643636
1.1614571155671876
-3.236901778105101
-1.9029375411278815
1.7237248675208838
0.9274054548221157
-2.794388627706965
-2.5655091075527556
1.7909957820605764
3.4192646936803177
0.24641797350125966
-1.5722990390967309
1.5014684003355154
3.8383900911195408
-0.14340392992261133
-6.253120687494268
-6.421861985284654
-0.2199044013339118
5.542148030950361
5.917737017593577
2.0722726851910567
-1.787116689563512
-3.0659994708868856
-2.378712954537128
-1.1357938769980227
0.45520435987742874
1.8165602899351685
1.4967202926880712
-0.10718059739040292
-0.7304044782453719
0.12211166291342995
0.5684602941332454
-0.348600936281335
-1.3688618703838495
-1.2614858392958763
-0.346688286915234
0.7672095719696445
2.103483906633088
2.811856054520867
1.000161977483581
-2.6918962414930503
-3.9789779442702073
-0.7905082073910382
2.565493663051073
1.51740776439499
-1.451715605032035
-1.134767293519677
1.524245105538822
1.5504239273546598
-0.9919698220206197
-1.3542740311844643
1.177972442257991
2.1466401315570884
-0.13371088670354947
-2.1059150094915737
-1.5055681348862557
-0.5369720413932721
-0.8778792816738846
-0.5147517139338623
2.018683066499308
4.106492544363988
2.661698078251595
-1.2640662248951084
-3.9683867788859075
-3.4968198900542298
-0.9202847912554586
1.533254933184155
2.485998314781612
1.9412995110649849
0.5420745366365384
-1.0188440478832939
-1.809778604960111
-0.9343035241507053
1.0342317733753017
1.6406186908087286
-0.4334042659234732
-2.422488096308518
-0.8699185740953322
2.4344494301995288
2.48443757823777
-1.0763304853095232
-3.099770288707911
-0.5964396379028839
3.0372134811822944
3.0724715902397635
-0.4104087839450423
-3.7014288155315977
-4.255469218578072
-1.7893795608337633
2.7678260138681687
6.547580775301171
5.407354197452078
-1.2889643332496974
-7.705378769584898
-6.884536983212601
0.5595178097743138
6.529087166684915
5.299245298132568
-0.3662205513773264
-4.218024390134601
-3.6684617041889482
-0.23065153840517114
3.4464852154042878
4.480609487658202
0.8292447830697967
-5.022718903487131
-6.2137054117832795
-0.04659528382065263
6.378871674356534
4.922028007674277
-1.9336584174753628
-4.768071726428792
-0.5712152194759669
4.007841331827971
2.4841991081298596
-3.161588195413032
-5.799272750586474
-2.4648885130172253
3.004900891001951
5.996388922950678
5.092205247791362
0.43665615449064693
-5.8188799574484165
-7.943234344909383
-2.1162196482645217
6.607108180630204
8.491057381555507
0.988760683763279
-7.473567435206675
-7.420925161355256
0.2962154163380384
6.40155838515011
5.25172669084371
0.14319606525373005
-3.2301235752118918
-3.11279952371363
-0.8529114981516165
1.4750159119070614
1.904115413451621
0.13700574136107715
-1.8497624858003976
-2.08012613081398
-0.3183979702579527
2.3485951337668647
3.9715166720535366
2.6052296002704085
-1.6760592149136966
-5.923591153098596
-6.0373892297201746
-0.38541928887631544
6.983102485803507
8.617549337161696
2.0610964659782387
-5.937115356386893
-7.190428010105448
-2.2293882063709076
1.6637349914130777
1.3391147648683785
1.0147148634312464
3.5505366752973058
4.595987144729014
0.03127011679689751
-5.438955360955921
-4.531967392495817
0.6252054421651939
1.9692979021098669
-0.8547246318144704
-1.0217096178183669
2.385016654891118
3.271197247991111
0.29127323837591323
-1.2630134132476518
0.11470253602507366
-0.33213572063659835
-3.9415869087329645
-4.740098854325627
1.1252436830880381
7.800958253805588
6.702201331239561
-1.653057458735826
-7.935599362868559
-5.65017128444058
1.6915276534635548
5.863172921328203
3.4755486593391667
-1.5307797767723033
-3.6520675797103697
-1.8648480823283315
0.7105922236316332
1.6370183653090007
1.506462659962383
1.3480047684576266
0.38273230772855205
-1.8968023657010327
-3.6101492440059992
-2.5053978488574584
1.2066155064270738
4.796078363965322
4.928707752755888
0.5911815711832045
-4.781670725190534
-5.82692386913041
-1.3712180206243327
3.6235702408960155
3.9380641199910795
0.2852205032365436
-2.449583838723952
-1.4844368242145372
1.412881101015053
2.471638046737473
0.15865613598512446
-2.496189981056001
-1.5387532546637837
1.5827806220631506
1.481788771685118
-2.325517603525778
-3.482968369066118
1.4533991259972008
6.428503499712777
3.8869047844676983
-4.086320401403312
-8.030021031862855
-3.0993566197083973
5.16659232604647
7.457093704209997
1.6615774992924652
-4.828289950817866
-4.796869537335244
0.21682822623737338
3.517492926893698
1.8318758668640251
-2.248846423356908
-3.8784054780891313
-0.818905513592889
4.040491973826982
5.513821310928723
1.9719187158292903
-3.180177298410254
-5.6995665694146735
-3.982405620480325
0.6212256287720302
4.333469544838293
3.60525987242513
-0.3581982936924
-2.364339490754761
-0.2782353510061965
2.068136277815988
0.7906636436485388
-2.383024325636465
-2.916741364179724
-0.09246973261878798
2.3586523755521784
1.9022586877626018
0.22144733564319113
-0.2060405270760981
0.09708782207274391
-0.9538028372302101
-2.9040677928706695
-2.4889279877532733
1.5983276801534205
5.538177117859127
4.343921777369464
-1.5994833868259613
-6.366047788567022
-5.035185443567762
1.2765704465318346
6.650233404406453
5.53818009995928
-1.7498878147107813
-7.890476891104581
-5.759192600191105
2.5152493460970717
7.618754860035068
4.670192417301049
-1.7988650015409071
-4.88254976818068
-2.6800681869481786
1.5926036588307815
3.1650957155383717
0.10433106472152476
-3.78949052019979
-3.093650965009764
1.5583366634987814
4.361517804847492
2.838375859435421
0.025309638701119613
-1.6393318990419943
-2.78249955145184
-2.9651778396738493
-0.10374549767676276
4.039466170162933
3.7306498884688986
-1.8970522731277166
-5.487636609016701
-1.591190988127839
4.763828742883471
5.029098900871561
-0.9765819224332205
-5.673800236225786
-4.067931865758718
1.515466470023928
5.8361326688129145
5.474787024499944
0.1595322057947851
-6.368014337240227
-7.822937665302913
-1.9504890434529052
5.4819626221081235
7.002860426060319
2.188423585103432
-2.9341618316117475
-3.474938738567812
-0.3766211485854151
1.6648732725103763
0.07314247278805563
-2.426749418767534
-1.6329903814890863
2.015819930715508
3.7008348927459536
0.8969107443647816
-2.8511968668426815
-2.7860139453509754
0.4535842805791457
2.362310910155284
1.245631581799455
-0.6141505897336502
-1.3732459135365265
-1.1575058616963818
-0.04407480184075062
1.7201699375379376
2.193020559623341
-0.08632734121815669
-2.8804222432247957
-2.5179839226200573
0.6596467590140165
2.408409912440505
0.9691104901921156
-0.2971611740469313
0.9399553088424082
1.3990181606470997
-1.7340313781148737
-4.487038077535013
-1.964884647221845
3.276953420800676
4.885493447157986
1.6152237731154868
-2.3649641101927115
-3.5287740643245042
-1.9565787393858745
0.19867355528390832
1.455084500125355
2.1602325421040125
2.594236731644494
1.3922650426829302
-1.8269680478762143
-4.178972070915074
-2.9505462967183926
0.417489391179542
2.4367189413460744
2.185045217690265
1.4945195485919212
1.1910567661506228
-0.2012888764629758
-2.869068201823126
-3.633439424254273
-0.49582955438680315
3.0963995101477972
2.6706114138258052
-0.4060912985018935
-1.2841896148101173
0.5210472785815576
0.9915179625334332
-1.3354267833400297
-3.1542609297766178
-1.3846817507167621
2.643667853298244
4.427650201396379
1.5090964174656851
-2.8324306074627703
-3.3312446360802914
0.008673586980889929
2.136118852939714
0.5370181838645909
-1.6510907319559607
-1.1837537521290982
0.5295658349833078
0.7468950057780244
0.3602413338530822
1.5350628893042633
2.5713280415388593
0.1912553013782712
-4.018272782439086
-4.691506099989492
-0.5193803139419751
3.5324856598216643
3.198945025918476
0.5860616360774358
0.22974173139560855
1.563085398705564
-0.19843449874122518
-5.1430623819160575
-6.423413891853672
-0.3612347714980608
6.8401304528673466
7.327656890685579
1.7101616682162635
-3.581175173480902
-4.823411891531799
-3.0111664228107347
-0.3591645114515384
1.8957317623624108
2.9165405544958403
1.726603086729725
-1.0540621106518258
-2.1451838420991023
0.16081093336107707
1.9856173163555166
-0.50470348150898
-3.5078054051807825
-1.0135791107433723
4.365993989042069
4.553212819149889
-1.272747175529781
-5.406595122076676
-3.142092150098418
1.6081421093008172
3.3557759422159066
1.6885641335822237
-0.7701743843728438
-2.071897939258184
-1.1947290504093948
1.384104192910125
2.8453012879079616
1.083324233662623
-1.8963846471346684
-2.657223695638577
-1.275661932064304
-0.39950433365476157
-0.32022502343854
1.2642311931801409
4.119131272592439
4.001077176036572
-0.9976916981189106
-5.76013245160718
-4.386908091884382
0.9780471119115387
3.2747619956908247
1.095484276308205
-0.4335643522137272
0.9586858217723865
1.5690428051030556
-0.5162001515254403
-1.7942285845179646
-0.5449754149953454
-0.2605298395123081
-2.079308458194153
-1.5911860904683355
2.7295139099161814
5.40452969142128
2.2749627425635324
-3.1393058809345247
-5.180707022603436
-3.219957368104618
0.2261783120549211
3.9924742097869745
6.25719208194437
3.026551358949594
-4.989248044662387
-8.9843117405422
-3.0183530297476464
6.133541284722803
7.674252384152844
1.3335916336331706
-4.215650392402501
-4.053342911061828
-0.8340610132781603
1.585767891094817
1.9519468165084426
0.5180041815760515
-1.414264337112479
-1.8229432128120608
-0.14404444055914317
1.9008117841813648
2.592932168469733
1.8618648916517238
0.012905524689713708
-2.9531570528333018
-5.359982690238578
-3.9054248177744766
1.7857566025262677
6.917057911378388
6.541547617299449
1.1981307874204203
-4.365607886662725
-6.338018697353299
-4.242215196212204
0.02093430180186916
3.826724665718538
5.053953348125781
2.940248997313124
-1.1943754563486841
-4.11488391901155
-3.16324017892664
0.6982361240131896
3.4586152887169863
2.23127646942353
-1.654994335710733
-4.02845795461026
-2.332144768401971
1.7093123247393174
4.265861103647576
3.374108708058647
-0.010386892480970978
-3.494023649742701
-4.393958857173686
-1.2459802774871411
3.533111265869282
4.5900955764954325
0.3150471513891465
-4.038167553503894
-3.3688961455647006
0.5399064135220452
2.7823657040875887
1.9366431629597454
-0.0819058062166806
-1.1853890525813087
-0.396799589283564
1.1117002769623106
0.4743889349334016
-2.518023476086081
-3.452343597008602
0.570730985927722
5.162436940770946
3.8365223921827623
-2.292465915477352
-5.220646786578507
-1.1086288624180018
4.094206190221197
2.991860116722733
-2.623795599248723
-4.591791227102865
-0.6106718341876729
3.102152566383327
2.3976405854239444
0.7341551706914535
1.1590209085147207
0.636750757397812
-3.0354735170476665
-5.433853116733889
-2.0268046574940946
4.047980493589066
5.787397430339416
1.669056148056071
-2.925124311946893
-3.075418171299001
0.03600200727000292
1.6385434951828364
-0.18366235476669418
-2.3179578666892846
-1.360293651495925
1.4663078149562048
2.662110783289517
1.8172626480238705
0.7966405759315791
-0.4335452772606379
-2.5854923914682573
-3.5764325455451464
-1.0477464949186897
2.8893059284439397
3.5475366849592276
-0.03476021795023618
-3.488161425519791
-2.318606796751962
2.3666142866628697
4.609131559287841
1.0669674538903164
-3.939855300017313
-3.8843330857137954
0.9583874911238356
4.222228191242382
2.225078847537241
-2.211395649862429
-4.313641820677947
-2.5833486141928064
0.5891775034664972
2.2960620760175994
2.673729573485734
3.6043984192670053
3.80389995894234
-0.29617127333116305
-6.763829643141811
-7.685918990194655
-0.8627999921826516
5.0300195494575535
2.9822437233693417
-1.7426814424206403
-0.6397037996035692
4.591129353401287
5.277421858011811
-1.0085522835603122
-7.031119393547278
-5.665063610596671
0.9541910194747406
4.571095355291466
1.7296501104975848
-2.2270732316318522
-1.200022180248304
3.083778923826136
3.8526304812246934
-0.7745729736840197
-5.025066382748477
-3.776600528823073
0.5982266741643711
2.7520776741629036
2.15275416851507
1.8298144260713618
1.8770483918039083
-0.20469783982219347
-3.6833628612188005
-4.587153908515553
-1.6383185046673572
2.0315797922155223
3.2847382870349997
2.1482550549025006
0.5849479286135109
0.010762311543486553
0.18890501226155182
-0.21906536542595367
-1.9463306197368782
-3.6077813060694184
-2.552302629257448
1.6259750828935975
5.099476371387181
3.7039240669794222
-1.1356123658170614
-3.622079608180562
-1.4786103119174947
1.3358751270492983
1.0911943165803843
-0.9238397609676496
-1.699888355492793
-0.5998806168930993
1.1649669557287734
2.147271285917694
1.323822776751848
-0.6869503041359857
-1.4879458403774917
0.009739319042507431
1.179126714293193
-0.868138248626966
-3.88121403137578
-2.574141794840926
3.120136001775902
6.584530322243581
3.416252853549765
-2.497851585240596
-4.783599330442624
-2.91174110204481
-0.8870939252032769
-0.11497446937682458
1.5143008141445935
4.030348692882429
3.9258851720311796
-0.23428581377799718
-4.503455981395581
-4.360221090775651
-0.5468105940300677
2.588553113716174
2.8744921313482594
1.3455159630085165
-0.8116579381601275
-2.5256748076019
-1.7387273257091647
1.6894087799384192
3.5872067436682764
0.44102536270578985
-4.400032461193439
-4.0652272171229
2.072336964907663
6.293147206307757
2.561245602361048
-4.575613535859073
-5.540829675091332
0.9650209274480789
5.807920507206893
2.3291799505828736
-4.108112569623455
-4.373540102897079
0.928527864895766
3.5027347966039586
0.6131417742393377
-1.8410628832412401
0.282703872935666
2.985566614797814
1.0250352746139024
-3.3705448886521108
-3.720896327162955
0.5091728731549349
3.0001925708477404
0.3900110966768037
-2.7333030116012775
-0.8850613276224586
4.109960011938163
5.37986692471493
0.490295675649003
-5.10581028422218
-5.4506759208893865
-1.4423301403258537
1.5807191220967156
1.0913129487448656
-0.14017035726420674
1.5966179833927021
5.031382160812359
4.515546771696227
-1.6957237171583015
-7.238758045138513
-5.728473125059537
0.34855416055300886
3.660679268017374
2.133081437481557
0.04955389131499306
0.50740506876945
1.4914471980729673
0.39427548098553444
-1.2490955662833896
-0.754170601780569
0.42368759106516557
-0.8759228853486665
-3.1758892447387916
-1.9189334795650757
2.798096913592899
5.257429585239155
2.1794581040351435
-2.3945358209044407
-2.9917460973778853
-0.5234899364101782
0.03963211459955865
-1.7880521497699997
-1.4697857812133759
2.2205013850054587
4.429182927027435
1.935267010221626
-1.8151827875657065
-2.4622445740229573
-1.0061409316931387
-0.8396653819190242
-1.7276690756790418
-0.5231095440569719
3.0537113417134436
4.714137052312142
1.303893316920483
-3.9510375830557223
-5.036107036105936
-0.8584698627369128
3.8614068164885063
4.494629136925511
0.7839817634266829
-3.658324738571653
-4.633415853188774
-1.2945582038785879
2.861482952398858
3.9481801262476726
1.9038937944938576
-0.42080605648245334
-1.3850650851738733
-1.955988701324666
-2.8562229965896253
-2.4204008358768263
0.7507486399134239
4.48056924969607
5.100713319632897
1.920329879534214
-2.563297389473485
-5.443517578269563
-4.745051918306826
-0.3614821240270243
4.526278366363181
5.292241390812026
1.02710255740868
-3.661177067069951
-3.685192470512711
0.3268455223307228
2.8608682813446715
1.1534566724156865
-1.0833386969131191
-0.3108223817607056
0.6531940060130409
-1.4923836193043662
-2.9198688230579575
1.1870976147319856
6.216096661856587
3.335465185559239
-5.7444858086838675
-8.989359051045419
-1.2381002296266759
7.658003901844966
6.876186064283639
-0.5206312023610538
-3.925917007904248
-1.0178893726409166
1.3171869962683695
-0.875380895655618
-3.8822941112242106
-3.3169101768546563
0.5519051861027169
4.789331902505234
6.541294429065083
3.7904095350084557
-2.663912334751248
-7.763365912211484
-6.374986741059843
0.3130824440427462
5.568533587616056
4.94408330972785
0.6652678208363471
-2.2458567851683866
-1.8443816142439355
-0.34623139594473423
-0.2614662930729038
-0.838978693698867
0.1115610886132401
1.954114920405025
2.0039536205472466
-0.12710999663532768
-2.2768366343174993
-2.7414669317991107
-1.09316794177908
2.0045580363356392
4.203785488578216
3.0139413680119413
-1.1385332947917386
-4.859582550561623
-4.895075998346367
-1.0415655233079655
3.5227132409533533
5.235464296388399
3.4861538269123726
0.020075767967859693
-3.4870457335132365
-5.185863055696268
-2.951332083671185
2.212223953576261
5.161931103151698
2.4679435665955887
-2.6760060504980463
-4.136785922351878
-0.252136476353567
4.148526078128333
3.3168502210326616
-2.18833588089248
-5.535047095847667
-1.9546778299911929
4.955190212508941
6.991650920963904
0.8233060470161858
-7.422748706246396
-8.655940094277728
-1.5838083065488597
6.4453712113148285
8.70022144198054
4.591205739920919
-2.250182065009746
-6.687629585082555
-5.354756560966672
-0.42043025931760586
2.684466182553231
2.108480571875638
0.6984950050953139
0.6017126734297161
0.6825606275331773
-0.2953728710421994
-1.2291111382685338
-0.7950585644471179
0.13922687003881945
0.03659202922393822
-0.5243478726369339
0.3492910869279471
2.3465158504666057
2.4177132212264825
-0.982108487384076
-4.740660741312915
-4.260424383732458
0.6328904430952286
4.835360672624798
3.947720280052936
-0.12584343343927035
-2.0178017049550165
-0.6710264381003341
0.05472094427737463
-1.2923607956226648
-1.5481210967566221
0.6813965737883664
2.157653788285926
0.6157347263962769
-1.48644413957411
-1.3316914503459318
-0.13085135095790945
-0.007885852663735815
0.30171567426055124
2.3721458351972577
3.5475287396544863
0.7674757917647129
-3.4791772600498
-4.452125031447262
-2.1194834668094176
0.1954676743643622
1.599745032072991
3.087056366853995
3.474106000603348
0.9507365501730003
-2.5852301276493073
-3.3118178570668406
-1.1590430937211156
0.3467552800359156
0.12354513775106482
1.0592038569407964
3.7788353989890986
3.658517795284012
-1.9703624433852471
-7.661347599362081
-6.143382117181276
1.5990168395391886
7.351317414811135
5.948568292822397
0.651039430120565
-2.51916327401249
-2.549100266602559
-2.517286645912298
-2.9038165936157228
-0.8289296659717132
3.480459852791139
4.700075824409118
0.13400387192707416
-4.545769175265313
-2.4719177842883475
3.7985613351610894
5.19643177753378
-0.715092190897588
-6.1737776824966595
-4.405265902089731
1.6731509258480577
4.940226017608929
3.176398697442554
-0.6874618684400654
-3.1998248584658824
-2.4873419070916323
0.8789715282372597
3.5208411113662628
2.2293345685916464
-2.215602211074059
-5.509684112253773
-3.8730359029607864
2.2435534612076267
7.5595396780473125
6.375718646164376
-0.6664682296561242
-6.267056929608645
-5.263789673029818
-0.9029910861684516
0.8516313255584258
-0.04767450184435258
0.7556472158418089
3.864140320040654
4.55059844559179
0.4310419541936595
-3.722545523455327
-3.055735728310847
-0.5927045075298277
-1.2763214098433786
-2.2916823854105277
1.3667484222825816
5.842157343620653
3.6646664378412384
-3.0426142177298883
-5.1051415382591925
-0.45370810191957717
3.4948485270209435
1.603536450000103
-2.3933042642907267
-2.655740721456989
0.6903280191438482
2.912025032662172
1.5224113709970997
-1.091138173243613
-1.785490970758982
-0.814853725756093
-0.12858802188592433
0.20074091378779313
0.963381233731643
1.2728530243925664
0.3067811807248385
-0.4823163432823754
0.03804148608291707
0.3248820838229159
-0.9219263884451374
-2.2140780219899763
-1.6851283709321634
0.41123404256626833
2.4335834944372405
2.777379889413807
1.1582572377360558
-0.6333733228645018
-0.8713608192752935
-0.5003023802454366
-1.2974680510929497
-2.515039983016026
-1.936086877982606
0.6954306801127665
3.24769974420455
3.571934207629461
1.4718274529601663
-1.2162867183961272
-2.543988286734497
-2.4208252171738636
-1.697909770331069
-0.15155494060023306
2.3228497585607286
3.693668162657812
2.0755715746123777
-1.0791029659134805
-2.926952828780505
-2.9057832188027777
-1.926192096935458
0.08517117210613281
2.8892281250383984
4.000074173222175
1.52429830659765
-2.0127213331891696
-2.324051676034537
0.2519602049702381
0.9830363854012288
-1.6603031673085642
-3.058628852383435
0.23992942557578267
4.274774376438191
2.994705979768851
-2.4511879988459695
-4.585432034059804
-0.031767289534343345
5.275066603377722
3.981442182485011
-2.694565942239409
-6.761476499007216
-3.571147178698495
3.317327870278957
6.802020610657454
3.7358466328737716
-2.4173244494762702
-5.872876644435102
-4.492061856351926
-0.5036473867874338
3.282183189543867
5.315100188168516
4.294535746998579
0.18146774620047784
-3.874888384648692
-4.5689663244676915
-2.7839500202496366
-1.0290497723816712
1.0939554333903727
4.227029668207274
5.313944266951352
1.5881594159545915
-3.8925627976088744
-5.311443197104835
-1.6509759183391617
2.2215572319235863
2.1553052909330757
-0.19552234324250167
-0.5008447019863025
1.6193227780607715
2.2395203771716856
-0.4250488521787715
-2.914756631772848
-1.9242398194064865
0.3422316023497544
-0.19540985243320533
-2.315003607556806
-0.846179548971737
4.527766077267157
7.329039425786241
3.372012970975262
-3.4174310163850614
-7.0863664753796085
-6.494810892665544
-3.336648561349902
1.4993589007610082
6.3144950684189665
7.438507557604927
3.310672921372866
-2.2697657931932196
-4.091929408146834
-2.2197149271347985
-1.384709624278352
-2.9534500956916347
-2.388985180472778
2.4108836665738096
6.115319339452793
3.875207116726151
-1.2003313329802334
-3.1336135891727728
-1.3337595486756029
0.190558450926003
-0.7876697659375992
-2.362403443926453
-1.7150568157648811
1.4785258881924035
4.671729925043748
4.517133738930608
0.46494147968179156
-3.6255922026580985
-3.927948247536866
-1.9194613864362853
-1.4997042728735273
-1.8882938242339433
1.333952939773504
7.177585629311526
7.488439290020141
-1.0143874196211007
-8.793004439593595
-5.728649465239543
3.4049154357862377
5.689505970669314
-0.8786642888253582
-5.677097799750252
-2.2118487734652215
3.504126067397359
4.0513301805779305
1.3914129681226268
0.7010706775142653
0.3213138856877666
-3.5850307213011017
-6.786927776038495
-1.962525844798724
7.2155366819960145
8.392073454889086
-0.8877778629423558
-8.15915245844097
-4.26221460609167
3.8759564784451213
5.045665730723452
-0.42076533542468497
-4.044476662897823
-2.488513699236467
0.3010946443042456
1.653531334934069
3.201551627701058
4.729834855245134
2.291090046569785
-4.293060845817927
-8.295091635455607
-4.83089955828379
2.146048420671838
5.58516823342385
4.034252891454381
1.1549156993639997
-0.3987620153752826
-1.215114303683599
-2.1801785957949753
-2.193372151688175
-0.26029768739078285
1.8846065958779774
1.87259611682174
0.21319051302468311
-1.0797972835549323
-1.677864032525373
-1.8305631231982704
-0.3474054628424609
2.9083834509150317
4.420277463527913
0.9524673228208447
-4.354520658250096
-4.466609843602297
1.3817181847973368
5.230590229350481
1.673831225659758
-4.049838952803263
-4.455300996535852
-0.6151592362688539
1.871719250924498
2.3782991477702082
3.239011653853919
2.838393838331923
-1.094203178816151
-4.915037322788897
-3.7368940952383087
0.5436112019442662
2.687075879357597
1.9564384395520993
0.8522734319319073
-0.12785327275640196
-1.567278941964742
-2.0501442347788355
-0.1962848123302378
1.9097877050406706
1.0744135589542008
-1.5885228268256528
-1.5508833230689458
1.9627419217702786
4.055584915449467
1.4192889023703912
-2.7033820323095674
-3.715519707577758
-2.2393500440081753
-1.6303332216538906
-1.4205450613865476
1.6643782736173742
6.65284446436643
7.589449899438747
1.5386863019851031
-6.338221612804451
-8.524523274330647
-4.260084648060042
0.7300188444678238
3.0797923359420345
4.62052678306636
5.384862304619105
1.759603076175903
-4.952159112035737
-6.513335407819428
0.09963483695055365
5.860315953235816
2.3218917635770144
-5.049441504699284
-5.310527690453299
1.218071838813641
5.222175296953729
3.493016722467657
0.8623783607294659
-0.3527477309408867
-2.5977863383069284
-5.3257795917940225
-3.785885912468271
2.483333756752743
6.716028298022407
4.019474549171369
-1.7336624303523465
-4.026567815877869
-2.277777559287677
-0.20691818279187724
0.6230137045379792
1.1720003718126344
1.3641140381556611
0.5544325494979264
-0.0676647069296041
0.5214243518559599
0.4175514541069315
-2.091429287715002
-4.234492650471401
-1.797670676245218
3.927778116335741
6.308908127124827
1.99967761207077
-3.9112336823836564
-4.598355599784759
-0.8532134222182713
1.1383547557928813
0.005897168272295691
0.4164325996955316
3.3979704375309376
3.5464459939674007
-1.1231077140681938
-4.807687952992223
-3.372304438453508
-0.28390426839380845
0.6502438124912435
1.0882960853008703
3.1121031099711645
4.38646385915303
1.9846736503447204
-2.6660726321607164
-5.610897344628284
-4.876817010634858
-1.1790949603826308
3.392749049200073
5.597610356246365
3.152136988413513
-1.3957258905336525
-2.5874506695809107
0.18629440711862674
1.2165698231918707
-2.549908323425722
-5.694098662786583
-1.9727679880204811
5.57448644594607
7.9844119038180095
2.5091069786322207
-4.261521515200972
-5.533670633730047
-1.9504078261416717
1.1900320940247113
1.37933094574658
0.6984223477846695
0.7396719114389562
0.049694847257157504
-1.5069783339743346
-0.8345142607575768
2.5927886085421856
3.8407736794095975
-0.36850188406653855
-5.2738498075246
-3.8784508568150637
2.3130033003149926
4.4899769294515
-0.3681508934134351
-4.501911547089663
-1.0787717198795828
5.501276145152394
6.064220091669324
-0.7831247540404055
-7.362390082973194
-6.615090690001838
0.23058477409643907
5.937762597375705
5.459171247246843
0.5115916688638011
-3.5959285006822346
-3.6264742619935735
-0.34358208574445237
2.868752896979474
2.6120426715067286
-0.9726769676701716
-3.52390309768483
-1.7354891533668917
2.0985184383389295
3.3311709509429477
1.044667649330027
-1.6026000588585665
-2.1299991185588754
-1.292672297517131
-0.4350507525157044
0.9350666397070568
2.7912066079912488
2.5701371705183798
-0.9680043420185171
-4.063516803117324
-2.4463734725377106
1.917673735644299
3.236176813291856
0.22103604324731063
-2.7277382230418548
-2.106119960304176
1.2245152059093214
4.295556692557883
4.1302592566599055
-0.7369448000994137
-7.129431995544793
-7.824633446931054
-0.0492697745741989
8.488694464396222
8.048175669880676
0.140269247404543
-4.748413279972607
-2.471973030746168
-0.05564464182998187
-3.0897202153293195
-6.1346333074379436
-1.2366225547468277
8.636749892351522
11.91555533310337
3.8143279173550995
-7.089779410465558
-10.382742144995024
-6.314742250505763
-1.387881718224874
3.061042168985426
8.784480390738793
11.331493469103599
4.556979275265116
-7.285118896885349
-13.00723625311278
-9.114874617515198
-1.628213284960361
4.707049841637329
9.46160108150665
10.353778749315708
4.002037898164169
-6.241756666398315
-11.072193308473341
-6.2271645881125
2.232269661057288
5.931838756648877
3.8558618899277426
0.9875814989132807
0.04855600572734344
-0.8697001413641375
-3.1679247034109763
-4.471453533953034
-1.8097404170155216
3.5238204487438933
6.203602787388384
3.198656800988827
-1.92732646968428
-3.8249168351323575
-2.2433340281687357
-0.4827496189369599
0.31416744447507694
1.0231309736776177
1.0505428535032573
-0.44092208261129695
-1.3313038281861316
0.7841307546486986
3.5156166318634305
2.0985374580858367
-3.107006535674227
-5.941679484506365
-2.1809374062469673
4.7353165219625675
7.128191884654877
1.9440582525566514
-5.272685675943651
-6.872259417450853
-2.108051422338938
3.1141265026009077
4.323825105267807
2.732762497222173
1.063403477806875
-0.9917474694022991
-3.9190324779023724
-4.131783082510034
1.0762913637582863
6.049046393323341
2.9683610543148577
-4.8397164096740335
-6.071836850643854
1.2463904180370344
6.511316434705442
2.727444083791115
-4.130703171944506
-5.093145865404371
0.23642140605700102
5.262002752046803
4.653688069658251
-0.9474764032884425
-5.846691369878824
-4.863964746311164
0.6601061779869379
4.424500782249913
3.3398310211284565
0.19585737976499645
-1.8905131906516819
-2.2855554042654287
-0.6108540151347095
2.329436769631041
2.793163417059541
-0.8130682141050093
-3.6589312514073047
-1.3480965309867412
2.2961968725374344
0.983222396919245
-3.446861381150505
-3.3793499235715574
2.827409403544966
7.9751833320856385
5.611146452125483
-2.1270509084201175
-7.758079452657413
-6.841679152957691
-1.5799171186278074
2.825548422811859
3.9254696715028112
3.241365723107072
2.4308670914868094
0.9190882105810193
-1.7258693016114115
-3.7780544351651217
-3.431442299483758
-1.204448498597265
1.0827461851760232
2.6048408414107094
3.4532535252039684
2.968205224726383
0.1272130102257127
-3.9367458493467145
-5.589899857104271
-2.5331586487675195
2.6377685836231812
4.854885713952377
2.7631953794426094
-0.08221599363523546
-0.7285947592766773
-0.4300215033206391
-1.5805495763046136
-3.652946291074009
-3.826869355354041
-0.5754676592088301
4.3643418270773315
7.197628305801676
5.12912578190195
-0.7982358589151763
-5.887428909152843
-6.277918021655388
-3.1050461228452035
-0.18242799572642684
1.6641470311709454
4.1621172928610894
5.916935212553972
3.0842732153398558
-3.0837534645531384
-5.885629845490668
-2.5768803738788884
1.6942004461428388
1.6488235800041644
-1.0834449040603367
-1.475881784584729
1.223854064999235
3.105629306745722
1.901043737039997
-0.5880777700526896
-2.121852357879763
-2.0342638433451237
-0.39495200081134973
1.4018145121802588
0.8499468804928416
-1.9984716597625336
-3.076069263771445
0.6324504415057038
5.915145636698637
6.274447192719213
0.01604626328539463
-7.1403128820108135
-8.241185242617233
-2.3623537013600964
4.832033102133016
7.039652262253943
3.401998516291776
-1.5280308671525942
-3.377582708767569
-2.069678996204139
-0.36776924363775804
-0.14670546074396265
-0.6768507910221899
0.08047069478284281
2.4653276960499633
3.9105965857450875
1.8134674157015442
-2.8397149877360572
-5.757834323430313
-3.7335295760875824
1.284522622153896
4.149742076564119
2.956187264506142
0.3836905254907436
-1.2419568806831296
-1.6653038918367584
-0.49877089607500724
1.695696073565202
1.9307613003502522
-1.0318743712149065
-3.348623387549736
-1.2061095493118326
2.9401614419474265
3.581727022771403
-0.027973456148562947
-3.5661703756273724
-3.9214769493989743
-1.7121784125191615
1.5029219512810637
4.489714297262166
5.039865268726104
1.394969799946621
-4.0757682719125
-6.009856685030209
-2.4331380964562412
2.547921323192409
3.9561461494019072
1.790372500918663
-0.30920558315894275
-0.6916772835589959
-0.7580797481662402
-1.0875718914855184
-0.7234090833645063
-0.19996897804239772
-0.7558711648363268
-0.679514869087779
2.4330521626130377
5.339039686595529
1.7437205279492076
-5.977668905840602
-6.422336366707654
2.7570923037311563
7.022392448219071
-3.190528428560657
-13.572651999503986
-5.374420357334523
14.225570581188881
20.36936432337072
5.840477783556346
-10.676064761940424
-12.64180344063103
-5.285486359852746
-1.9069044452443462
-3.201857612497231
-0.004075035486205525
8.77040466731772
12.206709868710984
3.5680049343238758
-8.339171511115856
-10.332110170847843
-2.2953129330791198
4.357605951371121
3.4241639130851333
0.30104580259295016
0.865889066110724
2.629828137827658
0.6949564014146757
-3.6016458952032964
-4.852270911973948
-1.5876094204093807
2.2708260907943885
3.32969974837669
2.145601264880203
0.5128286243874786
-0.8564717249078269
-1.464021622576754
-0.9242739461407768
-0.041512298532065006
-0.14117714905226345
-1.1511750293585694
-1.1603440028225325
1.2330391719480107
3.9317387600545795
2.806521082526736
-2.252625690001725
-5.512572044258481
-2.633723309317138
2.8486721774129813
4.326507735119329
1.271131462057558
-1.3537074373356912
-1.3286735568404362
-1.036335744210552
-1.4496563274594894
-0.46210338823436053
1.768281125981214
1.8749972683913005
-0.39243348931759037
-0.9348435716260338
1.209106393127314
1.5274752236314577
-1.8129456080691417
-3.886869597072637
-0.837711874369855
3.6444350153530025
3.7953234495214145
-0.05187519423238533
-2.8547532051030267
-2.328033773030549
-0.7975009941554838
0.008352780602079555
1.3560109603557977
3.2318039872039526
2.4439401101423974
-1.8537630797092104
-4.789299784139047
-2.0334494442991873
3.1828262093161666
3.743370757254554
-1.2907383230520737
-4.684302421585893
-1.0116162588826745
5.107492617905152
5.226462130390627
-0.8480833352515317
-5.352823397447708
-4.043106252815391
-0.4826807777637093
1.4313664999167668
2.2958348257416885
3.097291425980891
2.2422642814011677
-0.8884809193487345
-3.33238452385851
-2.230128348637202
0.6724906700019009
1.1600580964341842
-1.0092428923995584
-1.5756693849881878
1.0945670512323986
3.0846229327331938
1.5478248146980231
-0.7935863338952877
-0.8568173294427511
-0.18998359185872482
-1.1901684932136076
-2.1715394646897983
-0.5487844849876357
1.6353632266357085
0.7565391750970288
-1.2946066803960192
0.28630084227138713
4.121863078626027
3.7688665826569823
-1.7965193577439744
-6.20888196900179
-4.953321108584988
-0.21460866997908906
4.058779254140173
6.075464920728978
4.421332204701332
-1.5571315124513683
-7.531324784200392
-6.3834640306812895
1.7365162095563313
7.108505654196907
3.1616193307854763
-3.6724093657020185
-3.443230015309493
2.3822187327767987
4.130287050569734
-0.46102566230482445
-3.841080407437752
-1.8579670126316616
0.6751838449080021
-0.10930544595907268
-0.7947725610520066
1.7037068015278218
3.72858993397728
1.2834963277106757
-2.6545744759160685
-2.773710715362385
0.23250511281336012
1.403449255357645
-0.5071385634127202
-1.9179909196821887
-0.45720613883714967
2.148986674770801
3.081994121162352
1.3723235823636146
-1.9004457875481653
-4.262196813500082
-3.2039264690784126
1.1771681564946372
5.125427247628428
4.6043192289618675
-0.16266053119603383
-4.722707951622803
-4.90392396856944
-0.8516489879240453
3.1976868236156193
3.4973004055588115
0.8424163399860303
-1.2385825251094802
-1.1210631561491178
0.08582064149677274
0.6370334414126337
-0.4502494090251063
-2.1254133047164143
-1.456790297589436
2.101545706451341
3.955053444213513
0.3498808074060015
-4.423779226905308
-3.0885312216233816
3.067644647223894
5.33989532395012
0.8021851103835362
-3.8698267193326545
-3.462435662649241
-0.9844672903667673
-0.3348003124255042
0.32002523246931097
3.197117489773424
4.910230682939923
1.5705616497957748
-3.928116174401706
-5.193104751644211
-1.1103301111556338
2.9639901190120863
2.475132941562517
-1.0179616923020665
-2.6509915567553306
-0.3756427356030264
3.06297297110397
3.54387431291224
0.19242510592330989
-3.6441969907011824
-4.1406719671386805
-0.9707352685334164
2.847280280028236
4.045842846578575
1.8359103253980202
-1.56358138637823
-3.176936326011703
-2.207611190247001
-0.22217981291173847
1.1318449706290028
1.52791250298864
1.305075809653117
0.6924392126037502
0.09107892419235003
-0.09346503912146413
-0.3769711771339387
-1.4528820954122423
-2.4080713799557265
-1.6288702712825776
0.5554119227283996
1.958110231978603
1.5338151229663912
1.2394226161671822
3.441600263947097
5.948464487428964
2.749937328343061
-7.187787666350459
-15.201534817455126
-11.900216251905865
1.1349597712532535
12.963811171759893
15.093762370709934
8.187274420981089
-1.4061659872569627
-7.950958364966824
-9.081807513569357
-5.471258827854507
-0.09231720872982574
3.179183623141129
2.862572691135116
1.4967819588371185
1.6526600623040117
1.8939096046864896
0.02680932956840501
-1.9498024544203358
-0.7837847449184607
1.663258838981753
0.2374867717133
-4.927799713421809
-6.700864545332951
-0.5735432268933477
7.777476082420062
8.918116657109595
1.8736718506531578
-4.838752970278364
-4.686488457364902
-0.8967145252743476
-0.0343687626512207
-1.9528444614549785
-1.3283322759808667
2.9083836684933257
5.472577837508515
2.3986877949438647
-3.3888397691191927
-5.7742679188879045
-2.476342749790733
3.067526358891725
5.47567135217959
2.4317983605560425
-2.7950777083796727
-4.426020824396866
-1.1852958636149395
1.9898218589849486
1.1773290213136178
-1.0523151495432406
-0.37723144847335577
2.2641271363247975
2.3959060947823327
-0.8082439564422697
-3.2278692024906657
-1.9768225306645517
0.6816505425415385
1.1872391517056142
-0.03334858135301448
0.27459679797108255
2.421189857368307
2.431198194876993
-1.6812302385995497
-5.317020420030209
-2.986563245162759
3.126444054532328
5.234986310088893
0.7288306332911006
-3.832246358218608
-1.8411924269572815
3.764705986361224
4.30361559907622
-2.5049282530063373
-8.734081648979389
-5.933719656556124
4.090212993649887
11.06569678695834
8.220027528735528
-0.8875679691291761
-7.565605743114274
-6.750209021785463
-0.9978721601255663
2.3641964373007
-0.36318390529856853
-4.602580078205681
-3.8775743836349985
2.5176893623274244
9.779450286216951
10.933565298354408
2.3308306516923794
-8.998976066413428
-10.548155406095102
-1.804147056526527
4.3024267602646535
1.6346377380499797
-1.1079402141794592
2.2906681023389
4.65927842187595
-0.41825754753275013
-6.224009557285531
-4.375144115252467
1.3534930553400568
2.7790404110375233
0.6635245821970691
0.5334280913715179
2.031510267022844
1.4126799958044387
-0.713150525772534
-1.3247876978101827
-0.5767450012420128
-0.5251365732447041
-1.2587474042871079
-1.254543682941887
0.04001705950002471
1.4805740191502088
1.8103603701418973
1.2619723006091532
0.7847970514382238
0.07354311551069326
-1.918424091028291
-4.020848014539379
-2.6901266657185277
2.7025289776914962
6.446140224898108
3.0647686971376777
-3.830900504009508
-5.413110949060787
-0.2792958586536835
3.4981543519424907
0.6002579746436063
-3.6060188539533717
-1.6433384772706308
4.14437590690341
5.052087312057429
-0.34189768370690576
-4.1155790402738335
-1.835262960653554
0.8056789020733116
-1.484828254284296
-3.7360084738844366
0.9278814771241258
7.84699838167529
6.114405133743101
-3.7421672124008536
-8.7593569324997
-2.685566194635345
4.975557992000089
4.078591680829051
-2.0360976330999376
-4.060984797546782
-0.34102280597348217
3.642687941749527
3.904830255843458
0.8517126509265105
-2.9973563692564613
-4.793158680043721
-2.8747403913660627
1.5443727785143142
4.83356132363537
3.876706472012506
-0.7001745101560614
-4.159239363433858
-2.4986046634139245
1.957505119503526
3.044430772148967
-0.6391075196206032
-3.758913857647137
-2.00951817536469
2.1883227913554717
3.7328090776500464
1.6327084151623608
-0.8451465651583483
-1.4090141082875292
-1.305968308042046
-2.0506010126403393
-1.8732427204344735
1.410818087690754
4.769616620036346
2.7928974506835953
-2.872434970971584
-4.2410863807275305
0.6357669355032
4.030483818576309
0.4751059061663996
-4.906774577307149
-4.245507009503368
1.7751612171839595
5.481914058323274
3.2108317231062777
-0.5955542114006829
-1.16595485678427
-0.08065795683254648
-0.9741282565885152
-2.8301423279123026
-2.3798270494111025
-0.3278740035822285
0.3460802795881588
0.49256414620847094
3.132545968066435
6.362432493651273
4.271047680299115
-3.777162227212503
-9.99784546334059
-7.245020627467946
1.836124858171631
8.007695504147591
6.303147655380374
0.3570766688385802
-3.578243807125423
-3.3620387320450034
-1.0388482802900547
0.7886852818614412
0.9646771826783791
-0.3004442584842673
-1.569427741294782
-0.5788177008618252
3.0825374887128114
5.409444949047885
1.8735483532896309
-5.141972395653361
-7.736900780140152
-2.887092149583141
3.5303919160019572
4.942548774511175
2.1267631858820106
0.34449305021501014
1.000218189379704
0.4509451962106396
-2.9216236656896197
-5.254891664253135
-2.7224390902026636
2.812908679558553
5.7248482214179
3.159149428116358
-1.7087067386886614
-3.8449985029205638
-2.43669703517776
-0.18367174341308812
1.618258269878925
3.1568600849959716
2.9978290823546456
-0.37093066940375985
-4.583326364958172
-4.950283984986485
-0.367920701906865
4.635219025058068
4.672833046274007
-0.1568293181719249
-3.8388668454871313
-1.8247079488182532
2.507719600638425
2.5904831717626977
-1.3424850976872869
-3.074109387295471
-0.7783090418234803
0.8770184110853518
-0.2714110491616329
-0.4182546072605729
2.508543906954244
4.2154902357503445
0.7602020789876003
-4.463567863619774
-5.087058241319663
-0.928224916106061
2.4204133620595094
2.3516325585916764
1.643380066667403
1.916432371325172
1.0701696928609232
-1.6520587613936326
-3.705564289233271
-3.4395800486325516
-1.657075134936223
1.2337027321966236
5.1524950710615895
7.195919649551057
3.1836323651335947
-5.655997201820701
-10.927399654331678
-5.880651960521818
5.0691867715358825
10.154010575929217
4.401799019189533
-4.341159760650951
-5.856442935038673
-0.48372170628412625
2.8340815844508467
0.1188369546530752
-2.4951350373120507
0.5670777702267618
5.1002217793379785
3.7843351726085332
-2.5762558389119077
-6.5311511430617735
-4.4077620056946945
0.23261421453903186
2.919368377789916
3.2469121867825494
2.8672463891962803
2.2065248149060093
0.6617299208599016
-1.7887267290696223
-4.158345265205674
-4.819038108830379
-2.45066769990705
1.9616221385686907
4.82501611379525
3.960315879880571
1.5682394076316353
0.3515170375360943
-0.832278392367864
-3.6815275660097444
-5.347539272332047
-1.7288313193076832
4.510430375485023
5.216870833735178
-1.2531595224725014
-5.621201031033612
-0.6392824633436922
7.260962684399779
6.533880981705774
-2.7734607779503264
-9.203539890952982
-6.319483388738552
0.2748171362957537
4.313905128952693
6.564837201041116
7.336407197248023
2.6342798188705743
-6.907748913195176
-12.506941936248396
-8.022693655836301
1.7477610956146274
8.054437978128187
8.93785384080332
7.74220226431379
4.623017788803471
-2.883334276111763
-11.689687258467783
-13.359406063811267
-4.8706493337484345
6.225468263751305
10.599541650066541
7.155725831067565
1.4358393171174055
-2.157641797750649
-3.442717642179684
-4.0125556908906015
-4.125229736954862
-2.325824460623955
1.8468374656898647
5.608196662893854
5.069901237702654
0.21161294934493555
-3.9606574897165725
-3.1039516024361165
1.0117115764642883
3.0459554214268407
0.5458684519840885
-3.9344585109964076
-5.492989966766441
-1.3006887393284172
5.679527336565159
8.408925493683578
3.4849127209714705
-4.340793883351271
-7.4580211183728995
-3.7133266223910253
2.186230164648275
4.216619418185319
0.9835590452805378
-3.0084345112116475
-2.304494933977685
2.6152066912161915
5.294606361581037
1.657317330707982
-4.194490513412386
-5.234891913630623
-0.5645838016291447
3.90773159061803
3.096051286300578
-1.432297758730451
-3.944955657464352
-1.5726380346206261
3.01356695084513
5.267803344303875
2.62475183269071
-3.667931330389438
-7.868656852954765
-4.458500184439491
3.9592897200749557
8.391938482119459
4.709289899831975
-2.062103925921474
-5.371666848084629
-4.081862172604264
-0.9019803213053035
1.8893677126789339
3.0884763831208826
1.7519424291365255
-1.3165055246629962
-2.6273795478576005
0.2369567751707644
4.159125656862744
3.369494638270467
-2.3365562305458547
-6.3920167854651
-4.231614360418793
1.1759730861614417
4.550828057014548
4.398556049803208
1.8801923770478703
-1.6941381168610028
-3.946400496942265
-2.435942861037491
1.2110093566915476
2.441674343279945
0.3882757545450524
-1.2230003910854699
-0.2812089861350776
1.1223625055169026
0.7136737481502918
-0.857583059724143
-1.6670824354442901
-1.0788025656551088
0.33940896126962533
1.7772301428810462
2.037484145764466
0.3459771000657041
-1.8180960903504966
-1.7178661034609337
0.9414771339814881
2.775149602642196
0.6433160243861281
-3.547547358654541
-4.460906958526927
-0.49921866505936113
3.885751912480341
4.317967142131872
1.4719948564282992
-1.3452602956628785
-2.229907912978728
-1.2121159851433763
0.24891872006320334
0.011189280892065747
-1.8098058908981234
-1.9286234493936187
1.2951049026532218
4.534621076110909
3.651301381474459
-0.9241249116838218
-4.724065979387038
-4.153450718722089
-0.014689991601773977
3.6326057402833216
3.368577410295995
-0.44397786306819353
-3.326566441747616
-1.0737221894850306
4.152215641500008
5.100390589577183
-1.27103690127534
-8.733346594362027
-8.624694211887153
-0.3418831543082719
8.11877870129446
9.94012880597612
5.689460690836252
-0.5105286340349396
-5.699917615180001
-7.9907873757916
-6.338246539672432
-1.7613577356589336
3.080592013228537
5.74837799882956
5.349627004279161
2.8828631213550837
0.24399043568949855
-1.6099477345512436
-3.079406764778543
-4.297439068229157
-4.084570775856078
-1.3353024284744073
2.9098244302254557
5.565885908516636
4.325775666928257
0.37036649623869344
-2.7074274927170223
-2.9773158288122206
-1.8187421982536518
-0.9638785357249209
0.06529321244460938
1.9254604011044913
2.8845827817257326
1.0689154934593512
-2.0006163267213366
-2.9832495944405073
-1.0871350525105339
1.4259094031588064
2.53412144652379
2.160196091744296
0.6341555836771934
-2.036718754754917
-4.271565619350012
-3.1680152523315788
1.252975227818891
4.759709115097833
3.972184216119965
0.3437181384656442
-2.4071136846243446
-2.647091840114824
-1.3351430480748128
0.04337653578398992
0.6153588758273799
0.24983437641034606
-0.21889018638649996
0.24469926430033295
1.1070482694036479
0.8554389867384912
0.05171785885873896
0.7899536515061713
1.8046814436520002
-1.0753886659441823
-6.548720411804194
-6.040995069796343
3.773324023319741
12.178287419592738
6.855686084204249
-7.658594852152107
-13.789982520990336
-3.9080385931698975
9.675379529784646
11.269435646666066
1.0501393987340935
-7.753896798567425
-6.561726629951118
0.006638065589736876
3.0102430718010833
1.1218264585869284
-0.13748850600711657
1.7842581991179742
3.232711371208039
0.9230423843964046
-3.2339262230603945
-5.057582406463227
-2.908330590259213
1.0216675863320759
3.0252652532608817
2.0883725514645355
1.3533242236217782
2.973446224045503
3.4476948238755214
-0.9454581810301727
-6.527564878998658
-6.851186004184279
-2.4681912674935016
1.2100105117722708
3.043688361482472
5.594165636184344
7.505699676830011
4.0503921889150245
-4.388640275184058
-10.30580632472766
-7.754183634528179
0.3881385271399999
6.106076120131598
5.341663042851192
1.3790150827898355
-0.41451849824091225
0.6639023695283842
0.7970407825767858
-2.146898790903506
-5.240330863003977
-4.2887266524595296
0.8379511133453934
5.962126829786485
6.645734214706953
1.7901766076584575
-5.0497401588278485
-7.456069131918413
-2.393582115878639
4.812771287959739
5.99944148484508
0.7948906554241887
-3.4778789804688444
-2.5214311231704865
0.19919845843953077
0.483698101960838
-0.4083982130128234
0.48482647637600496
1.9103080961670877
0.7176833789723854
-1.9548945859864968
-2.061310574967327
0.3065503675175355
1.0366532407400595
-0.38140451154850036
0.2072804011774922
3.5869067390622953
4.483186907005292
-0.49100557550817636
-6.955359721026783
-7.756623852601581
-1.626777888324089
5.351394868845145
6.5868195777041505
2.0847906147694744
-2.0248843541153785
-1.1380451483550242
2.0702634970945306
1.6718120899561133
-2.9167825535811316
-6.095820049409923
-3.7227332262097437
1.8039194853632614
4.887512400060782
3.481551706847301
0.837002837107619
0.17009751493964984
0.321098588998857
-1.108293214037743
-3.2247566956421503
-3.254182859290998
-0.6148142323871539
2.3121817470406114
2.933152224502173
1.2640886155239088
-0.4439393118723359
-0.660297384597085
0.012566547399364858
0.11727471443373985
-1.1392340415682032
-2.800526162669047
-2.0807849233793965
2.26774094026855
6.236795361475946
4.231624447120612
-2.7465381264229265
-7.176671288916384
-4.474368091809022
1.761556033026492
5.0767800123726525
3.328601586991508
-0.6649042587062882
-3.1220179572942652
-2.3810344432119708
0.5621323944356085
2.9448792634907672
2.3775622535249887
-0.6114865760056754
-2.8339491639455
-2.1452272938256227
0.1435632322656002
1.417108973885535
1.0538123867293168
0.34528104200195103
0.057269821429117684
-0.27445168371867124
-0.763319010882843
-0.6264309158289607
0.286657516523248
0.9624401196789163
0.874088998603871
0.7150956074955445
0.6699269903740875
-0.6124390855985823
-3.5340535768820454
-4.833576994107553
-0.771672417486027
6.079166006493534
7.763881106805301
1.4846585975068767
-5.425959090116414
-5.271071231023335
-0.36658195691410056
1.8785093756726354
0.37611866446117986
-0.3448060817375903
0.6075217074998986
0.2974516127508859
-0.716477260023936
0.6251786372077711
2.666803560924528
1.043734620721671
-2.7448425162100936
-2.867727297751651
0.7029405429964369
1.7756000805151158
-1.2675202695819865
-2.372267114169572
1.8731201843031589
5.764697559910922
2.6323516050869986
-4.830648044684468
-7.682891413898729
-2.821593943980998
3.604308414617904
5.557938892930174
4.100133226010945
2.5678781216210975
0.2841942313948545
-4.315829629335396
-7.9000189445701805
-5.60616877531425
1.032740340347744
5.613273138154205
5.766208352174329
4.155698168708476
1.6545756536754515
-2.843201508270776
-6.537684540431227
-4.723984704538397
1.1659198035289409
4.4788194981375655
2.5250184196300265
-0.9002712605165213
-2.0377516886551805
-1.0790376127731562
0.3944947877285342
1.5343742948138894
1.6292937220673147
0.4526652855806126
-1.0079568058272392
-1.7068275833401698
-1.2776794718149747
0.37417734511603795
2.0669685464422023
1.432993028393716
-1.2331293059348145
-2.1286152522861306
0.024163970365235397
1.2526978787850593
-0.6786966296413741
-1.5513014130627911
1.7464675179486175
4.122465860789408
0.3257968669921265
-4.711001314668118
-3.1607413134373865
2.291007886402096
3.079986297756059
-0.6375737988584209
-1.2839399766206896
2.020868092725948
1.893221615312816
-3.6168141754933494
-6.155298457557763
-0.3740186104310027
6.534177011212888
5.611118375250213
-0.28086152966183275
-2.4048535084842837
-0.7466578299817157
-1.9972481195117022
-5.390426347927534
-2.9581530694993403
5.162630347652757
8.312115255973975
1.8282840683134467
-5.364682635927667
-4.583894803366478
0.7369465249727041
2.6484886775966565
0.8374885018069346
0.2669875533374707
0.9298657202212479
-1.541617057773129
-5.573157164060712
-3.5202794394444625
5.124668583520068
9.74544592821691
3.4361854773529146
-6.107070581706389
-7.634082506363587
-2.1339452064570947
1.0887043052769656
0.10045090958284075
1.2882640212742573
5.614694689539424
5.848699354338181
-0.45885077346599196
-6.042399400528746
-5.178480608083054
-1.075432210556245
1.1772593564082863
1.846559492242033
2.9936777204659246
3.0665443370478336
-0.17686068851923514
-4.317739090370715
-4.622414475371475
-0.6580362220235842
3.1719181650494925
3.3905084065070135
1.012781480502665
-0.7539854558698272
-0.4327937854895026
0.66350523186476
0.328392210801622
-1.8816364847416582
-3.5923823753248243
-2.0484370060031587
1.9532485481382544
4.461129153989152
3.3716815724788094
0.42504198811665617
-2.1412629329536195
-3.5495497146893458
-3.0631970443650043
-0.35071038567337365
2.7296352227333567
3.687222518007503
2.1833519073713274
-0.5494438798003507
-3.2488027500824566
-4.202915557979987
-1.9731767038016748
2.0629309027041516
4.402839824378711
3.438999223403061
0.6773293977232322
-1.781782841582816
-2.8979096712971546
-2.5269048034395145
-1.3285607560367163
-0.22552014325770192
0.8418039457687687
2.507717991020966
3.7740052472474797
2.2350160778331074
-1.917604327723482
-4.492679178747411
-2.5578507427157433
1.20543682234915
2.361694933529432
0.5915663690877372
-1.133434809379326
-1.0142259902216328
0.4712058144793716
2.057953108367673
2.2044682860958935
-0.19485185011437775
-3.67043176716779
-4.265380918057101
0.018211464677994987
5.443364134525364
5.543126768513551
-0.8695821062661507
-6.628706938475241
-4.551763874560382
2.41828820682394
4.929333070155768
0.7214522158679224
-2.7881315915334555
-0.6187456883685881
2.7557841374111214
1.6474278175750194
-2.099350444273589
-2.966035800046406
-0.09259483130504371
2.351766810983943
1.209803651816764
-1.8868561014175966
-2.8178540300115893
-0.2883133599399433
2.5851411492408913
2.789206178119199
1.3080358902762195
0.5576821449578376
0.04333678528191029
-2.297950922443624
-5.071363052681419
-3.8591355389552295
1.6383885674309904
5.50992547103175
4.02730682908375
0.7345889199804856
-0.8189990648207022
-2.4183716049202038
-4.571388336570296
-2.7506890365598915
3.8699014545448094
7.43450520762683
1.9306870174665223
-6.5750424636153175
-7.260833700078308
0.45836426793284774
6.322035022088685
3.683384214386125
-2.1988613958819556
-2.9699222888683985
1.0419533080014467
2.6103447577018897
-0.9713350525227887
-3.7678026742387547
-0.42701809165553806
4.8190452804381545
3.6123113789303622
-3.7208914668751354
-7.456841735176812
-2.0552735102297324
5.797006845370618
6.630904835045719
0.7160058267433855
-4.030908044594892
-3.352654179106801
-0.4291177992423756
0.7146369265454742
0.7785502820153103
1.9652972601915495
2.479280382266775
-0.5781745897789153
-4.273131710900413
-2.8417154023115163
2.2658341814278646
3.179237510790772
-1.841967903025969
-4.484031392342247
0.9906862685680681
7.880637847630788
6.235603176408669
-2.5643363061310716
-8.179033661756986
-5.919365074479474
-0.8338368847748263
2.057192144515798
3.378730377303948
4.311513515755755
3.149481442638531
-0.6409470018568256
-3.7889337496496207
-3.2607491469368406
-0.33609942311785873
1.5320858262641346
1.2953424112407697
0.3831992830932942
-0.3555401742944173
-0.9564836472033766
-0.8879955762846492
0.20530415217910625
1.3741655684780394
1.288805816881918
-0.23474509547700095
-1.5930789414323545
-0.7605314190331692
1.6488177491710487
2.1903426913644943
-0.8032146889459361
-4.070075535668562
-2.980507376177162
2.2877840697616145
6.097125430455729
3.808450109321425
-2.6168480306252517
-7.074817952734953
-5.852737781942925
-0.07825079032321863
6.264909640555856
8.749032777662293
5.0174592939776055
-2.5713896651650194
-7.999309437389821
-7.411201233207198
-2.7542609893947905
1.9155709897787052
5.004351625715196
5.930380914538782
3.276672746643213
-1.8747616411345622
-4.723911154940214
-2.5491098528230745
1.449743796516288
2.5133006776533406
-0.07333619359968904
-3.0699439790836185
-3.1269993412007504
0.11371354218372928
3.7532506501044107
4.39706464932831
1.6606481515238043
-1.6640332541766045
-3.112724210414479
-2.708234155996189
-1.4290969206361146
0.25085436940025735
1.7014841314918563
1.9072295959093482
0.8326911326559487
0.1737397896456316
1.3161631177821473
2.37454199445689
-0.09833560653247009
-5.168593508271387
-7.024590871064488
-2.6027843412175287
4.119185457265384
7.477765833485977
6.003999733671559
1.5036864482230696
-3.5842575562482404
-6.319726210643287
-4.708590211773338
-0.5002222070732752
2.537250882981749
3.0617578391922655
2.0157115391215576
0.04574831718246697
-1.5487970140486107
-0.355816514111451
2.828420026525215
2.7537991831277506
-2.6895750709062622
-7.112302572873438
-3.645959716931586
4.180944645470673
6.5424841283762944
1.437344386276432
-2.9263847438248773
-1.136733556340023
1.8435476224570346
0.03277563335734448
-3.624122587528234
-2.7963562886938713
1.922883975951679
4.617548581731244
2.519458521344956
-1.7590541812468061
-4.102668487486215
-2.744663221986991
0.5205310127314317
2.805747209379996
3.2191931087697627
1.9124234812920153
-1.2897917488127129
-4.356509789554332
-3.2449915988047637
1.7116027604786632
4.3259550644169655
1.2631316020497811
-2.633825172866053
-1.772208936146048
1.7895320059348236
2.013150682479879
-1.7794268621480507
-4.021618483076677
-0.9170129301663498
4.377349008659965
5.7498668722124435
1.3476336588620366
-4.608409970984362
-6.501835346213583
-2.829844903148204
2.747637615990881
5.203832175726345
2.9622248817181887
-0.9640099123940138
-2.749905280665616
-1.7786461314659356
0.07747871714168982
1.4821960065316684
1.965430858049027
0.9346975471643438
-1.4771736470699406
-3.530923573943744
-3.0640453957461107
0.4902232875875075
4.809977754832996
5.592680830699952
0.7613861629948933
-5.570210874223057
-6.149773427886107
0.2859628196251793
5.951527852276495
3.66002212426126
-3.191141885204541
-5.130940374925578
0.22808165428457572
5.100006242842947
2.9052226834316532
-2.6534252445925497
-4.083550183193421
-1.0105065592283857
1.441732856612517
1.4246682622979143
1.0814494172637448
1.0622327406080754
0.0954088177999154
-1.1008099259466255
-0.4231680450528077
0.911150349290172
-0.8086418106935276
-4.662677745624251
-4.214369912485494
2.8908307466068117
9.397858705891116
7.267922591220884
-1.388168595610051
-7.421941015881571
-6.651486810718008
-3.029609292647162
-0.39243396139117137
2.405467961314539
5.911705932014567
5.8455916960356085
-0.06520101811454586
-5.5136036713126915
-3.4610723129824086
2.5262815275764914
3.2689277923995803
-1.9786507353886769
-5.039697314763575
-1.4547640546654794
3.7518882134658282
4.025406788678442
-0.02207484697378034
-2.638454804691664
-1.0530110930283
1.8438238577253088
2.0986054100267384
-0.7182436032885051
-3.4320725633319875
-2.701425489084144
1.1216108525093293
3.957436679971209
2.831921170063092
-0.5232012900602894
-2.562009952729321
-2.542775132838088
-1.7527309878004544
-0.2505136828172776
2.2156640279775837
3.724422089898116
2.141088484771907
-1.271591507516336
-2.827236802135409
-0.9966301361873288
1.4045550565968585
0.7005163101329233
-2.2997914710077487
-3.068003845695089
-0.16784546454206264
2.6650979812483904
2.627396290384935
1.3797072296301038
0.8955732216721801
0.3292497882149494
-1.3056899643389774
-2.7715192945179887
-2.412969878261469
-0.4863617313555027
1.2989124994344416
1.8013194328891897
1.241511274909443
0.25267740624179374
-0.7512616041814625
-1.0680527986897466
-0.03612049023670562
1.4222729812635018
1.1572657786828227
-1.0640050926092421
-2.352646893985557
-0.6419876764165102
1.7981618588838553
1.744647512773087
0.026790512298168957
-0.6951552820016593
-0.7461978097725708
-1.5628874823876355
-1.7490164859026796
0.43056867074003374
2.969846053445338
2.5554195557101127
-0.21720855164968367
-1.4166995888507143
0.2838213267224644
1.3722560407774298
-0.9005105523084179
-3.674275503593123
-2.8131197649456294
0.3222721713150004
1.3864245312807062
0.8484648460526567
2.704377685271908
5.424075224214192
2.655416161562122
-4.864078231641809
-7.627534737721498
-1.8509041539199225
3.8855237646887435
2.2678538232734153
-1.7238531389509943
-0.7477442254283442
2.584432605233488
2.130090012857118
-0.541012134958774
-0.7374009734382524
-0.22613878073814553
-2.6877498590263365
-4.419161988901509
0.30797483975014617
7.170921421497269
6.1326214551229965
-2.069480378274514
-5.829598248726712
-1.3776873346808092
1.5744173592924866
-2.516704668236695
-5.0991384651731915
1.2941584953256782
9.133313500284224
6.960307383772853
-2.7245269243976415
-7.392225494046133
-3.3317683248540213
0.6830692650806862
-0.6082531778982392
-1.0271796541504505
4.088977673982194
7.744448102066397
2.2324090404651287
-7.366011503908107
-9.506104832030521
-2.0188475757246436
6.03954506599628
6.918953848190749
2.162885410610122
-2.2220818451347384
-3.205496382848846
-1.6553101463515807
0.39172765933671916
1.1466742478147984
-0.20848281366028457
-2.126026744004806
-1.37253752918627
2.4376306870694906
4.689951317502767
1.7309831103497606
-3.2071426038646225
-4.401292944179497
-1.4429550155054625
1.6431482470380465
2.416378984664726
1.3094498976499565
-0.5170187094653164
-1.368080988427476
0.15900695180295
2.0461865482579777
0.5096772629018229
-3.2096941015659644
-3.3952398415481997
0.8073221015087126
3.412589364390607
1.2463936119625878
-1.2131139190069895
0.42571272817633976
3.323720947420964
1.774386061019753
-3.961445460807006
-7.004174210125892
-2.7078207638021143
4.464716526682197
6.2770396260051555
1.7963962393129458
-2.1068950194848908
-1.4631272456600086
0.03561862036693361
-1.305577042313991
-2.8645031697897427
-0.560732999693129
3.783081454638923
4.351692812331115
-0.3126022726170882
-4.80647942330981
-3.7698717298592777
1.3717422427081316
4.495974266625845
2.4129305101794096
-1.809804498623707
-3.297007981218842
-1.0585724191690684
1.7855390105316624
2.1497379831142003
0.25209138229318007
-1.3211117220291726
-1.3434722829762937
-1.0011171105908765
-0.7205057844085833
0.8174974336211911
3.0085888946509396
2.8269179582658936
-0.002865296993478968
-2.063582941055647
-2.177873831524517
-2.5100638057614777
-2.588856004506756
0.5059982969917751
4.839876837148439
4.539018962231464
-0.49441562824855084
-3.431307230753403
-1.0360808453788364
1.5194831025121562
-0.4555932866930558
-3.3533778842740247
-1.6193918398598972
2.567093603084933
3.1668952896584974
0.6786840911447263
0.17606285237354508
1.1475408885233989
-1.1119436816668384
-4.969371804865056
-3.696740529841753
2.3009759233190845
4.996530631411291
1.8596186640565104
-0.8799215883285127
0.16536032397259062
0.7693144258667661
-1.720463804639894
-3.381210053795548
-1.071013905543
2.0219111214487144
1.7941583172756108
-0.5087878697773048
-1.1769751350430773
0.10548590598813859
1.0342776463747876
0.9232306752738075
0.6923935253077435
0.4474601274517378
-0.0567520503600503
-0.3228047040849914
-0.7532940077306
-2.6609569566962086
-4.2428229040278955
-1.015510914060535
6.029420446118508
8.370897740188935
1.4098177202983775
-7.233907558844531
-7.105614065210196
0.7455918211982681
5.457358732470813
1.899136970371293
-2.8665154810668816
-1.813654882493789
1.518836093547179
1.3221879171517616
0.03651265469611559
1.680922030805827
2.270193273714269
-2.861947173224473
-7.876440769241907
-3.635980210697209
6.47079843775574
9.254133108603963
1.2405653300840207
-5.814387680909282
-3.1463614807570726
2.3765679588273008
1.1833584986919332
-3.4564300193248045
-2.861591699975001
1.7026934610000475
2.5746695089901968
-0.11485138673270406
0.323788662927993
3.7486099252552227
2.7802098469675496
-3.7248362547562235
-7.487816564586029
-3.3487872040112476
3.654440471470755
6.303157830001207
3.6090282654038615
-0.8439148869510565
-3.6819665222741405
-3.260447713622813
-0.4272887192392851
1.3994921834546703
0.14317220522386362
-1.4276280552887928
0.2897776093760519
3.5543712928271005
3.6745100748866903
0.3375256000514628
-2.5047828851972227
-3.1501294416430934
-3.21399938216617
-2.6874719490413344
0.3649659704295113
4.585328136544321
5.24942032490282
1.2199127315068847
-2.583875889172231
-2.228989620778477
-0.24564314885546512
-0.5444089384886208
-1.673087481487138
-0.1868022442584488
2.27237846351926
1.4954426160726677
-1.4953706894349452
-1.7983077900474411
0.956508262520135
2.1326439371864074
0.07978530446889483
-1.6144483141057546
-0.5218943449362848
1.2380295364035694
0.9875083465932147
-0.7742348694614266
-1.5595140488680648
-0.18397131047027998
1.5694037679175612
0.8295059764787103
-2.2218141803414757
-3.4668465297911824
-0.03382486664781844
4.970490371771825
5.619189457014191
0.6056995220924406
-4.896015666062422
-5.358289678025934
-1.2885898769113708
2.1387652659524856
2.0714105813337045
0.7173610399570565
0.744755134641347
1.230008244248507
-0.0874266183894576
-2.4718926141599113
-2.6885866078864136
0.09650482281629162
2.7976522061027946
2.932558353771712
1.3111076489966575
-0.7888900548261573
-3.03984041556208
-3.9427731072514174
-1.5489780058259435
2.6676679978020363
4.137021226212673
1.091093766893463
-2.38333389062054
-1.7001049844842568
1.7196423221756796
2.6870344963057216
-0.08338669064165635
-2.492679199612946
-1.6533431280674382
-0.015343416503222681
-0.625244396333339
-1.702902079298581
0.18204664061439002
3.8316788238987884
4.594605940732455
0.8765786730163112
-3.8625125460938574
-5.34183309431256
-2.5121825022887574
2.1469759457387587
4.897963241587052
4.086145410914163
1.3742155383030235
-1.6632391921374556
-5.550253650870165
-8.431975775583757
-4.811427604985025
5.571124586721816
13.018269393221958
8.932076809743513
-2.30844312784853
-8.965493148748138
-6.777195977449178
-1.6887486591086407
0.9024733253514908
2.0879686693715787
3.4784017336906974
2.8254369098668466
-0.7491337430959746
-3.0085170667101506
-0.7464046123906982
2.3967592113726273
1.191228380133197
-2.810501162506226
-3.450294068116234
0.6382166931405083
4.17407926604656
3.1877450432285994
-0.175371682982248
-2.2817142653378117
-2.7553605504169223
-2.494603616204914
-1.1167463877609596
1.3902494862998604
3.404067696648037
3.334447532900167
1.090889580377973
-1.7777128355196903
-2.9431962777101903
-1.5817685964452457
0.49029785048054664
1.147661219654651
0.3383023037041086
-0.6440204319076951
-0.8619071603345096
-0.2549540775908586
0.5590135496985468
0.9713284352533391
1.1722486190204982
1.5344815406459413
1.1032698905766443
-1.4267049313676181
-4.338867301163445
-3.4778669286609345
1.5368093032018277
5.141154769356094
2.994950117834695
-2.0345858783745534
-4.068913679464333
-1.5157730714504118
2.2029367138254337
3.329987955552518
1.5266814326763665
-0.7724221074456044
-1.9538208562404378
-2.6172089302513912
-2.8726300456392746
-0.9455599823195923
3.301577555596284
5.814132735363905
2.864546223058795
-2.882269065644493
-4.9190786658070715
-1.6031571294426366
2.077308015854845
1.9160390454423186
-0.8845477383632429
-2.68060205322357
-1.1206120524911556
2.9194881504562464
4.829957821951081
1.1696902116118564
-4.159070032325628
-4.234667628148164
0.561250901952641
3.1694812784264674
0.512997427373013
-2.8047464221920797
-1.8634202628784013
2.2222989501971164
4.4568137918242225
2.19507003265012
-2.024283066634355
-3.9171465474264906
-2.6873332262135117
-0.8661380073835765
0.25041122091046736
1.6360903695073885
3.2984491451117393
3.461733369032288
1.3068472297929452
-1.616874573194066
-3.214322896654823
-3.193838819673082
-2.6547865583070767
-1.5662228184592708
1.248948398442318
4.9618195022576606
6.10332784113103
2.646945670411798
-2.79564399389377
-5.576637214193646
-4.423582106224839
-2.189970645494102
-0.6421578169850203
2.148580847412626
6.634247832763645
7.8403136662160655
1.7080366772393765
-6.896424970475253
-8.879600369283773
-3.2144052224646638
2.19604643216683
2.583486503472739
1.6952444049922224
3.138916799592259
3.976892888607854
0.5758544858392529
-4.538125917995185
-5.514489472074109
-0.9659975258171307
3.658753018926687
2.6910593087539993
-1.9456008462896521
-3.1873226152432834
0.8950742267820948
4.557795274431285
3.2902916672919877
-0.5393051152551676
-2.973055366598051
-3.71535752431611
-3.407592275547759
-0.9734640458548298
3.0069196386358
4.873256036891934
3.0723100504840812
0.480339234890231
-1.0256693638819496
-3.0750697022863562
-5.208636274620626
-3.1860262978158564
3.262035968504964
7.182616602999336
3.6339059012985357
-2.7876178038555035
-4.64182455197751
-2.043492630616911
-0.563247395906995
-1.248798105752285
0.0822692062930003
4.138720871460063
6.116836950518709
3.162962310490827
-2.0698376227270963
-5.737868233463172
-6.143910782690884
-3.211485897863388
1.55295537870685
4.790926283740198
3.884629853161373
0.36594942725254037
-1.1522956069919597
1.252411008108508
3.442039900889517
0.19070908781526952
-6.691251925275289
-8.755349087628533
-1.4052326793527037
8.596999923451467
9.91864984796129
0.8113387362661463
-7.9649355937883906
-6.543300645826657
1.998998417670899
6.631005055429967
2.374870084284905
-4.527880155209161
-5.182693097610395
0.6490618793639089
4.915729401051056
2.8550857790727884
-1.3907896325246722
-2.5633108859388076
-1.2929793084586716
-0.3988777431006084
0.3079229914351223
1.8807364306778362
2.4109676397011173
-0.3347416636256634
-3.7984294598136
-2.989964805056552
1.8026543733962457
4.60619289567228
2.148071619611519
-1.9616846894463895
-2.969738076567947
-0.954491412199051
0.8242332615714
0.6499247200413116
-0.46924419379371146
-0.7524824735780328
0.45693399500632487
2.0817318695666174
2.105743875499475
-0.43958222196483165
-3.562986965588768
-3.3190273091554747
1.2069918029794153
4.979401343663217
2.725865135503018
-3.1921436734013
-5.256809246391725
-1.0074891718470715
3.9722091498836205
3.9476805009484686
-0.11131065802403284
-2.972780392330228
-1.8906767583462631
0.8708426231793326
1.6884264124324586
0.1649716455205889
-1.1892467196712464
-0.924809105198369
-0.10948901977133595
0.08193131684973189
0.24070626324497119
1.3350590608601083
2.3037042197229907
0.9123662498155304
-2.2469227889995222
-3.30352110217211
-0.8000588058192234
1.411762224245743
0.1934153743661477
-1.5324417293138273
0.30498074414276866
3.9398044506431606
4.380376431040947
0.5445556628070668
-4.050230423631779
-5.739934650503025
-3.502562883516344
0.8369626023651476
3.940626498562079
3.821444532507917
1.7074852158843845
0.1427290016347014
-0.42803825626521413
-1.559066485288055
-3.0799420714802506
-2.310974981621482
0.9738519751403785
2.3187369419630914
-0.49978721603046866
-2.0925915555907184
2.353380121954411
6.9563374645623615
2.67721969042127
-6.980473387958132
-9.264795368478612
-1.3907739008722244
5.579144833460332
4.299460274518872
0.7043759556192948
1.5773839824060236
3.28246758378054
-0.3995110783664086
-6.887769738051678
-8.38568045968483
-2.6587804546382325
5.126400994979492
9.010754020021436
7.012403278719547
0.928594116765038
-5.345607113903655
-7.713209668857433
-4.779665418794117
0.46192816493606303
3.481835213520801
3.2355372990823477
2.356016081574171
1.9771922663927992
0.1714272418407703
-2.925176556943244
-3.5455351787847014
-0.6145769856593408
1.6848980154885353
0.691040926635143
-0.7089407725151434
0.11919109493819843
1.0984011900734876
0.3794099818267584
0.32691721124672224
2.009425377295148
1.2933815563782636
-3.6799387819232128
-6.587909183780972
-1.7010970351269423
5.953291034282624
7.039433285616137
1.279581884220117
-3.5205303242811663
-3.5834735434410083
-2.2525916739575322
-1.7912076068318274
0.13376001675179114
4.293698116056661
6.112876707672586
1.5694160749838737
-5.844631543971837
-8.028217467119138
-2.013026354323866
6.142428601338577
8.118158881170285
2.2980861940968738
-5.187793836485401
-7.395672363262984
-2.9107883515808552
3.896293168282316
6.713882336073497
2.6808601300058186
-3.754941897086869
-5.0110698594356435
-0.37317623464764715
2.9454771140163345
1.0139912939305238
-1.1826523372306876
0.8384272121581164
2.975568644117356
-0.15375465145479564
-5.242054557409388
-4.762307327895116
1.5812449055017934
6.5207133773508055
5.1531713671747745
-0.18735700052367116
-4.555849858621256
-5.35024966053648
-2.5460355718492873
2.062173460521586
5.06891150845661
3.768717598974108
-0.7318886497624439
-4.215260083381286
-3.6062218908367405
0.2512242616036083
3.752946233497008
3.7180045697987256
0.14524551760093668
-3.528921946739745
-3.849904514909561
-1.0455892755898004
1.9397904510731019
3.1472305973160104
2.492535456065626
0.35403059663836073
-2.3196233439119647
-3.288950460374232
-1.009196885222842
2.3864234919309424
2.7386592056040118
-0.41423669219672243
-2.7221189749635957
-1.2635512655448105
1.3947565562166298
1.7113895261012162
0.5198682464648938
0.3517648486841603
0.16868480123091403
-2.0400006186094273
-3.5339446395435483
-0.4689123852853346
4.2714614428293265
4.259283202797925
-0.5188349967310055
-3.6716338117494556
-1.9109610829117059
1.0371001092709882
0.7648195656466747
-1.624751865985749
-1.8462700796152087
1.2300488831142427
4.186003721960264
3.407100084404227
-0.7418053377692907
-4.185793545342772
-3.5718692410648925
-0.1804534109484599
1.8643184230985703
1.0185586007048322
-0.2381220122415908
0.3513434508905206
1.521895547587415
0.910611605575638
-0.8612314028663948
-1.2241653908127599
-0.17402137935922596
-0.15536310892772084
-1.2577165146685625
-0.7116858321793318
1.920582961306446
3.11593324403838
0.575313441588606
-2.9909679719478803
-3.345760256284384
-0.29551643585492493
2.500118686600954
2.489942306116128
0.5274361160816883
-1.3504141249994774
-1.8286309713466316
-0.478466964635734
1.4734460672613534
1.4835942951531884
-0.7246497842995984
-1.719811714602003
0.40026609522073603
2.007436714453362
-0.35691655292154584
-3.3618845998489424
-1.8999873456290932
2.18639342786132
3.1465264931652897
0.6429014118941253
-0.7598782228257381
0.45836808436850707
1.5014386812505964
0.4950204013972792
-1.86963158062705
-4.170405966161818
-4.306792140233614
-0.6265186005461075
4.505312538098325
6.058253624570392
2.933811070112319
-0.8344893230189037
-2.273482156979536
-2.598005461588268
-3.1415525235948176
-2.2536542060861833
1.2032325739680834
4.174861454867868
3.0196262268294474
-0.8303527278089178
-2.7144177564045364
-1.1874646582524189
0.8490578733442046
0.9034321431930735
-0.11335791361766562
-0.3276283500278143
-0.1297451779135183
-0.622595818926262
-0.5681042582618757
1.3173030341708616
2.607898477520103
0.4066213003022625
-3.028092377567616
-2.794443597075317
1.0690016188841338
3.082220675552545
0.3073123268706629
-3.1651516595264346
-2.265223168068297
1.8502606579762149
4.2476802247469845
3.0663873307764278
0.03683011454507283
-3.32238895422574
-5.858135746604901
-4.91704874053004
0.9156112035764129
7.320972889210147
7.461776157265206
1.1493148225566916
-4.142366695554882
-3.6179804068594024
-1.0907025446162117
-1.47736287343802
-3.0870061596228218
-1.8238380427782794
1.8997005968093268
5.174093721601419
6.811260011499406
5.356431580907206
-1.3265237521333884
-10.029088761904408
-12.051436308567755
-3.904759694622527
6.993045238567897
11.10420277282233
7.026179295544384
0.18231521170995066
-4.711810860124486
-6.355063301078228
-4.821667595360609
-1.0596251760321043
2.366381026407064
3.214862171302372
2.082270338601514
1.2230794828633638
1.4863340864924028
1.619368650316088
0.05935257835803352
-3.0945794470842127
-5.474921400000745
-4.3364237272787305
-0.04294299909985063
3.516327838809639
3.7846297361430317
3.1690002139975992
4.622198729969845
4.934946355906618
-1.8467215976729785
-12.69322513292478
-14.526849075284964
-1.2172541671076536
14.362540608512909
14.811284088806408
1.232042080144143
-8.866352437829182
-5.851928702331886
1.089336786636758
0.597161103843999
-3.780085007438476
-1.652228004450329
5.940320363249438
7.764941106562671
0.07711532713060905
-7.642229449603377
-6.651481150502908
-0.17769564702611437
3.7302876408676218
3.797627772931263
3.5573170344913745
2.898291619922444
-0.9187528312227662
-6.403929424006146
-8.075103915516816
-3.0640659348692445
5.264198008252002
10.080267010609468
7.122111071813121
-1.2264603660950055
-7.935406921487657
-7.999612493013626
-2.777429308554063
2.625925113838768
4.9245634553903415
4.334747562192376
2.2384291696671186
-0.5134850510950645
-3.1264409475544883
-4.248374270199495
-2.733437595225799
0.8135984820345309
3.8202465038484883
3.923098599261419
1.4084424307756414
-1.2756950736478427
-2.641887850773111
-3.3229531032442607
-3.265279222334262
-0.6035254206337799
4.3060837860912615
6.889198155704843
3.5595802362730744
-3.104159121232071
-6.650977427797648
-3.7634377021817316
1.8202657347787576
3.492658273150133
-0.10916147510515431
-3.6723644391166377
-2.048375985087006
4.11045347587466
8.929118830458096
6.034161724717718
-4.6890689524846225
-13.974749684179917
-10.991188528646475
3.3948995176909924
14.903072419209636
11.233461333491983
-3.024887036613598
-11.799303995335137
-7.049508907214312
3.0638309273303754
6.6361707331069155
2.40711155694613
-2.1496408564930225
-2.37584170181042
-0.18787308001260966
1.4669656552576273
1.922195018634187
0.9704870992545934
-1.6079848857681267
-4.296391809639989
-4.316220199505724
-0.4558385185127428
5.081892697984155
7.817021041535209
5.008588060885516
-1.098826543624484
-5.726402358399701
-7.044277936729202
-6.11152800339716
-2.401033408924764
4.781302883643565
10.6147883599706
7.992325369908809
-1.9415500131372212
-9.097255045280301
-6.586388504279287
1.3353385007401024
5.541736320339433
2.71877010496964
-2.4276218656891584
-3.8502035064546365
-0.7731456397248149
2.7945979058896504
3.511006093565058
1.4675516102189363
-1.63393235807801
-3.961795413508257
-3.5483957924882894
0.17895210092406594
4.6648010019299955
5.6776631288307655
1.3448378024844083
-4.74760168874183
-6.137358579011512
-1.4692579364205252
3.066201691154507
2.560663711056056
0.047571373380446924
0.2474706078579702
1.8713623021630117
0.9688853163296041
-1.9723633102189004
-2.9981426445533557
-0.9079521755250731
1.4561256000532437
1.7260067671834842
0.5392986805790851
-0.5419706794715635
-0.8925521457212676
-0.5621422369714402
-0.07026897130532171
0.025094878312056763
0.2193325413191869
1.3355773649976739
2.340726561298111
0.9634114441386173
-2.6253053342336448
-4.651514148931632
-2.1293827311154327
2.6059135395045008
4.3435144352014285
1.7594540014761972
-1.2836261662554125
-1.546457464911545
-0.28108339848912567
-0.19577818670434108
-1.2603263031982774
-1.2260129718512298
0.944143659889556
3.368781287066754
2.9195153746886167
-1.163090105595793
-5.248674048619422
-4.413477144089411
1.2919879235437597
5.625560193752519
3.684199662341488
-1.3711957339823595
-2.9982462299339563
-0.6534674077028749
0.8487228948665774
-0.2619632307236007
-1.110254954467851
-0.20476433391042287
0.6173765450029195
0.2728373450761074
0.14028780428364201
1.08031421817715
1.4620543680824327
-0.47763696232961517
-3.2128785731357166
-2.849635789830764
1.4689300739312143
5.043370531623753
3.1968003257708686
-2.060120051817868
-4.602583330026199
-2.4632760237565106
0.7582350954274988
2.0740038848995823
1.8267840981425971
0.5947537167168426
-1.394172567550732
-1.936333201268204
0.7083695606500883
3.426200425703547
1.7791882317697785
-2.6965593776427723
-4.181040633157387
-0.9954693206467295
2.570157758991542
2.6134427588495837
-0.03368376612552672
-2.020797668680629
-1.5297033507159932
0.5482480459329204
2.265554968820529
2.3819915880424904
0.6696358831044522
-2.0423216638285195
-3.6421732054207947
-2.343866673849394
0.8991078867544541
3.2286412065888115
2.9077339931916306
0.3513104519164445
-2.3981900484591483
-2.7690763842453037
-0.39504967964879073
1.8976297088134753
1.8297274138132669
0.4722974166759987
-0.24209797911591405
-0.39325743769558263
-1.1338055120289467
-2.2665037204064182
-1.7899229614332013
1.4417850120207205
4.7110369025807906
3.490465664534197
-2.1287827766948793
-5.845046011232966
-2.74638748203947
3.5571927856811056
5.110240852437355
0.14695827968934863
-4.630845953936934
-3.1982234631447577
2.0244502023423347
4.187833493792901
1.3415041820702789
-2.1575345721579793
-2.5203196107295027
-0.6212181897605773
0.7843055034770955
0.6931394449135151
0.347720046015379
1.2149331883256371
2.2077180317491316
0.3179316558127836
-4.124956639917798
-5.730282497797446
-1.063081163297115
5.469585080114603
6.843943952830913
2.3165560634995606
-2.901657754966223
-4.945695725375312
-3.881678368467289
-0.6289244527539838
3.3523738604946485
4.312901291961719
0.1946789418523652
-4.226941246129089
-2.5375786558759272
3.389321679658297
5.263680509488284
0.3827405566005978
-4.806656858842506
-4.522419384619629
-0.7753719334338979
2.024506357872761
3.5133446114713474
4.208327034738907
1.7621988126153016
-3.9091227233922092
-6.823664941171286
-2.7139847592070927
3.4394013164887096
4.188190472483051
0.6273991000985817
-0.31777605687709753
2.4251192138101922
2.647872112068484
-2.4572627120158907
-7.045979270960253
-4.882603107873943
1.912125725471508
6.067943278711973
4.344092085667742
0.03730695090443172
-2.277839108828308
-1.5940312284194638
-0.17017636441579415
-0.08010548236379392
-0.8263060468201986
-0.6159859797622508
0.5339154764307864
0.8314141962993672
0.10993038134802993
0.27261851866678993
1.3189894435891123
0.5512099127450896
-2.4497623195034506
-3.6652643336519732
-0.0833378319608106
4.975335046349342
4.991119076272715
-1.132749496186966
-6.268311743512556
-3.7744489424505248
2.8850255965002822
4.581247630969832
-0.19648260207008883
-3.631721089868486
-0.9392758834672724
3.1981073850903696
2.9256430717895427
-0.683657566621415
-3.0561880902089054
-2.6871088197709674
-0.8771643423365322
1.6137617962938433
3.9395627995898783
3.379562560016241
-1.3884797845316434
-5.943937228308346
-4.1625433408187815
2.626823203216008
6.028314228333682
2.22723237462717
-2.6144556426618877
-2.2479484491311026
0.4985797860344044
0.072511349525902
-1.9879076866768568
-1.035373558806056
1.482618620519326
1.1865925764770942
-0.409195735101135
0.9921876277415895
3.2778284898755397
0.9609416990065484
-4.2606321127547995
-4.986619208298761
0.1400677003095989
4.185543515913851
2.393983677631103
-1.5821226310455605
-2.0824848614643123
0.6937141161806482
2.4647843830904526
1.392164527450293
-0.9737910752326916
-3.0891037193550863
-3.767891283772046
-1.2181961755125994
3.951545076751664
6.770713238663702
3.4674003096522807
-2.791655007756892
-5.94108953785862
-4.667544377865475
-1.7456901088509253
1.500871466312807
4.7886909813960585
5.391528038640884
1.2440298194398194
-3.754182009388346
-3.6153015222952627
0.8413727544482533
2.6227967921737885
-1.1838670545127965
-4.9459944834098115
-2.709208482503888
3.04167551240096
5.226571547297043
2.5777721760123193
0.1559480989439587
0.08983405125537523
-0.9161315293850694
-3.9669086085020187
-5.0799850368895
-1.719443288645962
3.3125553420871494
5.829301230033284
4.148377864260923
-0.7899309690724089
-5.3538194283110645
-4.662449995918696
1.3326766041031561
5.538339243143284
2.688090407552663
-2.892020450614367
-4.0372818822777194
-0.8068828329197555
1.7347532011088822
1.454677420502158
0.06469129250355579
-0.5885339327194472
0.18276101930426225
1.791009555685869
1.849160875370944
-1.3050134608412296
-4.7070788152060095
-3.3564092367741165
2.2926711636191506
5.768676599739499
3.033024951428598
-2.1515468872907584
-3.550961551903386
-0.898320935085044
0.6283981531303184
-0.8674047981072286
-1.1666621855479795
1.8093117866831097
3.3389935817016436
0.3105350513095772
-2.363861026350468
-0.39383671589449804
1.6257097446771833
-1.124760527099776
-3.7329984842088715
-0.13223999605086775
4.83495300758092
2.793975955781037
-3.601507339248368
-4.433257844190875
1.47489209830639
4.814273747278147
0.893233675837953
-3.3770114882080504
-1.5420884354545685
2.221447583126148
1.2429599884651523
-2.5527808161381036
-2.931335512595601
0.41564654852312655
2.935515636435245
2.9750630236295907
1.948732132445258
-0.3711313857700876
-4.159417086660317
-5.655601775800238
-1.554342982850084
4.7164207870784205
6.652112593037182
2.7767184115131593
-2.8069507449854427
-5.731027399080338
-4.318369934559585
0.3503580792672347
4.60653336084918
4.466435707377614
0.3379107221816073
-2.5542561261237844
-1.24651188652846
0.3431697828304481
-1.797650109184761
-3.8359395211889216
0.1011190795480359
6.576209146445694
6.233507643538181
-1.622912897401366
-7.14304452119753
-4.38199495014091
1.2299291708734796
2.917233583246303
1.719028831223363
1.3893968078101815
1.2678229529557243
-0.7459546592660885
-2.94225840892191
-2.2500602496909545
0.5170452289223264
1.8290998448781666
0.9489328934537655
0.29366313057925103
0.4322118790298162
-0.42300780571898056
-1.7366455876490599
-0.9979084948791721
1.2162978053148226
1.8451272872804179
0.4830101471148137
-0.5614000402556903
-0.3959702060019633
-0.23151033661033318
-0.7984907781057032
-1.5232566554830071
-1.4381712016289376
0.3520774099108029
3.2845034153810966
4.088058169952843
0.5348763738004872
-3.7609551857373122
-3.4478648804277445
0.29116588665507154
1.6016732410929864
-0.6232435021550596
-1.572820408660493
1.0280621067024904
3.286058421562866
1.676052992679419
-1.583114836978732
-2.3085541263891822
-0.27631543251289786
1.115236718189581
-0.21408770012506428
-1.9717601728062937
-0.5682018060940109
2.7492444808810217
2.5812775525809286
-1.8692136516006943
-4.039754701990315
0.1123122974245623
4.867695940138815
2.9940005872751874
-3.0515903123177277
-5.01431228417887
-1.1337675547387371
2.6979670458436877
2.501040141814541
0.3772026128655588
-0.332228892171053
0.542189773646455
0.734858698941053
-1.050651725228965
-3.100416013952086
-2.712620452431407
0.20451203467097503
3.077009386898051
3.7034258330722527
2.0129535634437974
-0.5134942593208653
-2.2020297678045266
-2.365128527102845
-1.4605780105895014
-0.2541669511751829
0.5794714075985151
0.465529837424956
-0.24061782776269777
-0.045700285205969256
1.552107706797731
2.6625794276959867
1.5843850630947518
-0.47823184198074975
-1.5653264079777296
-2.092469099293121
-2.9313762365649163
-2.6064782230595176
0.07019598534125725
2.960111110703637
3.6133850548071873
2.7755815862084647
1.8827949551915466
-0.1653945451360519
-4.20271773650298
-6.746927461803072
-3.3409731393567563
4.061067844649959
7.722962499677607
3.6699970908370476
-3.1116527126530404
-5.083178140961348
-1.4430339800661385
1.7355271015490232
0.5577844485268073
-1.3073898495739007
0.6269907817666732
3.5525124764181757
1.895856610114353
-2.846413565415611
-3.9446968862699414
-0.137332665334379
2.5906636208743272
0.6835713182415618
-1.9451402272640623
-0.7456202759373928
2.5999182361061246
3.148913942417135
-0.2429769240975306
-3.6078857078864184
-3.028707048049188
0.6359925190995495
2.9192901056544702
1.229913066469176
-1.7892990063288723
-1.584005754880579
1.7733916682538027
3.0824762708533693
-0.46378423395935287
-4.463686462206922
-3.136459112665561
2.395010886456354
5.637682011671261
3.351286971606818
-1.5783336036647568
-5.131009404286433
-5.585492231202846
-2.6353996800211172
2.662944255677772
7.084773191498816
7.037919960411865
1.9113270141244516
