Theta
-3.246587291830477e-06
3.1015318525157666e-05
0.00046623387096726113
0.00252132609354775
0.008643331347282845
0.022308217890510403
0.04698107151965089
0.08379417193038281
0.1285283854162593
0.1703380587856984
0.1937798856669132
0.18274960187763054
0.12445179504773994
0.01297743845548666
-0.14800611015553053
-0.3445984130888471
-0.5545543648078424
-0.7510685279382207
-0.9069197171260852
-0.9974640845304237
-1.0021022285597911
-0.9046798980133496
-0.693333144734549
-0.36059533495972074
0.0949391309959811
0.6643841041859169
1.3222621141296687
2.020810147975031
2.6885842727597664
3.235763694132315
3.565848225224828
3.5910966439285517
3.2482459595551005
2.5113623297459595
1.3994379813617486
-0.022071935907800214
-1.6452611103279609
-3.32908555933737
-4.913578200025854
-6.2370669362207325
-7.154200131512315
-7.553404677772234
-7.371946820126745
-6.605450569585896
-5.308258925507717
-3.5825667161986217
-1.55846307080934
0.6285279849274442
2.8551482555190324
5.019239001236441
7.039140404674208
8.845340689057231
10.367925134240684
11.52470844905506
12.214368509038433
12.317240835682343
11.705235606630941
10.260817439794847
7.902797201700147
4.615194671474014
0.47438516178969586
-4.33161774801064
-9.498043558057825
-14.616490237796054
-19.20694201832961
-22.76601485086972
-24.826035697938167
-25.017600827953036
-23.126865538069506
-19.137992948045802
-13.252297334847713
-5.87986404768026
2.3949642816222663
10.869061452141711
18.79036544292585
25.434909603481188
30.183261450513715
32.58783415432256
32.4217858901115
29.70146223146817
24.67925765728249
17.810068400748257
9.698401474679526
1.0341838959086536
-7.475239391616195
-15.170516108409437
-21.497009275905533
-26.04678482019699
-28.582139310119743
-29.040611476871984
-27.52343785462637
-24.27064882319133
-19.6276690474599
-14.008405033290654
-7.858121937275998
-1.618178508679029
4.305404758234728
9.567277440017454
13.900057945906457
17.12306219979283
19.143082332167726
19.948104643484168
19.595620881503205
18.198486514603733
15.911427557016168
12.919951116210889
9.431500214706725
5.66704919985997
1.850870278523989
-1.8025107139193544
-5.102784611734168
-7.896581895691111
-10.075341652267554
-11.577007638736443
-12.382478003093237
-12.509089162252792
-12.003422460445872
-10.934849639823483
-9.39004623013031
-7.467994668052604
-5.275585590390193
-2.9248032815129634
-0.5318040260357314
1.7833421464800336
3.8978888968110232
5.689838426414439
7.0446650127064245
7.8659270428843096
8.08844350566845
7.690953857275281
6.705450691615326
5.221545866066186
3.3845049747424407
1.3856682647604333
-0.5551789996609164
-2.2146775376596595
-3.3954388022906494
-3.9556650277428194
-3.833366364482045
-3.0603163453022146
-1.7623753118136023
-0.14492965022573087
1.5355333998908174
3.010228287195894
4.040696772280408
4.4567758116751035
4.182544982527994
3.2459366136088663
1.7710545847594246
-0.0444889243393264
-1.9626423921230973
-3.7429376990075065
-5.179379224459636
-6.129321731172644
-6.5280631525071815
-6.386351300582866
-5.773348892917033
-4.791906015228919
-3.5542933865710267
-2.1645780140105493
-0.7096689388479634
0.7422251972039958
2.1373639464900283
3.4277135361386253
4.560186008599232
5.4682702897592605
6.070615321232976
6.278956975334691
6.014624392962364
5.230563938146483
3.9343869130042664
2.206623784319223
0.20777397610522083
-1.8311044987812706
-3.6356701061783694
-4.928824657309112
-5.476175802838894
-5.129256293550428
-3.8603972218534084
-1.7815539035231676
0.8592641632993632
3.7040186767466823
6.328142196317731
8.295580951002721
9.219117206200455
8.818405898197348
6.967623993028337
3.7257234183156207
-0.65556820625893
-5.748292178169709
-10.988926773515091
-15.739835798348635
-19.36509044974574
-21.311342453867024
-21.182601874375383
-18.798478609492324
-14.22830749049179
-7.796462798420801
-0.05676509594300879
8.26258360730784
16.337828362363783
23.342478246213727
28.541512896528474
31.374426112398986
31.51727920344614
28.917174789119706
23.79583481430004
16.622787978190505
8.062045278566186
-1.1013549522313228
-10.046147696539698
-18.0006034110256
-24.31912645959849
-28.540850901983095
-30.423472354412812
-29.949796118368635
-27.309766606812445
-22.86354772410243
-17.091507762277388
-10.537653278797125
-3.7537692474979
2.7499222225166613
8.543932009413417
13.305735513678428
16.831425391043325
19.03358327549207
19.9282048464181
19.614454244410055
18.25168382431648
16.037802471942552
13.190939292097063
9.934387418256179
6.484632365702169
3.042261636443271
-0.21530194851759565
-3.1402822074800696
-5.620141855407263
-7.581705207106702
-8.993195673192606
-9.863021451171052
-10.234385056685404
-10.176386501356903
-9.773357679523691
-9.113798690432416
-8.279492103125092
-7.3352711469678225
-6.320941914822396
-5.247818839528924
-4.101438356347666
-2.849930934048314
-1.4562093401537914
0.10828712598228057
1.8504394586920292
3.7442067775358803
5.722225216407424
7.6722554107415295
9.44112579013993
10.847296854282735
11.701390625830992
11.833627220672184
11.12593181816632
9.542900290916405
7.152695513233233
4.130173585187958
0.7401410105336107
-2.69535522068063
-5.839062423015743
-8.383247512010751
-10.090764620065386
-10.826345538764723
-10.573013624410068
-9.430693768245098
-7.59755638828613
-5.338169993713006
-2.944406841481248
-0.6955455087317455
1.1763134030249331
2.5111173283745076
3.2340502300562655
3.3567631627421766
2.9672543342359146
2.210235626091405
1.2620945960172538
0.3059188200054087
-0.4899436956010376
-0.9894964643963212
-1.1032952896156114
-0.7983881777883401
-0.101910901252655
0.9039037754139945
2.0955960480656164
3.3283325388528824
4.456875211596075
5.352973977477106
5.916383214048177
6.079004008552952
5.803208917293918
5.077098066050019
3.911010132474287
2.3383833831782863
0.42051479289774324
-1.7476781771239076
-4.034274826076781
-6.272300561451938
-8.269082462323842
-9.823779818983194
-10.751638579470061
-10.91076558630294
-10.22584679550838
-8.704064487135968
-6.440447165002006
-3.6116501107204044
-0.45835778665213534
2.7415044450144643
5.703691556513729
8.167310529134932
9.9210153081052
10.825556194220992
10.830929566672335
9.984251917315946
8.424995066908886
6.367159682360927
4.0710490237965775
1.8085992969380287
-0.17356971789836648
-1.6883306095586346
-2.633685905749233
-3.005538632853987
-2.896131718437532
-2.4787366650148814
-1.979983195104763
-1.6424113326009877
-1.6822540439947538
-2.2492475079630534
-3.39449033279865
-5.0507297213436075
-7.029212670799848
-9.03644438334991
-10.710331105482544
-11.6706388716348
-11.576752693174724
-10.18510099449555
-7.397467757679919
-3.291639357162507
1.8711962667067328
7.664051008143334
13.534923372269903
18.865316257371926
23.038533833694444
25.509576808796062
25.869419034256182
23.897487610907874
19.597168110173666
13.210137425681324
5.206601896021618
-3.7496649311875645
-12.860158660268123
-21.269482790827684
-28.153368387839436
-32.80618289866429
-34.71818728112829
-33.634551788188894
-29.589386173041536
-22.909534659598908
-14.18575556937396
-4.213450771012796
6.089894215587562
15.780264494370611
23.984801503296296
29.990908636042228
33.31619780694879
33.751068270124875
31.370684596460706
26.516810346981906
19.75122143425354
11.785436140694644
3.3966072711756565
-4.658566515174384
-11.721730485589633
-17.293807574832698
-21.071790967576646
-22.958294842155993
-23.0456406927138
-21.579523249741694
-18.908926173869073
-15.42955036439609
-11.5281930585678
-7.535458179048643
-3.6935488882178107
-0.14435468719525968
3.060587881313228
5.93223588233482
8.50615243587746
10.803256067082858
12.798034989207922
14.402510884724103
15.470930757425016
15.824973437032872
15.293930641355953
13.760075905158244
11.198351510627406
7.7018919403493475
3.4883484151514277
-1.1148584729394277
-5.704764561017887
-9.851278592381297
-13.15204260084894
-15.28565288300239
-16.05612334714361
-15.422712069098115
-13.510177299181334
-10.595186010675093
-7.06736587509901
-3.370271433353358
0.06580953207943123
2.8861221283207366
4.858801526370253
5.900807114501921
6.07919124264048
5.588248460959994
4.707042430033863
3.7452206532694636
2.9869299849714666
2.6422988977993946
2.813693440998641
3.480756198774878
4.505278867040461
5.654895188277625
6.642532236784505
7.175691346073364
7.007297852498174
5.979778420209789
4.055853186574165
1.3320715069562667
-1.966334488810744
-5.5087571288786865
-8.898644922699729
-11.724882800269693
-13.618307011009856
-14.304902412983319
-13.647335995198956
-11.668283368377887
-8.5524788811812
-4.628167723052129
-0.33023029929913356
3.852804243864072
7.443826117920474
10.045798084650404
11.401749881011465
11.433723683344965
10.252205506867616
8.134341438345249
5.475767291713396
2.7248430416489517
0.3102033164410116
-1.4265110988227567
-2.2820064237808717
-2.219068321251494
-1.3668565770991075
0.00558172625677729
1.5375838690956574
2.8388395097408177
3.5552233012713232
3.428213938141074
2.3389352757820823
0.3306646562493524
-2.393186012867286
-5.495619198865256
-8.553757157177387
-11.12056783414326
-12.79075834469162
-13.260497712068052
-12.372147016085378
-10.137835113602426
-6.738739926566776
-2.5003722347491335
2.151420220651966
6.745133297299816
10.819846425089123
13.976186355305058
15.917388377353072
16.47730389730102
15.633676777742046
13.506243267172488
10.34009297249531
6.475653498527549
2.3079830482630608
-1.7599456263947593
-5.363625533347488
-8.216892613370234
-10.14035505971328
-11.074413096073595
-11.074700821881356
-10.291210112506178
-8.935892313039181
-7.245434964381038
-5.44572836373852
-3.7229391752964522
-2.204416636548741
-0.9512950416472702
0.03727516702223189
0.810659233949986
1.4473391510201812
2.0324624539396594
2.6358516487274293
3.295358708963802
4.009135198107098
4.736516837272062
5.405030880974765
5.921862086495184
6.189133839302706
6.121704985222418
5.6646251270356895
4.806515225712722
3.586017229646279
2.090532120799966
0.44787732646422457
-1.1883063625310715
-2.658214173240394
-3.8181967323401285
-4.562041058672685
-4.837241916471324
-4.653629505061606
-4.083477565518742
-3.252589844212918
-2.322365875184823
-1.4654825955607798
-0.8397757774727709
-0.5638661960068989
-0.6970251236997562
-1.2265042173276737
-2.0659160670186925
-3.066587415195431
-4.040248967646012
-4.788142083697016
-5.131085056363353
-4.935589261129023
-4.130828120637945
-2.7130090074911517
-0.7386208096425119
1.687868372778703
4.425829970453981
7.30660630206708
10.138660786740013
12.712031296391084
14.803439622163884
16.183392892014446
16.628058201408518
15.938798766847688
13.969677204807
10.65918742866934
6.059689030556966
0.358132908221686
-6.116950474593845
-12.906104768615295
-19.44910539627039
-25.133220560076126
-29.355123556858292
-31.58947296940812
-31.45531634788716
-28.77130092869254
-23.59207624939228
-16.220300580653973
-7.190998932772598
2.7721612935110036
12.825256065773011
22.089468618629088
29.743287512712733
35.11076810307257
37.73478091487302
37.42529313309911
34.276117179940165
28.6476285221941
21.11769532285288
12.40840368118188
3.2994166289188924
-5.460284220098056
-13.230112368215885
-19.534383352657347
-24.091564215919185
-26.815242752983988
-27.789464414713485
-27.22451953240295
-25.402446009632083
-22.622505129177686
-19.155491421019576
-15.213893802408448
-10.942494246893697
-6.429457820142243
-1.7332404844627913
3.0821111303907927
7.912921550560187
12.59392997350233
16.89592778571324
20.543749393507756
23.249783133640456
24.75561886764749
24.87386821609273
23.52217273343472
20.74229888216011
16.700731928025554
11.672163452160191
6.010077311872157
0.10908453518625859
-5.635668316402386
-10.865868269102359
-15.288956082691943
-18.69570894723105
-20.96561494985547
-22.06080781616657
-22.011429262673406
-20.89703025801265
-18.828700184637484
-15.93535853103113
-12.35593865037581
-8.237525195784954
-3.738345659920181
0.9663930382765031
5.678832388887789
10.176142919692717
14.213886204295488
17.536785708892122
19.898026500107058
21.085965555182135
20.954024477221903
19.447959956540554
16.62506290213389
12.661108676271418
7.8429119643447605
2.5466549338608804
-2.796456455260104
-7.7443925126547555
-11.892779869115435
-14.919648180723913
-16.619201163875495
-16.920416445719685
-15.88916191041814
-13.714699594379727
-10.683020057036797
-7.140615918863581
-3.453618882412452
0.03198556369130704
3.0241962436795995
5.3098779104142375
6.769319541534799
7.380107985514833
7.210455680424713
6.402884598258229
5.150616176306713
3.670053062221027
2.1728169544398614
0.8410422898362536
-0.1901922760201553
-0.8410434520313335
-1.0863614383134754
-0.9489214195707844
-0.4892765464414498
0.20494781947691273
1.0279379092847898
1.861954055743427
2.582814476042468
3.0682876084724215
3.211620430133035
2.9384630937317175
2.2228562128880984
1.098108392072779
-0.3404401654694371
-1.9424583616503073
-3.519474598338197
-4.869607651744056
-5.806455978424738
-6.187684710701699
-5.939430645298122
-5.072930091154046
-3.689121416234194
-1.9677665163379527
-0.1414988280934011
1.5403116012215214
2.851036456225417
3.622937791837239
3.7739835126209416
3.320994239415427
2.3775551170599263
1.1374312082719926
-0.15425077105179186
-1.2383212252599827
-1.8823799638309284
-1.9193984523045913
-1.278518247029712
-0.0031009075921644047
1.74827224460272
3.7201571811640535
5.595797835541386
7.043721878137094
7.76829913666925
7.557292650055683
6.319141486622746
4.103731078671328
1.103095927484264
-2.3687996986431004
-5.915408186844013
-9.110735745780023
-11.557824110164967
-12.943527271211426
-13.08162448589747
-11.93754647218534
-9.630532179765886
-6.4136915049821805
-2.63675879519043
1.301806089063664
5.006084911887287
8.12944636728621
10.409985149579981
11.691807424800785
11.932931775476343
11.200829678569683
9.655656111994059
7.522432752822629
5.056453092036886
2.5083486077183115
0.09491869346878277
-2.0205581854058807
-3.7373416010291645
-5.015954604191556
-5.868104967782322
-6.3405335873250515
-6.496499622845957
-6.398458566272612
-6.094706173214903
-5.61254200255776
-4.959611080718534
-4.132191785356179
-3.1269845238592366
-1.953475877002736
-0.6445995669911437
0.7375246946409099
2.1040543458687586
3.350608256733713
4.374031202587866
5.090188401562665
5.448920454348065
5.442689349961957
5.106310282368141
4.508128670764142
3.7355609469281847
2.8781934472947737
2.011731164313271
1.18638869479926
0.4221873055541054
-0.28829240405330936
-0.9708034961127566
-1.6563456602056283
-2.3668629233066842
-3.1025175992157203
-3.833587075560556
-4.499239135165003
-5.013553664977777
-5.277910954284673
-5.198341769252936
-4.705580545110015
-3.7740902186139182
-2.435164008135296
-0.7805202099487775
1.0436271021959425
2.850284351397866
4.4328236705708814
5.593606330932171
6.176791564456047
6.097696529883003
5.36053467090488
4.060676048330663
2.3725156180775735
0.525888664899365
-1.225878312066073
-2.6423515842680154
-3.531836005339199
-3.7813384183414542
-3.375404148657283
-2.3995946173266525
-1.0270159985510185
0.509830501338398
1.9559080630095993
3.0717938951892347
3.6674806503792206
3.6286382196455422
2.9326172706008786
1.651815278479571
-0.05582091788486831
-1.9675259103415417
-3.8255375177218216
-5.37251276934238
-6.38699976823282
-6.713516818414198
-6.28374332203614
-5.126261968226665
-3.3626741645098717
-1.1905616002231165
1.14264306026422
3.3699958649057384
5.236269395876859
6.52795179373917
7.099796982450956
6.894681126385803
5.953129478485485
4.410174961780633
2.47899032011541
0.4227521698473119
-1.481176171456578
-2.979407821342926
-3.8782164151189176
-4.072056541414238
-3.5601992111057577
-2.447678276930365
-0.9289375616505535
0.7434977631222687
2.2993689267795956
3.492995799101044
4.140170579086313
4.1423101457494536
3.4933540633660174
2.2696346534689305
0.6073161384285486
-1.3252042225554943
-3.3529507256231867
-5.3137650702716215
-7.068865809909432
-8.50335995893834
-9.518740232342319
-10.022834267602706
-9.923123054526618
-9.127198847148684
-7.5522163181602195
-5.143846267740476
-1.9027087653840251
2.08698361390363
6.6344538400310755
11.434288991198201
16.080054985563706
20.099595799565634
23.006162482773217
24.357796577134682
23.816984903028494
21.20204178787243
16.522689458089477
9.995076592833579
2.0345487724241247
-6.772888812052375
-15.717447405544512
-24.026537587643652
-30.935026910697317
-35.759320962876245
-37.96859102909261
-37.245100661870914
-33.525404736331566
-27.016214915659113
-18.182448801735994
-7.708791107049389
3.561056268850758
14.701334098075877
24.789954835486867
32.9947469404328
38.65186391017651
41.32841936992189
40.8620270967448
37.371661674940114
31.238086256796535
23.056812054838623
13.570199124458513
3.5875250545232578
-6.0970997447377675
-14.779413428277785
-21.904010941261134
-27.101164277832467
-30.198187734857513
-31.20708780970809
-30.29428580212374
-27.73927215599389
-23.8886175064093
-19.11166867389467
-13.764231772184177
-8.165016973407756
-2.585819282839212
2.7474744176397237
7.647300067645082
11.954463479481351
15.53045229988159
18.255958932120418
20.036395039937773
20.8115471799808
20.56515060766849
19.331408645120668
17.197326967788705
14.300401112265963
10.821193769366857
6.970905170388113
2.975236929921751
-0.9432400864424751
-4.581986651344641
-7.772698299855389
-10.391079472213391
-12.361545771639738
-13.65738920893592
-14.296456799414996
-14.331707455052566
-13.837344408310335
-12.893233465387366
-11.571157441241667
-9.9263036939353
-7.996169753099388
-5.806738010196207
-3.3837519642818603
-0.7662167420423579
1.9808347114003266
4.757453939189922
7.42685675091872
9.822368441269937
11.763010371564619
13.075975792289235
13.623289560234516
13.328003123879071
12.193464985737204
10.310284521044627
7.848965858134949
5.039365441641785
2.1405378201588587
-0.5936845930778745
-2.947213995856781
-4.766673344425065
-5.975281159343305
-6.574990875662234
-6.638183909337453
-6.29130446468626
-5.693638760195597
-5.014525660577534
-4.411526092297199
-4.011027440973622
-3.89202809910255
-4.074094623861945
-4.5113151665976705
-5.094415598212564
-5.662723087977057
-6.025791369838416
-5.991365716489927
-5.394715803147512
-4.125621448990603
-2.150668773953582
0.47193085232003334
3.5882185030500127
6.957022139785613
10.270897920101815
13.187500147137992
15.368492280326953
16.52200466355727
16.44291626342627
15.044531813115043
12.376713343075126
8.627834287955135
4.109649541139212
-0.7743196434835562
-5.574321692844899
-9.848738300826051
-13.219725443744787
-15.42140113293115
-16.332285959257884
-15.985564026657604
-14.554617803406332
-12.316760091676276
-9.602729704597254
-6.741714714876766
-4.011607775929542
-1.6026346394012796
0.39993906124123996
2.0117672476907105
3.326270328308949
4.478434646158521
5.603351449014088
6.797345338574368
8.088681049900428
9.423108836676638
10.666966855872282
11.62735155887564
12.085604186225952
11.838091518992343
10.737364667085428
8.726906349210704
5.863521358859537
2.3229700629638654
-1.6131719818807426
-5.588449895691765
-9.216281632633642
-12.131788497141233
-14.041941330458892
-14.765381291021537
-14.255905172061277
-12.60692876766947
-10.036811719737448
-6.857308134667746
-3.4302207586537525
-0.11956382666285861
2.753366655156252
4.9465767960143525
6.3222626594075875
6.8576581133717704
6.640419493646019
5.848915795117573
4.7199527032812725
3.508621579421745
2.4468350205770477
1.7074384817201553
1.3793716640844371
1.4576610249166686
1.8502227431137062
2.400510636627695
2.9215299281246443
3.2342019816030563
3.202324348432791
2.757666764526765
1.9112890731791528
0.7496262906048262
-0.5836269840984016
-1.9158118470991425
-3.0774694310679744
-3.931766869186678
-4.396072263398828
-4.452846460959435
-4.149049705765948
-3.584786456763076
-2.8933435453820833
-2.2160676522605653
-1.6765551320694674
-1.3592528364286016
-1.2967652126501614
-1.4675569885492192
-1.8027549808743215
-2.199058940219097
-2.535270933986116
-2.6914043609112364
-2.5685241662536806
-2.1046024595350787
-1.2814846737682823
-0.12222274510360909
1.3176441475034135
2.96060618369023
4.717135703195605
6.493602784701333
8.195885792132035
9.726962242589918
10.98005401406924
11.832169014621527
12.143145107507411
11.762882717807653
10.547058508104802
8.380525170882626
5.206243150974083
1.055164254582006
-3.9292517400555464
-9.478061911365362
-15.199957444205987
-20.60250970764933
-25.13108826530155
-28.22319043478243
-29.373975891278345
-28.206026681555635
-24.534047153906617
-18.414604408943223
-10.171438690497338
-0.38844523969668937
10.133050739164826
20.44930539786509
29.57249149529627
36.58053933268509
40.72530020933042
41.525354567175256
38.830381684026584
32.846414449131395
24.11679819732463
13.461575308817295
1.8846145275698385
-9.539154749437873
-19.782516366165716
-27.97568992367402
-33.493609429489574
-36.011652034793755
-35.52421828944304
-32.324229734145106
-26.94776649366735
-20.093694786119208
-12.5304573417593
-5.002725882956383
1.8501307863231056
7.554490700310695
11.835971003192808
14.623351302108825
16.024191039961824
16.27822615861758
15.698604527771943
14.611682823432274
13.304073624409531
11.983653161535063
10.75923221750788
9.640079811951336
8.552706090178745
7.3701191887894195
5.948137548305057
4.163260749732141
1.946234463694174
-0.694601693597141
-3.664313862677034
-6.787650919758088
-9.828747191007
-12.520729131695102
-14.600915054058628
-15.846952417543783
-16.108644263174515
-15.329843793182656
-13.556368644483118
-10.929300616157512
-7.665859516079948
-4.031376885820638
-0.30717422602101174
3.2397059485993527
6.379988363060736
8.937192906746667
10.795288326111578
11.900587380705907
12.259043769625773
11.929999632235464
11.016786251605332
9.65353785996021
7.988599301807594
6.167627212310142
4.320051054167491
2.550149533861807
0.931838512239848
-0.4937253336187453
-1.7175474716290702
-2.75857670938441
-3.655795083385247
-4.457337932153611
-5.208067269097755
-5.937775289134299
-6.652211647847938
-7.328096814464341
-7.912622750234783
-8.327978100855674
-8.48065436223938
-8.27383863715788
-7.6209147353714926
-6.45905722736377
-4.762546046032981
-2.554974782861888
0.08170437419846076
3.0044480497161627
6.015458780063309
8.877877817185636
11.338027765331411
13.150245200663237
14.101845592264672
14.037545416000363
12.882193516161518
10.658742992485568
7.4977919114402765
3.6361330900323945
-0.5973542603691633
-4.809546013156287
-8.58363812475428
-11.528259889396434
-13.32877201146463
-13.79330688880321
-12.885545811306944
-10.737135576397678
-7.6356178073595835
-3.987815052586542
-0.2630979225237332
3.0744194180611375
5.6325712010449855
7.145038668544907
7.504524820036409
6.7715883820124105
5.158896677965324
2.993503665075465
0.6627033195239812
-1.4477322734140965
-3.0117968260324512
-3.80798142223565
-3.7450531201272907
-2.867919369995448
-1.3447835751098025
0.5621372472804584
2.5382712886049523
4.264365579603348
5.462783006933162
5.936036874175271
5.592989825226469
4.459700584135769
2.6736299511742265
0.46233309107100196
-1.889607013917542
-4.079829477260516
-5.827840998684831
-6.91040594528742
-7.189145054606102
-6.627237897718174
-5.292871350723585
-3.3488414815980554
-1.0300124705701246
1.387393138043237
3.619553665218718
5.407717888295892
6.547222821566097
6.910588691623847
6.462218992214797
5.262683147179242
3.461634927999482
1.2798412502856764
-1.0181683163814683
-3.1582924192557997
-4.893052724070949
-6.0332601558185015
-6.470197082768423
-6.186530983771071
-5.2560266252286825
-3.8322581659942547
-2.1263010525880466
-0.3750739545328855
1.1945841716935104
2.3995705428611953
3.1268307175018917
3.3488713712698686
3.1260408080838893
2.594462929481163
1.9405766472419996
1.3663177800623607
1.0514636649632534
1.1197097471689452
1.6139677262348564
2.4849457254721523
3.594302235415494
4.731261159151861
5.641110133935954
6.063089439618165
5.77276681775701
4.622282284215862
2.5717438736162603
-0.29353642424399184
-3.7623624112188776
-7.51339072952327
-11.146238907403093
-14.225721405865466
-16.334583577415035
-17.12819000187366
-16.383687045784168
-14.035948011484669
-10.194385923242638
-5.138583597746181
0.7059663252219206
6.809318811171674
12.592074574611594
17.48859998640922
21.011454152903557
22.808811107783185
22.706345944168657
20.726820475931135
17.08463690688496
12.157010787108158
6.436559732007002
0.4719088940134856
-5.196329386682011
-10.09644283326766
-13.875180180327598
-16.32873264154706
-17.41124142710488
-17.22114735815164
-15.969259427284738
-13.935324361391181
-11.42128434805424
-8.708533830137359
-6.024700915263582
-3.5237326495408543
-1.2805958067181007
0.7008351613394963
2.4696065895611476
4.102410564325796
5.674618434884376
7.231877317381215
8.76786386761467
10.214184677194645
11.445987037866603
12.302260699436008
12.616049316856413
12.248135791491082
11.11720835696837
9.220140566398252
6.6387902652409325
3.533411471847494
0.12516478012066415
-3.3289315892324653
-6.564909325746484
-9.340582213695477
-11.4601444516845
-12.791638952567153
-13.275805584590335
-12.926276010327658
-11.822309407063463
-10.095846157214353
-7.914642568735735
-5.463484108473912
-2.9257423979447834
-0.4673374953407188
1.7749209450511494
3.6991380285691804
5.238758909554612
6.360003319437
7.058699604835028
7.357436022860788
7.302319736542501
6.958061037936796
6.400960836379605
5.710378152125169
4.959487810988626
4.206398823198422
3.4872562865454424
2.8127370089522032
2.168319522095108
1.5184867089087828
0.8156526950294548
0.013594581200913962
-0.9175841003429652
-1.9790479043705849
-3.1360923554640987
-4.317485787979422
-5.421705334722834
-6.329732364753666
-6.92323261801316
-7.105822540996702
-6.823654308835363
-6.080411208175886
-4.942030438458293
-3.5286929279980828
-1.9949933357986243
-0.5023638172866662
0.8098604691240019
1.8480154048718431
2.577488329761609
3.0229310612793734
3.25416046696156
3.3609466295909725
3.4248831159853506
3.4976083245752014
3.591520805026227
3.6841797643906937
3.73287416861038
3.6936412228600783
3.539280378414003
3.2713814590660095
2.9223129550868365
2.5460844276114236
2.200840457854129
1.9283988240666543
1.737004282276229
1.5921623506056015
1.41774874614217
1.1070657756192834
0.5418707547612536
-0.38342535369699404
-1.73565750767633
-3.519056536244925
-5.658756489420158
-7.9961748036626865
-10.298183109552665
-12.279038115410856
-13.632531113977851
-14.071412327321143
-13.369948123642615
-11.40338980553569
-8.177621277233468
-3.8440775386627135
1.3031096094438572
6.8495557765225525
12.301531720932303
17.13948953118465
20.875575038687803
23.107354156067398
23.562334739240438
22.129863038627736
18.878097632630027
14.053781091137392
8.062841510724795
1.4322380227921767
-5.243040618047751
-11.361484089193413
-16.377996333194826
-19.861507613547754
-21.541179810301898
-21.33594431465201
-19.36317181860449
-15.923942618371367
-11.465758839605948
-6.52784641487667
-1.6761777337653565
2.565013632710697
5.777811744575729
7.7024142132101865
8.267857867609198
7.5964119678401065
5.980643760243029
3.836533876909612
1.639440580868201
-0.147916946040064
-1.144960111582919
-1.1099401064285128
0.024703821274392967
2.1432598123149402
4.963954290368158
8.078486871907586
11.007905914344168
13.267660828489745
14.433950947604961
14.203451121798622
12.43870093341854
9.1922529320155
4.705190486432193
-0.6202052476448159
-6.269693562007283
-11.681533769980007
-16.317570999523078
-19.73049278832599
-21.616547107831657
-21.846026629881553
-20.468821395559747
-17.69642612467035
-13.863990450200657
-9.378070949656733
-4.658435777810052
-0.08342950989432785
4.05302399141531
7.567075507216645
10.390010337456903
12.55252361990976
14.151860540375868
15.309502618027283
16.129383858572012
16.665346560853884
16.902789903545504
16.756086437650833
16.081673759240235
14.705661663809721
12.462488164573553
9.238076800828516
5.009607770454736
-0.12503878153612746
-5.93351347930965
-12.054431922210568
-18.02285000215303
-23.313501085820324
-27.3969571111029
-29.80186445618697
-30.17488392388873
-28.33005032590058
-24.281266699655188
-18.25391412519835
-10.67336883469356
-2.130403098106224
6.673990727313655
14.999070001503936
22.14174378629403
27.51051479133537
30.686184211898418
31.462106153101423
29.859863125378766
26.11941643766816
20.66583366859999
14.057204162913097
6.9202951755291275
-0.11803233822302991
-6.49520150757342
-11.765786159298608
-15.637401574691326
-17.98579406439021
-18.847750911564308
-18.3944572437237
-16.891554656093156
-14.65325737842173
-11.99722193586613
-9.206224020899068
-6.5014936663865
-4.029712128957801
-1.8627944459427195
-0.008302232889623071
1.5724116755973307
2.9421553252805177
4.1660011850482155
5.293048119150391
6.344456190438023
7.308994276748954
8.145772384749248
8.792573566111864
9.17741699676973
9.230984620369618
8.89831818674396
8.148939995394768
6.984416934104898
5.44162026840387
3.5903201304243253
1.5260937914088264
-0.6386620699513654
-2.7837029445156776
-4.789802720392354
-6.547690451663095
-7.9661674321335205
-8.977807531992479
-9.541082416094872
-9.63876609764754
-9.273575811966925
-8.46330963029347
-7.2382695739153915
-5.642333894475723
-3.7368919430342125
-1.6055165760921701
0.6436350807428063
2.8806707226235893
4.962931875268058
6.748306103688652
8.110100406324044
8.95084569485818
9.212776101541955
8.88354506085619
7.996815665010903
6.628223197218314
4.8877707686882985
2.9098132983068012
0.8416189092276551
-1.1684201813262043
-2.9819194129679656
-4.480709621768952
-5.576496213826292
-6.219695771590513
-6.405369307019371
-6.172992626422406
-5.598036049064354
-4.7765564025226
-3.806845416337783
-2.7728806950445475
-1.7333286891069961
-0.7182855092709153
0.2662019104000449
1.2281906095052433
2.1775510892305725
3.1132002514051194
4.01125523778525
4.8167813599464795
5.442623679928996
5.777575257543335
5.7036276845852605
5.119821290213625
3.9686830196174965
2.259856693947858
0.08515341006914752
-2.3788182890329854
-4.8817919883411065
-7.1249931995812945
-8.798938299700351
-9.629047393925669
-9.421320122876493
-8.099851603870855
-5.729251254615692
-2.517426929335016
1.2026561465352006
5.010503478734197
8.450203333790288
11.089774019142936
12.57921772741374
12.699324377500613
11.39447633422861
8.78440661896883
5.152687346038194
0.9130696670139936
-3.4421197770880365
-7.404574069688003
-10.515006385181762
-12.42211231561409
-12.927979444624746
-12.013426719108283
-9.838797276906398
-6.719348281781969
-3.078498262969714
0.6142648206122213
3.9113091071327872
6.449665066900983
7.998276709467629
8.48203935743762
7.9796031793376505
6.697053884109175
4.923618060674973
2.978184368629809
1.1565663721638102
-0.31205103148987645
-1.2944889574120026
-1.7661799783314995
-1.8049238925850812
-1.5653258989186103
-1.2382914213725618
-1.0051335342609835
-0.9966682720538789
-1.264766066124785
-1.7713704159563226
-2.3977036184011395
-2.971842974840533
-3.3080826258871974
-3.249212458244437
-2.7027108134781157
-1.663656627035933
-0.2206513119380997
1.4556380520119114
3.1390123520485522
4.584187773055192
5.566024236117572
5.914745060968258
5.542139846241166
4.4554293280700135
2.7571800556113013
0.6320861796539212
-1.676409909137575
-3.8963412836960964
-5.761386253290368
-7.045053525573876
-7.589422380694051
-7.323813097484724
-6.2715943242254095
-4.545308004824846
-2.331019648412613
0.13598095514783237
2.600192309185942
4.814779196935161
6.56635564412616
7.693824779387868
8.101160749141146
7.764496681337354
6.73360773465156
5.12731662241116
3.121914554541797
0.932197849084047
-1.2137647066184458
-3.1031414839088316
-4.565497031467605
-5.493529641823093
-5.85364857389892
-5.684991009790673
-5.087618653729495
-4.202033600229166
-3.1832195924083444
-2.173617025892814
-1.2800461412151765
-0.5589072628135069
-0.012695668496403117
0.40080675778606195
0.7483161431128774
1.0954312544006475
1.483589424047566
1.9164013251711303
2.358626792970535
2.7471297021798384
3.009514710747578
3.0841124978643912
2.9360036979151345
2.566110092496374
2.011930091259584
1.3401791127100315
0.6337130026416052
-0.02385655858764105
-0.562594299793163
-0.9370647682351236
-1.1318663977287469
-1.161302953443317
-1.063774708600888
-0.8926231371560998
-0.7057052853135755
-0.555801501708448
-0.48337281634704976
-0.5122026576824015
-0.6475816585343095
-0.876466734728257
-1.1692441087211833
-1.4831079138094982
-1.7673826535325
-1.970799106137516
-2.0496751487087863
-1.9749769778669783
-1.7365014370440253
-1.3438159247746146
-0.8244673596889928
-0.21992378448158112
0.4200383713741205
1.0434811253217153
1.6024727035378528
2.058999961547392
2.389497062770407
2.5863666242095973
2.6559959929766497
2.614706316938371
2.4848781784861393
2.2920773134317813
2.061859759853773
1.815068602829486
1.5630165105721154
1.3053793564927911
1.0319158354061697
0.7266961911800992
0.3728172795445276
-0.043604065617985445
-0.5300410371217709
-1.0842825262976457
-1.6921822285868526
-2.3281298867485267
-2.9581208931512215
-3.543423843578156
-4.043572990020605
-4.41917550845678
-4.635353320488853
-4.66543615135497
-4.493266156744067
-4.112687311435111
-3.5246217924955836
-2.7338564886458645
-1.747572566576194
-0.5762340069302044
0.7634997732015246
2.244269746845978
3.8226702158713213
5.434508286243739
6.992232236954655
8.385468117625038
9.485308756274291
10.153395612736206
10.256669053888402
9.687043405141791
8.382979425068237
6.3483225715034655
3.6640234936422673
0.49027142375181487
-2.9420368509720216
-6.351087959519046
-9.434067917229799
-11.903488249900557
-13.524589365447074
-14.147368402169368
-13.726865396022019
-12.328303627821295
-10.117680778679123
-7.340830936760879
-4.294125244203777
-1.2884855591034532
1.3912702236672334
3.5258375594134397
4.991218249914387
5.772895124148305
5.962540429705147
5.738933868106159
5.337141366319332
5.010279365656135
4.987585198056857
5.433113963449177
6.41072434996172
7.861730579673036
9.600852423651595
11.333568891529728
12.694188204509336
13.299630646306133
12.810248345708416
10.98732203278894
7.73738219713643
3.1362322402542184
-2.5698527410146097
-8.984008336148614
-15.59530922073574
-21.82593011234858
-27.083302653213018
-30.81385308173922
-32.5559176187993
-31.988188249142404
-28.969006781441692
-23.562242437845736
-16.045935897505807
-6.899916718258196
3.229327834250863
13.58319178568283
23.357638830273732
31.77495249285046
38.15445321426852
41.97507423265323
42.922062414042884
40.91229298512276
36.09663577911187
28.84118779534571
19.69095162868845
9.320063152410462
-1.5269929173048036
-12.0977162181345
-21.690806403830685
-29.706034937300885
-35.680969885712045
-39.3132549534214
-40.46867194150526
-39.17631681215502
-35.61324697483806
-30.081877743823448
-22.98372014218125
-14.79199293012015
-6.023834988479159
2.788223697035921
11.1258110983602
18.514672559392352
24.5531532968892
28.936544563670914
31.47492195845408
32.10295771988606
30.880796311543573
27.985480713009423
23.69330754444148
18.354595163450323
12.36293005245167
6.121742058531021
0.012364926815358774
-5.632188420660589
-10.545262566216723
-14.535820819354072
-17.489443860239977
-19.362471095737867
-20.17177920173589
-19.983426505589907
-18.902729901591357
-17.066330722861544
-14.634887441979508
-11.784449039627637
-8.69556047897029
-5.540815380743305
-2.4726105729969463
0.3867108605407942
2.950146443769183
5.165909777510615
7.01321173811679
8.496165484530607
9.637124892680612
10.469363389697172
11.028800969559184
11.345727572724002
11.43807282648885
11.306861657613004
10.934059804210078
10.283735458931094
9.307802654504146
7.956775351319584
6.1942346829721435
4.0120786293477115
1.4431643543167305
-1.431498864807198
-4.482599664985576
-7.539227946420453
-10.401397466582662
-12.857775106570465
-14.707443646998303
-15.782485185777952
-15.967229468245709
-15.21145152987238
-13.536846007993503
-11.03704592848431
-7.871757521923988
-4.255739694742285
-0.44288591556063994
3.2945831525536784
6.690700913063203
9.511614039285234
11.579557902477996
12.791448601389051
13.128822313275295
12.656961482607146
11.512717758532709
9.882593577079026
7.97443905872386
5.987325667218342
4.085106132151729
2.3786131052350017
0.9185948438888425
-0.3011924388512087
-1.3322618495479988
-2.2531397067753445
-3.147434878359964
-4.08176399591166
-5.0877299598313614
-6.151727388735438
-7.214038564893052
-8.17625490798325
-8.915291966291877
-9.302361669692907
-9.224509056416801
-8.604881670225454
-7.417735790072719
-5.695923831779186
-3.5304093847586264
-1.0620473557753616
1.533309602811164
4.063539214804634
6.339045532428939
8.189496493738922
9.47871174928967
10.117820842400546
10.074990564818048
9.379542106797752
8.119406123411546
6.431817420381947
4.4878360796823635
2.472359598853541
0.5622937450213711
-1.0939395303875785
-2.3923216647109142
-3.2821604149093595
-3.7673175886138885
-3.900556673861895
-3.772216604555489
-3.494306175694621
-3.1817929541372605
-2.9342752167911166
-2.8216157284614543
-2.8755203726451386
-3.087029023273021
-3.409253209765416
-3.7648675218234793
-4.057412083381505
-4.184703988422116
-4.052639626231919
-3.588199465805001
-2.750892685633221
-1.5420330745726094
-0.010792458640905698
1.7448565378023284
3.5840918604406884
5.336493811739268
6.821448789210899
7.871175141400603
8.353724157523635
8.192339558379734
7.3785114909506
5.976778451665298
4.120064595910471
1.995588184138673
-0.1773285827413242
-2.1747491250396607
-3.7967285069070345
-4.893051261072834
-5.3832567307495385
-5.26810302859955
-4.6295588473303875
-3.61830089011283
-2.4304508474364304
-1.2773757043022804
-0.35359538562116105
0.1921048260566331
0.27810967581078366
-0.09904276253009717
-0.8651685579349201
-1.8794420074542044
-2.953925430310614
-3.8792291591217505
-4.453579396576078
-4.512421927522481
-3.954986275978502
-2.7634441665700047
-1.010944739997014
1.1436063076113163
3.474374249913323
5.718561575837616
7.612028480094976
8.924354998192062
9.488700135102567
9.223408366460765
8.14296028244093
6.356568405070774
4.054350329024899
1.4830814493488316
-1.0850349279582212
-3.3866891852129104
-5.200750761978987
-6.375973259243008
-6.84901877368286
-6.650296573085038
-5.896674812771415
-4.771760495063334
-3.4966303345469405
-2.2952179544523625
-1.3588323045111015
-0.8151370219394003
-0.7075290754358599
-0.9892199908143205
-1.5331561006671832
-2.155917451225627
-2.651457615561732
-2.8289229357978556
-2.547657071584228
-1.74252374060548
-0.4348943952811767
1.271767704235863
3.2096134167484784
5.172986720444534
6.94822146066757
8.341512270340989
9.201368731849096
9.43338288279858
9.005907822872429
7.946739658491011
6.332491179472248
4.273453753258035
1.897852793246838
-0.6602341773021247
-3.266672413797633
-5.786921218724687
-8.082235880270478
-10.006922475616836
-11.411094807213004
-12.151244263972657
-12.108379495295857
-11.21122108299512
-9.459447306840724
-6.940217456147065
-3.8319186540276022
-0.3923144627759284
3.0678551200158526
6.221851511877888
8.768653054740133
10.472632920041391
11.194814157983355
10.910866480607256
9.713018378891356
7.795328475969442
5.424386519595691
2.900115280542868
0.5132006259091162
-1.493713685241628
-2.9548321806726467
-3.796073360486594
-4.034829733718571
-3.7659818490637367
-3.1378811468393937
-2.3235823291281346
-1.492306031432526
-0.7847327496985883
-0.2950324114185695
-0.062388964374817446
-0.07340466279796676
-0.27389779716179685
-0.5865566307650613
-0.9307207277402797
-1.2403809934335852
-1.4762833291558533
-1.6298253416270572
-1.719384460281677
-1.7813247934736105
-1.8576497307781787
-1.981158952570961
-2.1595881204525957
-2.363407373600099
-2.5234656103934703
-2.5414038542919393
-2.3105685282015616
-1.7415162144521121
-0.7853000034080437
0.550803727198798
2.198371330395591
4.034457400030815
5.897183697150111
7.606015813608938
8.983216447991225
9.87332641644906
10.15772462477351
9.763386434855517
8.666907756741091
6.894866751750783
4.521328313623487
1.6634165274157668
-1.5246496930969253
-4.859297799338596
-8.137142624362298
-11.146112924343115
-13.6782241282474
-15.54367189679815
-16.584762043813683
-16.687826887864805
-15.792034024993244
-13.894943898018035
-11.055125685992639
-7.391608427428581
-3.0794284368332323
1.6582480115485867
6.559456145600681
11.333185015698286
15.670845847960605
19.2617064495416
21.813589617722904
23.078248720634832
22.878973155368037
21.136724478368723
17.89049860976906
13.307649003560645
7.680734287658059
1.408983153007417
-5.03526998787394
-11.151731944937229
-16.462542731759804
-20.56063381795746
-23.14978599139649
-24.071528317040148
-23.31563034985823
-21.013591841541746
-17.417505728317366
-12.868488096633504
-7.759323008085486
-2.49576107863204
2.539407982052183
7.016070142646652
10.678368212283516
13.357766807268849
14.977695389349444
15.549945370424936
15.163817075606099
13.970189795556355
12.16293036896659
9.958941652916259
7.5771049342340415
5.217048257359491
3.0402848576373587
1.1565967839076725
-0.3826395607426713
-1.583624280125704
-2.5018949141690348
-3.2275659336895073
-3.8656998636211197
-4.514166812158607
-5.242618498924105
-6.076952421175207
-6.992205219812159
-7.914484975331335
-8.731325898349473
-9.309155854240801
-9.515426261451369
-9.241658239094964
-8.42289291105259
-7.049606885901237
-5.170158541729993
-2.8842237249960516
-0.3294793441871278
2.335500447553814
4.949206613057481
7.362963092913219
9.451804753720898
11.119552829710644
12.298872339982422
12.9474713708646
13.041931726745494
12.57146012590495
11.533841825594589
9.934819951606055
7.79125119469766
5.138229801017564
2.0397045582709525
-1.399916338901698
-5.027334191564743
-8.63878090250495
-11.987486137367082
-14.80112799514944
-16.808364201482366
-17.77133872638031
-17.520031389524355
-15.983860687191513
-13.214824997089803
-9.396159159965169
-4.832505357424608
0.07897043348165506
4.893161852958512
9.170349652364333
12.529836637764776
14.696006013482242
15.529851828270612
15.041076370228836
13.379853908299026
10.81107020245055
7.675735416473552
4.345316605460257
1.1751631399616396
-1.5371983667421778
-3.5835629482011226
-4.862023511990901
-5.377930139259936
-5.2305623427462535
-4.5889328915081995
-3.6608742048370058
-2.6600205247404043
-1.775088056321966
-1.145512011382969
-0.8471486434568946
-0.889916876989601
-1.2261539907117835
-1.7662994285473526
-2.398015932378144
-3.0052450237630817
-3.4844402145576163
-3.756068171062159
-3.7705657734582867
-3.5091697646092044
-2.980541186379705
-2.2142116836418753
-1.2527124093305784
-0.14490274824066643
1.0580125334664532
2.304034850033341
3.540439216951675
4.712948654642767
5.764220201606595
6.632178967631979
7.249731820534181
7.547627739315506
7.460710093001954
6.936349608620092
5.944186391799132
4.486636048046648
2.6083176676034077
0.4014085625546305
-1.9955925435595652
-4.406736266513327
-6.634412145537238
-8.480023040802877
-9.766995767110433
-10.363009761988026
-10.197662598041786
-9.272405534624864
-7.661683568847815
-5.506234202658601
-2.9999724390873994
-0.3713271146054127
2.1399319824840597
4.308342249318948
5.948055966254042
6.934420067896528
7.21858843954509
6.833214894265496
5.888232443183072
4.556402517882901
3.0499473584546335
1.5908519813418023
0.3785272417548953
-0.43886055702107246
-0.7827331276474809
-0.6502321407045955
-0.11048559944785302
0.7066803540624661
1.627931397531885
2.45766729850633
3.002005058944462
3.0944509242826874
2.6210151280436467
1.541036758877315
-0.1003445773392432
-2.170800102103871
-4.461313732681425
-6.708194034810373
-8.624944091687496
-9.94013449711569
-10.435613099614342
-9.979047602609906
-8.545640910576454
-6.225556381916209
-3.2157458799920318
0.20290404484031266
3.69990755973848
6.935987663492972
9.604654649904406
11.468612225284298
12.384929211953928
12.314452087449219
11.314840428928582
9.520962264470933
7.119027169415714
4.320940847047537
1.343145563627601
-1.6086442086104087
-4.348993802766044
-6.71749245993538
-8.580540266994824
-9.832469767938033
-10.397677619567514
-10.234745721455287
-9.342785515046954
-7.768678727591857
-5.612461419528225
-3.0279810310911683
-0.21673190710815163
2.5858133331439097
5.130255810800519
7.177552071342298
8.52489695397216
9.029937557899093
8.630381822883583
7.35679814572391
5.335568429053355
2.7791297664852324
-0.035770120468102094
-2.798233374985051
-5.1986118983502445
-6.965781568834338
-7.901007951339741
-7.902849363451878
-6.979584509217993
-5.24775479746973
-2.9167527129400246
-0.2609620009710289
2.4165267366184935
4.8223999020512816
6.707703664027112
7.8944205403035355
8.291557482842261
7.899160597662882
6.800135491279822
5.141812174231229
3.110892569225774
0.9063661051047156
-1.285120268227625
-3.308069493508464
-5.048959081064487
-6.438090167327979
-7.4432787147641575
-8.057952619982146
-8.286935099691242
-8.133398468371194
-7.590428420937611
-6.639815909517262
-5.2592254850289555
-3.4371515811172864
-1.1928768492831912
1.4038317084833114
4.219771999782538
7.057004569946609
9.664852695679803
11.76442979521654
13.083280227469228
13.395571878605029
12.561311520179904
10.557500190341491
7.495110335881489
3.618077391859036
-0.7165470912237795
-5.075657302325534
-9.00061164874988
-12.064927544174
-13.930825531759602
-14.396206314796203
-13.425118927001776
-11.156578171851391
-7.889113276967745
-4.042350111474676
-0.10098056734338462
3.4509086409338696
6.196057064762682
7.841598455659727
8.25938606227815
7.501951205011225
5.790223034562206
3.4746818522192067
0.977537590512903
-1.273348443197206
-2.9084985037532443
-3.6702565715721356
-3.448458472575437
-2.292863423716352
-0.40020922569041656
1.9212837080925687
4.302410034632071
6.36888241947356
7.794041470415149
8.34186748424393
7.895518324640607
6.468343023750274
4.196617655724919
1.3158818542735662
-1.8745608246943124
-5.052257190741247
-7.910478564437913
-10.190547164673792
-11.70479741720483
-12.348318849856739
-12.099074866409278
-11.008379555297752
-9.1855264014488
-6.780419376593013
-3.966745835182664
-0.9270028185309793
2.159749863861794
5.126830296372112
7.825401677286143
10.126573019431827
11.92076698722811
13.115900877553306
13.636447841608021
13.425166232882889
12.44859894075819
10.706513130974216
8.243941753039755
5.162594432632506
1.627062164174545
-2.1384896637161632
-5.864859235898148
-9.261838587830443
-12.048600451902832
-13.987276270614139
-14.914992584255891
-14.768180560148723
-13.59446956608428
-11.54997702076631
-8.881172832430106
-5.891895522062766
-2.8988209817468396
-0.18256639997395108
2.055506720383921
3.7217160041153656
4.838871581566005
5.534818134225422
6.012556086303419
6.5054485263786885
7.223559724668862
8.300597339483904
9.752384495756324
11.455671987610172
13.152091945583607
14.477982597574714
15.017295418199053
14.371392542401491
12.23548729975563
8.46820768060637
3.1409950077346105
-3.442046297837996
-10.757997268752403
-18.11221339019218
-24.714098737591794
-29.7724718370564
-32.597535244182104
-32.695283935312325
-29.841569672817943
-24.125697732332306
-15.956985241888855
-6.031968289310711
4.735290515733871
15.312259396572253
24.66436955513125
31.87417704366275
36.24807275890805
37.396605226968404
35.27745732088035
30.195060510363056
22.757020653470732
13.793424561703702
4.250048101750408
-4.929443285940973
-12.914961895934104
-19.079156088731335
-23.0534579353015
-24.746566540539987
-24.326014064803584
-22.167759239097936
-18.78285294755613
-14.732989127991656
-10.547492971412515
-6.653291797235428
-3.327118627276567
-0.6761803163951647
1.3505400526345424
2.923640855474987
4.275732772195538
5.6362623534780125
7.170899139695378
8.936758174504275
10.86180042152238
12.752236314407167
14.326486400491142
15.268836473806092
15.291484710179942
14.192044913009783
11.895754369323182
8.476388296771235
4.154531975983174
-0.7252828891899616
-5.7351627150842255
-10.41607560195238
-14.333212156645128
-17.1262809278287
-18.548796332774636
-18.492304408894505
-16.99328064611307
-14.22294417249614
-10.46272529951073
-6.069824054028599
-1.4377656845277804
3.043419810309208
7.022841838097218
10.216871615797583
12.429237100935264
13.563151718552554
13.622901078869031
12.702218546772425
10.961620239301718
8.60150466055823
5.83797802713313
2.8850915409704814
-0.05634820467971855
-2.8049230751486056
-5.201452003537421
-7.110504301551902
-8.422676822745304
-9.059114403720683
-8.978716801319855
-8.187136718068889
-6.744995779629189
-4.771900189336089
-2.4433194701609646
0.021737343476002726
2.3826837266094403
4.40623694458046
5.896659875916691
6.721506714285019
6.828737964295638
6.252850197840051
5.108701276152047
3.5730641561714704
1.8564464298253096
0.17010781954257853
-1.305698640965092
-2.446342110698369
-3.196120546350606
-3.5690972257591373
-3.6382373255907723
-3.514185439170434
-3.3164743179462257
-3.1428888644738002
-3.045110083917094
-3.0176254606127313
-3.0015448302529197
-2.899836751987655
-2.5996402088640345
-1.998349519832698
-1.0297085654056275
0.31494017191922496
1.9751212714638458
3.8226984496779575
5.676380880223773
7.326029139058791
8.562246120631382
9.206686432378339
9.13838713829183
8.311687476163916
6.762495999822416
4.601843799571622
1.9988351861006475
-0.8422615502263032
-3.7059096612651237
-6.386809806343111
-8.70671020044227
-10.52511219187288
-11.743977448452407
-12.307623529779423
-12.198893361629345
-11.432402541902285
-10.046061808273471
-8.092855963090306
-5.635371946955687
-2.745223762308318
0.4919144060394427
3.9669801635719106
7.536816432211515
11.015754303453354
14.173527528632292
16.74332667871915
18.44178387344609
18.999458514064365
18.198222337590686
15.911110367906618
12.139159874608486
7.038432738601677
0.9301822878256861
-5.7112528502799105
-12.294884036279083
-18.17144160340406
-22.70688408185901
-25.361246175348974
-25.762168816873274
-23.763100431868242
-19.47730162876222
-13.28100298030106
-5.783093224661118
2.236705032235238
9.915244364061163
16.409082369805827
20.999962619638683
23.188128899101233
22.76034881717705
19.82230391731674
14.789557051323348
8.337566727774291
1.3167781134326408
-5.357261145281062
-10.825250535104253
-14.40073385891585
-15.665212240018082
-14.526685803101048
-11.231220687909353
-6.325319869068204
-0.5754410845333683
5.142928080522225
9.970514666235948
13.186104457232746
14.307975750625038
13.160637732632889
9.897320087607444
4.974943654279464
-0.9148280347617368
-6.948009810339757
-12.288357273622823
-16.206801589834242
-18.18214389021357
-17.96754815963723
-15.613505061330619
-11.446596075915705
-6.0113235438949095
0.012971057073323567
5.906383836748535
11.000366672380437
14.755623032324086
16.817856313879375
17.047082970287097
15.519379719474793
12.502809475852368
8.412806442368804
3.7560755290697503
-0.927328082375462
-5.118572329258814
-8.371069893378811
-10.357591479893964
-10.908838251765518
-10.035620726159781
-7.928083080129613
-4.930183445875559
-1.4924800913486072
1.8899683571161447
4.744854440920631
6.684437997169777
7.452973939913149
6.953970323448923
5.255710777867819
2.5771562286137284
-0.7420591385046811
-4.283205566862293
-7.596762855165138
-10.252659197855575
-11.88779625268189
-12.246419183818906
-11.209911767459214
-8.813484785245588
-5.247045375248691
-0.8380087479784948
3.983206331600547
8.73019436337915
12.913321584920984
16.092041373121635
17.921417821918773
18.187893530717584
16.830528977408736
13.946070354410097
9.778339997653394
4.694000327474706
-0.8524910424140466
-6.361609163482365
-11.335618690516254
-15.32548697202099
-17.97368433376306
-19.04922873409611
-18.471882717464435
-16.32244490245114
-12.836404535613992
-8.379983219794127
-3.4104785051499364
1.5743753909221139
6.0917262087168735
9.727251986415702
12.181016147453484
13.298957957551389
13.0843542072219
11.68772714934547
9.378609861679141
6.504944784686215
3.4458962386722356
0.5634554655030034
-1.841697070475127
-3.564450917699035
-4.514832872362268
-4.719852743909843
-4.306998887514666
-3.47261580160313
-2.4425116304782377
-1.4328867832333185
-0.6172456581873378
-0.10285804775229487
0.08057194808761835
-0.02166878514954093
-0.30553121284835816
-0.6347660849465656
-0.8720901673194957
-0.9088318268888427
-0.6876269777523949
-0.2142933485662808
0.4424842293620364
1.162802043599437
1.7959580136885254
2.1859247477261383
2.198319643021767
1.7454193854289968
0.804908259373533
-0.5711924891705623
-2.258100825036148
-4.069046746648946
-5.77360060305526
-7.1218521231948975
-7.872384400974982
-7.821363222960261
-6.829709791089382
-4.84592381521912
-1.9229230357059401
1.7728886130681538
5.962842990331689
10.270085556280774
14.247841570937295
17.42117005102216
19.33936795919263
19.633852660272193
18.073733436384344
14.609738734164852
9.398196841524403
2.799904601408051
-4.647306630947932
-12.279223684570766
-19.372424323773803
-25.219497738021545
-29.2036415395879
-30.86467469042673
-29.950045515477203
-26.446102712896177
-20.586101792295505
-12.832987708209274
-3.837827848960549
5.621871635095607
14.71729023857706
22.6490549967667
28.725498220290284
32.430528373782764
33.4740567347461
31.819038881988245
27.681118060479204
21.50044046926124
13.889583548639552
5.564728744289266
-2.7314051609181367
-10.30591333830605
-16.58257631062265
-21.15193953764494
-23.799731224281143
-24.511187964756637
-23.451588317751586
-20.926813062539527
-17.33100028302323
-13.090132350730247
-8.610313988108436
-4.237560059213419
-0.2327345577001244
3.2379084715177924
6.098215057315321
8.3460843089299
10.029142500652563
11.21700049438646
11.975771307845932
12.349380388402855
12.35020047264125
11.959829162694668
11.139381193630177
9.8471719677518
8.060166942550989
5.794731135765482
3.1223225166336968
0.1761855723965985
-2.85383032995075
-5.73839413828833
-8.234714243320587
-10.117439337996434
-11.210513825499728
-11.415114495204975
-10.72825281676188
-9.248246892241271
-7.16565849467141
-4.740247154841175
-2.266477552471716
-0.03210388637399632
1.723958104831532
2.8473553651732653
3.2913260304231113
3.122898044112552
2.5106665171842573
1.6957044768127925
0.9501925107564615
0.5298877290570195
0.6272589055730999
1.3328884696306111
2.6126978984669376
4.306501761675902
6.149122091908971
7.810457530226589
8.947847963500955
9.262644530987739
8.55195078637996
6.7470033971762815
3.9321725969069625
0.34159808888737336
-3.6666283507001043
-7.6554745449944575
-11.16654901627836
-13.781525458046755
-15.178276285585198
-15.173555485746888
-13.746341175225528
-11.039072934129212
-7.337014347319081
-3.0288649356593424
1.445065710489292
5.648650327457184
9.201402202015958
11.818860823654404
13.337027828805388
13.71841581758882
13.040332498970736
11.469031249416433
9.22562535174439
6.550465686878658
3.672130580801094
0.7860962632773144
-1.9540884545419643
-4.434228231127689
-6.569764034603819
-8.293790013549671
-9.547135175062419
-10.273622700736139
-10.42181297818045
-9.953575015769218
-8.858426251908172
-7.169202744451788
-4.973115548322348
-2.4147341254118415
0.31026131480244046
2.971237168253334
5.327855429223577
7.1607309843142275
8.301964447123408
8.660477069418702
8.238578856656009
7.136664612350133
5.5433757882945995
3.711171174547938
1.9204891443010847
0.43763428266833454
-0.5270951505434444
-0.8540917537755602
-0.5365708324049959
0.3129666007948221
1.4734088219396788
2.6425965299917817
3.4792409041259753
3.6544833204531764
2.906943360825625
1.0939211468777714
-1.769704243877023
-5.492754432812705
-9.713916609942451
-13.933402621890677
-17.567121516074625
-20.01763949432059
-20.754298320567013
-19.39297493869377
-15.764304343081083
-9.959707507632764
-2.3472706194239126
6.447259519995691
15.59513722827441
24.15037778498961
31.156635351235344
35.76149494257568
37.32350763094904
35.49871699351365
30.295663547798817
22.090592631082995
11.5987527375929
-0.19690783392712335
-12.152487730528296
-23.092585804377567
-31.94573870476088
-37.86799306912182
-40.33862209144149
-39.21581429027482
-34.74473885766819
-27.516382311713954
-18.38381229257579
-8.34998177935387
1.5560420262087453
10.398562205472428
17.43665088274263
22.196342680783285
24.506082823415706
24.492154789069126
22.53572926223192
19.198439192465877
15.128035385395435
10.958526290684416
7.219779292354875
4.270065553422642
2.2609633247461254
1.137602780126726
0.6711826611344138
0.5168649919010928
0.28756923816734925
-0.367897160061942
-1.6952697610645904
-3.7864178151627454
-6.560677888438543
-9.77703921405071
-13.071592366859319
-16.011594349974356
-18.157250356134767
-19.123366204092886
-18.634309563424676
-16.566442943708335
-12.972562661817722
-8.084126987624588
-2.2902429051589013
3.903582873310981
9.931329328493245
15.230256268765297
19.304997095612585
21.784014707785232
22.461206540843513
21.317197148858455
18.51778391861389
14.390088657479158
9.379384643981236
3.9923277385939664
-1.2648847084888957
-5.944066970609012
-9.700199911611605
-12.318463503194614
-13.720839390187217
-13.953797182260203
-13.161489705038328
-11.550486649191342
-9.353007363146299
-6.795873782060982
-4.080620676946558
-1.3761449125819656
1.1787688860422816
3.467700736360671
5.387964477025575
6.844098485721781
7.7460977737611145
8.014706617905029
7.593407258348534
6.4637225512201235
4.6602379447288245
2.2822800921937922
-0.5014333149853873
-3.458395336317795
-6.308939295822739
-8.752301733672446
-10.499351736326494
-11.308078950211357
-11.015991613334332
-9.563220003695774
-7.003264908328532
-3.50169657535685
0.6761659341578143
5.1875118052271265
9.642565849229278
13.641169482492353
16.81170265670238
18.8468194210661
19.53097648481234
18.75727282735898
16.533497444257115
12.978790426459991
8.312816940555031
2.8388860405938723
-3.0780725061213654
-9.03771197179762
-14.633317736151868
-19.481811734378578
-23.25192102482273
-25.68695783707851
-26.619274614184338
-25.975736508894197
-23.775899561255883
-20.125236599984714
-15.205013999460098
-9.260154766871935
-2.5870095656470347
4.477337775273762
11.564382170252442
18.2840105222533
24.237209271332944
29.03344156448028
32.31334423326221
33.77621725862715
33.21043946508969
30.52352764541815
25.767381565011956
19.15343793680052
11.053240042835665
1.9830859577486062
-7.426041314919052
-16.472622118532627
-24.44302008218714
-30.68191151917902
-34.66715067240038
-36.07652578362808
-34.833022482941345
-31.119512858661537
-25.359777585651376
-18.16758938107295
-10.27020379770287
-2.4174090390276803
4.710108335873248
10.580003270133927
14.864206464208737
17.463475464666327
18.49732548926009
18.26252934249026
17.16849207178275
15.660310520700337
14.141241591472319
12.906188793719554
12.096366166611068
11.682389990914627
11.478725094847611
11.18684897725446
10.458732909241931
8.968499650417185
6.479871494331729
2.8991420767227813
-1.6937016529566848
-7.039682035141313
-12.72214396395434
-18.213048103359345
-22.939359777856875
-26.359861358074298
-28.03942600652378
-27.708916190324018
-25.302956391695194
-20.971369431282902
-15.062758666843111
-8.082694496465995
-0.633389139248317
6.656080078609876
13.199644989714878
18.51507279020671
22.267962933338097
24.293999565170665
24.598322896964387
23.334992534356243
20.77239572333545
17.25105933673004
13.139670359551971
8.794140796101015
4.523660394697879
0.5671860051455674
-2.9172348752393353
-5.850174477877014
-8.217603471178908
-10.050138620775432
-11.399313965718585
-12.315923847613893
-12.834606782418051
-12.967261430379352
-12.70604268179152
-12.034040648641215
-10.939325169595511
-9.428011881051969
-7.5336924182519915
-5.321654159859261
-2.8870138468677453
-0.3471086180216707
2.1702971494130923
4.540322987857747
6.652593956151409
8.41892394340396
9.776174765821226
10.684244538960868
11.12018909849914
11.070461577245846
10.524285741294047
9.472627970913427
7.916125402063111
5.880526108146649
3.4342460430197748
0.7016859327061947
-2.133873195091687
-4.84182709414753
-7.169335872236623
-8.874792819027004
-9.763625870607116
-9.720987571497206
-8.73592268710439
-6.91173509089669
-4.459005432486371
-1.6712124514525772
1.1128540521571677
3.552794462735332
5.3496381113383995
6.283567289393129
6.242221586839547
5.234861258450436
3.389528495499893
0.9349178368088035
-1.8281017621000264
-4.560657113893989
-6.922585984800786
-8.609022446326682
-9.384027109828363
-9.10819185077314
-7.756887317842843
-5.426346269969441
-2.3261615895964893
1.241766349627836
4.916249846089017
8.31836884727592
11.096364508608957
12.967665558489628
13.75230370240831
13.39345706827331
11.962141748693517
9.644547078644393
6.713168896589563
3.486017821847143
0.28053555331904606
-2.6300245210066175
-5.050390966874745
-6.881917610695353
-8.12384468803396
-8.857964227657071
-9.219891864153261
-9.362322339852438
-9.41724749630398
-9.464125826901492
-9.509581167616595
-9.482284518084956
-9.244405217564342
-8.618363868934805
-7.424969683286696
-5.526681079555537
-2.867837001123614
0.4968429444528802
4.392100040201948
8.532763237804087
12.553596775675597
16.05379747970741
18.649273591573024
20.02484522483708
19.97884738043916
18.453273652848797
15.544043421885172
11.489416513818641
6.638986733504937
1.4088957469760854
-3.7695271118473626
-8.499994920846968
-12.463315227529478
-15.445790475042012
-17.350169938564804
-18.18773590403404
-18.054173366759187
-17.09608367148476
-15.476740301955546
-13.348311252106932
-10.834601424195233
-8.025367645492171
-4.981507584184134
-1.7491332964675745
1.6212242715807441
5.0555550102607185
8.442693475264356
11.629502141428995
14.426167942226167
16.6214971190823
18.007134335584656
18.407797280525376
17.7123819212631
15.899871967135663
13.05464656460831
9.367247219796761
5.119108681257148
0.6530391211887168
-3.666247906669258
-7.49608037518885
-10.55812095758451
-12.672871372631967
-13.781103691269717
-13.94779092940527
-13.345791160280557
-12.220772912418314
-10.844015939109088
-9.46220625448676
-8.252658204290693
-7.290999580625286
-6.53746818752018
-5.846004012501561
-4.995897647658588
-3.740322450827644
-1.8623384221262207
0.7718460062331874
4.171275857660074
8.197417297300781
12.564819075782863
16.86594719613519
20.616318092913286
23.313505015549396
24.50279406753795
23.841544565146915
21.153904493993174
16.468191985106465
10.030915968997272
2.2943169346945913
-6.121927131177062
-14.490951332171571
-22.05424465917538
-28.10280328246831
-32.05285454119674
-33.50720802145797
-32.29671593576876
-28.498321210558707
-22.4276991320943
-14.607349741808317
-5.714113613985155
3.487987573321804
12.222422778771573
19.774320000964064
25.55631808560761
29.159248984719486
30.382318617223717
29.240269706821273
25.94853297461079
20.890101466234594
14.569536910184041
7.5600564696156844
0.4489470819030359
-6.214033091796743
-11.960316457999411
-16.4338102909816
-19.407909044663718
-20.789408927559165
-20.611821193756022
-19.020150617101894
-16.248912730268454
-12.595605312173921
-8.392215702086379
-3.977666167030496
0.32603874645727526
4.23296457047491
7.508541661710783
9.981364567106876
11.55051437855572
12.187430835174158
11.932088398978514
10.884157147658048
9.191047589963839
7.034847533425458
4.6188413023795185
2.1533477878390936
-0.15957427770040797
-2.142827355017722
-3.6612916075168944
-4.6362712529564245
-5.054411063485799
-4.969177587727514
-4.493679914294109
-3.784679678718243
-3.019237593722961
-2.3664594084973896
-1.9580336160594822
-1.8632138163403678
-2.074228898745326
-2.5054523302096783
-3.0061095730734526
-3.3842011802105003
-3.4387436240879428
-2.9967387891600774
-1.9494479487520675
-0.2809861208979262
1.9169593699078076
4.447539507159148
7.0281736038658895
9.32421486235784
10.99249660325511
11.72991193210344
11.321689304725307
9.682468094020699
6.881869286969663
3.1474153700517267
-1.158244586841172
-5.583169134152462
-9.646824785855644
-12.904708062960928
-15.007112535358202
-15.744235847948563
-15.070702200468885
-13.105108946810265
-10.105246946928407
-6.424165908855211
-2.455161913184788
1.424427201356375
4.901077996768011
7.757594876777902
9.88646935253764
11.283776032765715
12.026795550546487
12.240586788379618
12.059365730560259
11.589192976860353
10.87906100011116
9.90679746254523
8.583714718319856
6.778149601850134
4.3541893879670495
1.2189200602492694
-2.630564550624653
-7.070314379491931
-11.832094438305509
-16.511669825256543
-20.604477663923838
-23.565182432932414
-24.88302717636029
-24.16184188092647
-21.1924935648199
-16.006559140273165
-8.902289593141509
-0.4361504215247366
8.623742051139072
17.379638325915046
24.910769273521044
30.388577604909106
33.184234941464695
32.95387843143516
29.689257045642826
23.725280626636
15.701915881972642
6.484723467170503
-2.945144400294987
-11.615374737284869
-18.683083492195962
-23.534911282798287
-25.85323774222636
-25.639457695946252
-23.19214626212321
-19.045600780996704
-13.879445151000114
-8.413417892629901
-3.304130766307459
0.9400983684140451
4.015249318614781
5.843344244951969
6.559271014981603
6.46571443580031
5.9633479641953056
5.467685161069334
5.326940400582586
5.755229381422146
6.792491500222927
8.298222144203356
9.980355999308685
11.452825479982105
12.308656981839084
12.194097619966826
10.872257617454157
8.26816715585018
4.489505734023292
-0.18000208912183838
-5.31320145451467
-10.39222564661902
-14.873107005939058
-18.25416873917837
-20.14039163762178
-20.295551799140426
-18.67429747190665
-15.428920457328688
-10.889772077805809
-5.522378075219289
0.13228595263584272
5.525213428080129
10.164467210193205
13.669494064591111
15.80853547151409
16.514889865428582
15.880262040141478
14.127190258654995
11.565985946369755
8.54359945267695
5.392622899706171
2.3880948808488114
-0.28199840520052705
-2.5284619714300405
-4.352959360194404
-5.822339753974245
-7.031883567169877
-8.067064577380297
-8.972688187193498
-9.734469463039202
-10.274466970415869
-10.460436177216886
-10.128536787524075
-9.117185262136818
-7.307530164428267
-4.663288256466954
-1.2606253591000591
2.6997702233938985
6.901478726226277
10.940819056813849
14.37160769304352
16.760955931519018
17.748931851965143
17.103822926823813
14.764770289705183
10.864827777062137
5.729607278405172
-0.15094738808662161
-6.176336960410677
-11.707982380835011
-16.149242865060437
-19.021044495721295
-20.022770689338483
-19.07033510571594
-16.305946003797178
-12.07731385265407
-6.888476512930644
-1.3295229445617833
4.003452342461563
8.58531950174142
12.02421431072642
14.10057431852563
14.778223310092665
14.18765502157155
12.586385812393782
10.304357931992492
7.684351153089338
5.028245090399582
2.5581595297685427
0.3975045905394225
-1.4270621288644008
-2.965436625583191
-4.3113752671602015
-5.564491324330663
-6.794047200209268
-8.010965372414045
-9.15331313275165
-10.08852904683847
-10.632767338455992
-10.584506513457798
-9.766814573854003
-8.070683497555311
-5.491010963163945
-2.1477002676508037
1.7132902147544624
5.740872618820951
9.519617418944435
12.624201320207584
14.678719886479486
15.41147144080647
14.696546527991652
12.575503279608268
9.255860564484642
5.087273010358248
0.519543692802653
-3.9516687201117207
-7.8450513187321205
-10.7528733060998
-12.391619505692718
-12.636503145340125
-11.53432715830888
-9.29258836399038
-6.246809466509252
-2.811890120442909
0.5746482280864817
3.50960903894933
5.674021151501731
6.869447185247333
7.035848268481148
6.24950661260176
4.703198781037256
2.6730214076349013
0.47694332433695125
-1.5695127966882645
-3.194789274638746
-4.204868226142371
-4.505029009186984
-4.107119331260299
-3.121136978506785
-1.7325317293297986
-0.16947562372897657
1.3341697791780145
2.5742906100180947
3.405146199061895
3.757546246306727
3.644695716816606
3.1549548072522366
2.431872990781527
1.6439832834796104
0.9498399966682474
0.4658588674230138
0.24380851058553896
0.2619493588664138
0.4309521741259783
0.6132487713106011
0.6519477899435994
0.4038962440955037
-0.22846865679978515
-1.2712756373289198
-2.6638028748810787
-4.257042506311491
-5.828101529815989
-7.109991927447742
-7.833493779402114
-7.774654528932583
-6.799230720390664
-4.895274350495055
-2.187347301697094
1.0706785807987393
4.5237692239022635
7.761081822254443
10.37212002083422
12.005582677635287
12.42195294464412
11.531519702487078
9.412016896967714
6.3030022499072595
2.5768365381839784
-1.3105125614221436
-4.882234880733113
-7.7080795899651235
-9.466046495224212
-9.988240571503955
-9.283542610467928
-7.533634674360093
-5.062619248449638
-2.284699870481855
0.3612821050401425
2.4793290772764247
3.774959413381346
4.096258586586752
3.451707274674293
2.0032876604519525
0.037493646378577127
-2.080175504418102
-3.9603574998102364
-5.247113102261697
-5.669374976910985
-5.079523913793043
-3.4746146660032333
-0.9981154522975287
2.0778604266990994
5.3870750926701305
8.515439797054036
11.05289132786487
12.643960901356857
13.030633201311087
12.083343869980702
9.818373264004059
6.401013868527562
2.133356267588029
-2.5748267519287062
-7.251084638663551
-11.415925570411078
-14.641038212170903
-16.60124162157347
-17.112572725939682
-16.15189605320653
-13.855674176335818
-10.497241381482556
-6.445497696226079
-2.1120497277411983
2.1044456363002126
5.868494840200775
8.945401828942705
11.22023852198004
12.694133354047507
13.457873561318111
13.647775600349632
13.3937498629988
12.77340359363079
11.785721582945671
10.352203409009402
8.345596448962233
5.639557000551027
2.1676139720555576
-2.022813793342152
-6.735433303683427
-11.619644070786729
-16.198761409969446
-19.92912071686074
-22.281211434665398
-22.828846351259887
-21.329539566741882
-17.780124732130293
-12.436159997892158
-5.790697977730814
1.4846525354295026
8.627280222021076
14.885790154218586
19.620427721905706
22.386149309304642
22.986125055666303
21.488354283467242
18.204278422523124
13.634088421000813
8.387591511524926
3.093063161537
-1.6907564812816975
-5.545092262492862
-8.234285058442595
-9.717793841360052
-10.131789516905478
-9.744787832769617
-8.895536717787461
-7.924363379660196
-7.109590336711267
-6.61880898915788
-6.482610373526132
-6.595545730700269
-6.7443488690344715
-6.65785241569316
-6.068736449383016
-4.775180245492256
-2.6906672733414894
0.12740338499774945
3.4752877683644923
7.02659823562708
10.37792174744293
13.109009952848778
14.847793919023342
15.32943293817423
14.439428446348682
12.233627684579771
8.932306344681907
4.889860604803714
0.5451141252956921
-3.6396992594759636
-7.241347511095373
-9.929732223674089
-11.505964228342405
-11.919820442223797
-11.265661739951588
-9.758438157326449
-7.693575520031435
-5.3973222786629185
-3.1759229026893987
-1.2717025644941988
0.16741361279417055
1.1009292059527562
1.5903575857892551
1.7769066760415002
1.8459359750360802
1.984112115252498
2.337132901140554
2.976365292912877
3.8811504313702123
4.940211277938831
5.971279719133203
6.754112791139553
7.070332775671257
6.74393156033091
5.67691613226534
3.8747774259351884
1.456905919323899
-1.351519075478118
-4.246390656748167
-6.886093643858812
-8.94024115695791
-10.137663094840285
-10.30595093985984
-9.396392512515325
-7.491125441983937
-4.792738122216116
-1.5988123132538998
1.7352411958373861
4.840800411138669
7.382192611666136
9.097802869395277
9.830668605491743
9.544546316062856
8.323050479432464
6.352409748213087
3.8915942510432986
1.234931457280251
-1.3278687705155605
-3.5491428058128487
-5.252297887165548
-6.347670951724589
-6.8338804102521
-6.786402053511823
-6.33629274153658
-5.642226230258471
-4.859292085739811
-4.108994479434178
-3.4560721387665545
-2.8971556796165396
-2.363514758640068
-1.7370842377684261
-0.8770050695497326
0.34701789473513545
2.019544878037934
4.149264136569206
6.650305681106051
9.338061246744434
11.93984642055298
14.119966986420177
15.517778107352958
15.795263684269704
14.688131231490216
12.052690790832834
7.901401337295601
2.422155335721968
-4.021987002626634
-10.914732632593394
-17.63007899060341
-23.49377721788635
-27.85560263454861
-30.163740982059636
-30.032833234146995
-27.29774343440315
-22.04578955703185
-14.621997457688632
-5.6050945758980815
4.244315671579016
14.058268377243136
22.949978620408174
30.105397575916612
34.86704800151778
36.801443590347326
35.743226939128405
31.81096096254726
25.39243697548826
17.101244758988962
7.709956208812856
-1.9323868601295986
-10.989307383200945
-18.721980296752843
-24.55982727708545
-28.148324116987766
-29.369640208577426
-28.335882111936943
-25.357821701748147
-20.89404784648847
-15.487716365666534
-9.699903269943931
-4.048156360792723
1.0431575036051097
5.276120939387418
8.493729508317161
10.675522452218944
11.916497676368593
12.39341176341043
12.324032861456732
11.925391428446158
11.377012844955
10.794435902789886
10.216524876227776
9.6078798682527
8.875517400083812
7.8964945774163535
6.550996354182934
4.7547329721493945
2.4850998373919913
-0.20301467010255717
-3.1740281639993193
-6.221682875969971
-9.091231563921127
-11.510928001936733
-13.228727144458428
-14.049076242791564
-13.863973643155106
-12.673774358889936
-10.595132166262582
-7.85317820363745
-4.7552519502885975
-1.647816168038212
1.1362407508679626
3.330016364024889
4.7749324904096815
5.444767509058895
5.445954446575986
4.993161026952937
4.364785418277606
3.847414812108766
3.6796775178823604
4.0051528915227514
4.842239287027763
6.076218643033514
7.475402213484538
8.729208204571377
9.501733682325748
9.491568433243406
8.4879557940857
6.4139938777966945
3.3494569908384126
-0.4705090262935366
-4.680329587189828
-8.828769250402269
-12.437443880014317
-15.06556560737895
-16.372605070966944
-16.16991667605791
-14.452331557790174
-11.403032790077335
-7.370123637968651
-2.8188585724486335
1.7322773305974062
5.780568908303972
8.901892141202937
10.799611731980772
11.335594348839205
10.540785975150124
8.604663861746053
5.846544615190393
2.6737770220199795
-0.4686226362978979
-3.1522364503430587
-5.017342574737822
-5.81612523954285
-5.441385951712847
-3.9376542585145993
-1.4945865357664014
1.5754724874148545
4.873078729756277
7.956667652836188
10.392091846030414
11.802269397288157
11.913084762050975
10.590814956918212
7.865665164700846
3.9369815752033994
-0.8425014121939561
-6.003510210298976
-11.014616749063713
-15.346759782148785
-18.53778171532858
-20.24647643251693
-20.28846941566144
-18.65045832625278
-15.482469571693997
-11.070596548618324
-5.796268311522933
-0.0904151339053329
5.609855103133205
10.89692959157766
15.418043029494882
18.890159570402588
21.106712610921367
21.93975807974792
21.34062365152209
19.340833803526454
16.0535700972131
11.674222099024668
6.477286901154971
0.8069918180476255
-4.93962012115795
-10.337136680928886
-14.962902358047163
-18.43275555419424
-20.43820470533277
-20.781722422971193
-19.406501482804295
-16.41579089683265
-12.076719113406357
-6.80533338072763
-1.1318965842123632
4.352249323517877
9.061559464001107
12.488223944825759
14.268363409099123
14.232613305199456
12.433752936410238
9.146380230718718
4.8367230360592375
0.10598862413157469
-4.3843196486780975
-7.995460364737417
-10.194275247698933
-10.626946507352821
-9.173765441653172
-5.975608501297848
-1.4260187298699014
3.872476495971614
9.184055642947783
13.738241405270003
16.837885069279473
17.960994272080956
16.841139264730504
13.512370032935218
8.30910686601535
1.820518800441126
-5.191904848804432
-11.89945359196848
-17.51770184898676
-21.408235634610403
-23.156619809655766
-22.616767930523967
-19.91731560734508
-15.431184146232066
-9.7143647529539
-3.423989401684049
2.7712640662986034
8.27437051713134
12.624655446869331
15.536757430148558
16.91220841861451
16.825884119534617
15.492030600031192
13.216868129422915
10.346307864252848
7.216980783784881
4.117106111655668
1.2615767116735792
-1.2169879784980455
-3.2622243700864737
-4.87628503471396
-6.095413082719899
-6.9649504394556825
-7.519488293810169
-7.772090285454804
-7.713922498182855
-7.322831773151314
-6.577763473205759
-5.47565541894727
-4.047252155540457
-2.367968332027515
-0.5603642546571478
1.213890520801852
2.772617642997837
3.939766777519889
4.57514403408143
4.6008546127651355
4.018837616407426
2.9167152418950035
1.4616470536535278
-0.11726898401017873
-1.5569982905229327
-2.5968772694751094
-3.0192385030349125
-2.687799378967964
-1.5761517530833964
0.21935694122741423
2.4846823120988675
4.910847401091746
7.132408382034139
8.777335264117541
9.521307147372442
9.138161641420636
7.539038487214091
4.794187749445835
1.1332430162768574
-3.077131876721853
-7.375636308307935
-11.263208164808063
-14.266673137555115
-16.000181967857305
-16.215661607535804
-14.835324986346679
-11.962013859556103
-7.866344709324154
-2.953117768845818
2.287741414556885
7.3390631221063005
11.715870345974038
15.018859904834013
16.975019502013104
17.459923605354565
16.498938753378468
14.24901895236754
10.967197475907573
6.973408883087732
2.6134292890322546
-1.7749559036694742
-5.890028071907211
-9.485115591934903
-12.376494734777046
-14.441780895436294
-15.612505155690608
-15.864393695951195
-15.208134103322438
-13.682359680984796
-11.349177933206173
-8.292109256811901
-4.617056591022782
-0.4571827558980383
4.019011216269958
8.59948676720702
13.024454936808217
16.98972039432011
20.16029069621866
22.1956013924134
22.785108150282547
21.690208879888587
18.786863669187003
14.102596449609212
7.8410989393753265
0.3879297143898468
-7.706942434811256
-15.769836897974637
-23.063612097660524
-28.86180687115434
-32.52922719939752
-33.59915693025263
-31.83643875680715
-27.27705550759151
-20.23748941389713
-11.290932044532436
-1.2123560600060477
9.100690791228685
18.721229908452916
26.78837441125353
32.594620110730915
35.65596765431892
35.75762186890125
32.97034385794066
27.635637279396516
20.321404264311248
11.753335634252682
2.7307836278067334
-5.961619803319131
-13.6346844894771
-19.757186590419103
-23.992976791715346
-26.21079216542858
-26.47023242245773
-24.98941660901619
-22.099426128918175
-18.191357654102323
-13.663615171773023
-8.877371043976677
-4.1263577633846715
0.3757366436574686
4.490439390169485
8.1359735533817
11.26152330412647
13.821641141868497
15.757329600839755
16.98839835418763
17.41897646590897
16.955452911572863
15.533801281526529
13.150169505381895
9.88615527456069
5.921224515978135
1.5284998565722225
-2.9463166014482622
-7.120532037985082
-10.619726943510184
-13.125628925116231
-14.418780746628755
-14.409198724232073
-13.149881070055963
-10.83037638237229
-7.751308889315775
-4.284293468977527
-0.8236228964799184
2.263021558289131
4.677834447648677
6.224813441565147
6.827124758178733
6.5285419120222326
5.479560993609067
3.910578433071851
2.095690750389819
0.31186873518711516
-1.2002297458734004
-2.2675885204981454
-2.804640679676044
-2.8198021298154505
-2.407013546464035
-1.7226360733712134
-0.9520516571023654
-0.2717325827592555
0.1874618735072933
0.36853094197641423
0.3013118486438032
0.09776949252203805
-0.06846392508769283
0.005199949530020511
0.5088688845548298
1.5746013578265146
3.234315316191872
5.3906150364463015
7.807852144421661
10.127045264399186
11.90535549994472
12.677274371403367
12.030094097386378
9.682428321008484
5.552768127981229
-0.194450683430158
-7.135309518026124
-14.61137732181755
-21.793540069726326
-27.778446798557905
-31.705261115539876
-32.87612502158089
-30.862286384874174
-25.579865680992455
-17.323837011847782
-6.754137492944471
5.166522709792681
17.276636162743923
28.348009399141286
37.228426683719235
42.97702841585696
44.97536049798681
42.9992795648414
37.24261725913513
28.2906989341818
17.04773542992767
4.627591901843979
-7.777129389360186
-19.029520713109587
-28.16850848646511
-34.50057072787259
-37.654590879369366
-37.59706842598579
-34.609370023692726
-29.23215056784004
-22.184864731161127
-14.27077986256091
-6.279895163055908
1.0975836219781987
7.336705327844519
12.115314637859663
15.320971913250423
17.028852417299653
17.45658048577178
16.90564182890696
15.700570391384492
14.135937512980997
12.438209844738097
10.746081315685588
9.109959575790581
7.508667725647352
5.877945715679591
4.142505353296603
2.2443419565220735
0.16354412900667334
-2.0699456624599804
-4.374584207383923
-6.625418365883703
-8.670402917046808
-10.351678682215194
-11.528234711461124
-12.096652389653446
-12.006951318077675
-11.270745818436373
-9.95940527554709
-8.191543956114565
-6.1123980117790175
-3.870871115779791
-1.600688284879227
0.5901984585101071
2.6213275669606624
4.4348214561858565
5.987412226996438
7.242969093565465
8.168195351023266
8.73246221012595
8.911303698443692
8.69241071780675
8.08204326111217
7.109323042173266
5.827379531556337
4.311960550978162
2.6576676577814613
0.9710131287089887
-0.6399610699670993
-2.078191445739268
-3.269520975737923
-4.171065069542129
-4.77417409666791
-5.101631661045838
-5.199737622062612
-5.1269353945185285
-4.941532168420195
-4.690956862123545
-4.404109202361273
-4.087524088298278
-3.7256001914495944
-3.285022987280192
-2.723305889251603
-2.0004083435309075
-1.0913262337221152
0.0024992380157099576
1.2449036831749272
2.5622064205368544
3.8478585248088546
4.974454099903122
5.811236519002672
6.244740418456324
6.199545192541882
5.654915341563816
4.653182218634707
3.297654746371144
1.7401445453703936
0.1598424000164893
-1.2634000611792282
-2.376996940292312
-3.079521720334138
-3.335854726320541
-3.1808323763602195
-2.7109689342976666
-2.06572422614276
-1.4014703371117672
-0.8627662295128085
-0.5560777950376443
-0.5305784639156053
-0.7696734254390458
-1.194885083597028
-1.6803294663452197
-2.073569377839713
-2.2194503176899865
-1.985821382480057
-1.2905384721241473
-0.12705136870728123
1.4171897139864842
3.156599164499373
4.82270146460077
6.0997162114811925
6.676685780697693
6.307679538564226
4.868464635936803
2.3977392702919262
-0.8866156769311716
-4.601468082600767
-8.24239048882573
-11.252291458336405
-13.104855294744096
-13.389686790074204
-11.884992955046291
-8.604944590387468
-3.8128669630171
2.002131593937428
8.181184294172414
13.976508458615008
18.646765649902875
21.554474131122987
22.25210959422829
20.54500898542885
16.52248870673622
10.552627694638879
3.2408973483554306
-4.641908551593491
-12.252591343483392
-18.77689173908424
-23.52600263166989
-26.016001805240684
-26.0205126583423
-23.590296882006285
-19.037980804369028
-12.891400812820466
-5.823296767304649
1.432563097881327
8.16783115976515
13.777853478610414
17.82214073037954
20.059727307856583
20.45642307844828
19.16624046541305
16.49307713889086
12.840081697128241
8.653963114506164
4.371117579903336
0.37199200150125794
-3.0513712089188623
-5.712303849345307
-7.531498372561691
-8.52672096861939
-8.794045320353641
-8.484247916435494
-7.777364812092516
-6.857696199446147
-5.890965432002917
-5.005601420246576
-4.28035305505314
-3.738980353852708
-3.3512191402637175
-3.04003546422933
-2.696387132775065
-2.2012246681106364
-1.451258886327046
-0.38276356818058704
1.0122770304111204
2.6808657495190693
4.514273122132941
6.361219104287619
8.045311678665858
9.38395416845191
10.208116908730487
10.3822839252495
9.821056919159844
8.498831132947098
6.452418689361441
3.7781050951788537
0.6244951251579447
-2.8164209684418187
-6.3181239610270055
-9.629621458294789
-12.488735724587052
-14.638619983018742
-15.846622611042967
-15.924779853548387
-14.75077769555567
-12.28763413198949
-8.599548589372032
-3.8609031525994113
1.643143004576886
7.524326417871975
13.307887419673596
18.460565529119243
22.43224469719667
24.71101299536761
24.887340525776246
22.71859797016092
18.182560402161926
11.509358112590776
3.18456347746142
-6.079936313345605
-15.40645267622449
-23.8383461078677
-30.444665145396304
-34.431282783323944
-35.24453160334183
-32.65179076331364
-26.785492122782603
-18.142648672770694
-7.538853953533989
3.9784143873888587
15.247733436059233
25.128984030858287
32.63785210603369
37.06018562541493
38.02970426490738
35.558966170521316
30.021764633881812
22.092625978046026
12.654041096890152
2.685043902955129
-6.854098946110981
-15.1271478166581
-21.50464667280268
-25.614343348338537
-27.35501094167865
-26.875883937719262
-24.528124465662238
-20.797213331408976
-16.226917653701996
-11.34570090010616
-6.605038107165732
-2.3367363450514542
1.2667869243937613
4.149039134131512
6.366411438245546
8.051967130919135
9.372981916207618
10.488466302559054
11.512929470679513
12.49230118326907
13.39524072147454
14.119563103601633
14.511777504560728
14.39691646501394
13.61382118387368
12.048871347426527
9.661542639611975
6.498110496177931
2.6928008534397523
-1.542627142983896
-5.939039968467575
-10.19712010521633
-14.017583995207243
-17.129927473159757
-19.31648092539738
-20.42976590828351
-20.40151907372919
-19.24381514062094
-17.045409391126906
-13.965191203228395
-10.220953661039003
-6.070884180218385
-1.787423963779735
2.374045707615305
6.206237242248537
9.573265585908665
12.419778352361554
14.762724319906823
16.666393130465217
18.205426941396087
19.424112667094732
20.301701046921618
20.73268023547021
20.5288180631155
19.44561166611662
17.2293726888576
13.675741595973196
8.688550493749274
2.3285202162976057
-5.157224905522719
-13.331318000270533
-21.59099744336619
-29.220891258641995
-35.46906921251375
-39.637397676864644
-41.173376130822604
-39.74846543889457
-35.308171739446834
-28.08361385228719
-18.5635593108136
-7.435017529989121
4.495174570785644
16.383920166047467
27.426683427187637
36.9127998752909
44.25631379056167
49.004206813068215
50.83111220768009
49.533951442730064
45.03792986422945
37.418201726946215
26.932737155070527
14.054996954390099
-0.5074077005178199
-15.820369738976538
-30.765772662228038
-44.121249861452874
-54.671853063914256
-61.34101815824798
-63.323257375628124
-60.19911129576764
-52.014558917957814
-39.31167817277821
-23.10298085258061
-4.787898399884242
13.982326442393276
31.47637952220387
46.07002908573168
56.42488873753425
61.63549971041268
61.32567471508255
55.68243096620263
45.42406965926456
31.70714848680674
15.98503067137669
-0.1628700159540385
-15.208390226482654
-27.835775236327542
-37.067737305034804
-42.343574667136764
-43.5439521719469
-40.96447318460958
-35.24584917291661
-27.27193482462287
-18.049304925653818
-8.583579149110728
0.23235431185516134
7.705194870143139
13.39423197027039
17.12656789082665
18.975660535584463
19.209162772654388
18.21622625820903
16.42717632569825
14.239165044281707
11.959398051618427
9.77334527566181
7.740580429794817
5.8159151280892525
3.8887490027701306
1.8311279398666638
-0.4547047378219449
-2.9974789302637497
-5.733743207617621
-8.504592263194423
-11.07253834964929
-13.155321194050348
-14.471313908871819
-14.789629524491787
-13.976328805454477
-12.027470588601611
-9.081632569992609
-5.408404975346699
-1.3740781460765559
2.609445969445906
6.14321637409305
8.897270098825814
10.65500080992809
11.338510137647681
11.011034062212836
9.857191959211564
8.145807004995051
6.182421741141991
4.259749393034793
2.6141252923397436
1.3941986289794601
0.6455339070719703
0.3124729356454563
0.25624398832270834
0.2859581293001448
0.19736705824507575
-0.1869987047113518
-0.9828919863265335
-2.2199151345216053
-3.8313888365904547
-5.660781098746406
-7.4842866547924585
-9.046039503691036
-10.099967656369438
-10.45095351404989
-9.988723707657245
-8.709429377242722
-6.719988948539576
-4.2215032319091135
-1.4731712193617152
1.2559376668023494
3.7366280967763057
5.819559900161831
7.455912586939622
8.693435513809211
9.648551659718576
10.461130019158592
11.242424419088787
12.028161210579805
12.748507185896058
13.223379276482737
13.185156892284901
12.325054929257787
10.356032137827341
7.082026640987608
2.4604525604469507
-3.3550517098213883
-10.00114302219622
-16.92501866122164
-23.437303055711162
-28.79079159998848
-32.273747047490424
-33.30461180897683
-31.515461224777226
-26.813086207277028
-19.40934697743864
-9.816467188751082
1.1928107117352347
12.656404200564193
23.518200751648724
32.737909819200596
39.40403142711863
42.836476793575784
42.66493862752221
38.872423082109115
31.79896065043491
22.10570994956506
10.704081790943466
-1.3415488842174699
-12.926212604600304
-23.019085738401518
-30.767492498906922
-35.578386735872
-37.169249769801716
-35.58455463089427
-31.176768948685442
-24.55390430853037
-16.500339986835815
-7.8816760098755685
0.45435803146974646
7.769253517017068
13.506650305539798
17.338317205843996
19.17836290600713
19.166052431976812
17.622778146055502
14.991517673769977
11.767700790479674
8.430536936181705
5.383279292703818
2.909008109783456
1.1462928810805655
0.08706058112076476
-0.40351119874713853
-0.5484075258661039
-0.6078858389624595
-0.8249002971763801
-1.376487918194453
-2.339924148806629
-3.6791267438133417
-5.252328514613465
-6.838722407943664
-8.179487086580918
-9.026103294274957
-9.187025964686649
-8.564059341825466
-7.1719625293154925
-5.138017699797245
-2.6821399198517577
-0.08195565574223038
2.370162019366313
4.410692452019683
5.84297821875216
6.564840944230588
6.581775646518145
6.002642542042017
5.017472755666904
3.86098773412056
2.768611499481179
1.9334455632750034
1.4725472776283892
1.4081423451747608
1.6658826519404413
2.090079445580429
2.4737387570196794
2.5984416788115654
2.277293568556724
1.3936062653460053
-0.0715035927961947
-2.0271531958309845
-4.278062353231876
-6.546903308871342
-8.511267119843636
-9.850470728602193
-10.29548114483381
-9.674272021481043
-7.9452421356047065
-5.212947518809257
-1.7229470438088292
2.1643203837917766
6.017601487452776
9.391178829372148
11.885676175803132
13.204080407814125
13.19366230065119
11.866227102829095
9.393057450359967
6.076272086410819
2.3030903277290995
-1.508350347212573
-4.963615668067009
-7.740246821074525
-9.623657696995087
-10.526619470815449
-10.490978452840128
-9.671365080546284
-8.301940614631159
-6.650905377841613
-4.970933974786546
-3.4542713083640404
-2.200047163555067
-1.1998254078527262
-0.34499116204170266
0.5442443416744828
1.672683894617678
3.2147427135429787
5.260269341027143
7.77306818025192
10.571901375041131
13.339707638450268
15.66140151153336
17.08466574030145
17.193201239053803
15.679491726280057
12.404853349752939
7.437797100557381
1.0655059877472655
-6.223484813421474
-13.783733874099218
-20.87944167947599
-26.765657336306607
-30.77418602785028
-32.392397402876874
-31.32451452421227
-27.529117744799443
-21.23036996459232
-12.902282830821271
-3.226639903965473
6.972268130256062
16.809679971711702
25.430024007713023
32.09331173333146
36.24746326918616
37.57815026858988
36.03142550192424
31.808308184780014
25.333807649400633
17.205223024457663
8.126495282897931
-1.1632350219767045
-9.958756566274566
-17.648722543370287
-23.761211790538635
-27.99142768688245
-30.209609464264357
-30.449624135416634
-28.881955354101617
-25.776860410584877
-21.46375700765289
-16.292834498440694
-10.604309965875677
-4.708524970035529
1.1229255998156267
6.656813017950394
11.691549816047292
16.048305652127
19.5645458906784
22.09314545583619
23.508275259254592
23.717326554558394
22.67602225642727
20.403143528040236
16.992111332340496
12.61670234286693
7.5278393105529915
2.039836032355433
-3.4929903413023315
-8.706362163957284
-13.258287356775632
-16.858684922359874
-19.292833402508634
-20.43675475609092
-20.263529388067855
-18.840526796347078
-16.319169891436765
-12.919528686124277
-8.911408692774964
-4.593415737319558
-0.27151477710777655
3.7623467517448073
7.251376243178464
9.993278759893558
11.854912640249115
12.779760379821091
12.787632816716394
11.967972656381756
10.468344770877042
8.478713448028133
6.212092422632243
3.8832381291964135
1.687917897431305
-0.21461231951051787
-1.7141636781280094
-2.756724175191529
-3.3460190455705234
-3.5392330079269447
-3.437021756116921
-3.1686019910436594
-2.8730405602628286
-2.6782230385413786
-2.6795577218758844
-2.921278050790316
-3.384243649712961
-3.984298319853914
-4.583039338479986
-5.0091466826714734
-5.086176808797352
-4.662932517125441
-3.642956538819081
-2.008952346968382
0.16250820964420246
2.699321289457812
5.346279805058108
7.7909301488788785
9.701018214301303
10.769809452827854
10.763178160403175
9.561113714265435
7.186715028704202
3.8171599730791557
-0.22670672487033594
-4.512440822960724
-8.546298635377587
-11.835311248676225
-13.953085192680277
-14.600209872687424
-13.649582348578503
-11.168688664361035
-7.414847661182556
-2.803765928344124
2.1443069166822575
6.873315240064412
10.865306982924777
13.70853315154491
15.149178448439699
15.118639702272825
13.732037773721926
11.258619893125454
8.070093161933476
4.576504766678739
1.1606090220043992
-1.878422985467586
-4.362650519224516
-6.2479248323250385
-7.6090843958598375
-8.601311617784617
-9.406778706525834
-10.178321734599036
-10.991271344929691
-11.812465006324649
-12.49304765861923
-12.788236846584828
-12.4018569511264
-11.047794615888957
-8.517059418534975
-4.738102898706708
0.18111866452079955
5.938262593230289
12.053738578972471
17.91946853931125
22.873292612502567
26.288373064323327
27.66385435247852
26.702143449131697
23.360081261880765
17.86554175632524
10.69660360572933
2.526286928501833
-5.859045214113052
-13.655604801994574
-20.13858942345833
-24.74616728035371
-27.14021841139933
-27.23566419158203
-25.195125121168875
-21.391992674074697
-16.349545355013813
-10.666001752148004
-4.936450878607458
0.3179584471844195
4.705170301139446
7.995581519660014
10.130216631623865
11.204135794199741
11.42948959213329
11.085521656814349
10.464186626520709
9.820022374694444
9.331601715418897
9.079425271657241
9.041975500828485
9.108592717064889
9.105454931113579
8.829654811164838
8.086393561862948
6.7250096373126915
4.669765717994184
1.9410040954788297
-1.3374262031065667
-4.946919811029052
-8.598593567727548
-11.96972071319017
-14.745926866868095
-16.66222120402071
-17.536696080355885
-17.292318967110596
-15.963897680218796
-13.689099467190758
-10.685244615994248
-7.216763484211194
-3.559609329154651
0.03150344295016081
3.3482189838106455
6.243165890770336
8.633835676386312
10.4968991536221
11.854608885169892
12.756018610126041
13.256869879578236
13.40201703875478
13.213688882366169
12.687746310480748
11.798009861985312
10.507053272758775
8.781461841900438
6.608937353152624
4.013443624521039
1.0648574598854184
-2.118526492510054
-5.374994162084919
-8.511730740388012
-11.323020715256435
-13.611623255032468
-15.210537582244465
-16.002436196707365
-15.933812702930483
-15.021766654278357
-13.353135697085017
-11.076773329275042
-8.389961107840314
-5.519556171130373
-2.697719015643937
-0.13247332734247938
2.024069441829379
3.7038552402155815
4.939834970800439
5.864907965242369
6.689236878357351
7.657068990039906
8.989342129215093
10.822804255685167
13.158418239506744
15.830746120676395
18.507204586880544
20.721658497745047
21.9397107980283
21.64549677495105
19.435309059889832
15.102024239712414
8.69509469517844
0.5446002547738189
-8.755684015561991
-18.404419401979204
-27.48070791592388
-35.05239518503482
-40.29029711315114
-42.57308017695389
-41.568384859307535
-37.27850345493781
-30.0437911895309
-20.502986525758796
-9.51574528509306
1.9412745268231923
12.889156285393389
22.455880657365565
29.965602707938732
34.997783050311696
37.41067751187342
37.32778317278381
35.09024131175441
31.183841385511336
26.153670619080938
20.52096408271875
14.715740267165353
9.035060753256785
3.631500512782114
-1.4685433910642829
-6.322646196715276
-11.017170926668719
-15.611108039627693
-20.089495791636015
-24.33525731785678
-28.12488132265276
-31.148474316006407
-33.05027749061149
-33.48196134176453
-32.15902470157986
-28.911594725710295
-23.722723831358714
-16.74868707640684
-8.318386495739986
1.0874398119849555
10.87389807315837
20.38182049001811
28.9442163679673
35.943387921445094
40.863494024104206
43.33399851003305
43.15969930044683
40.33450597221374
35.03906622617569
27.624382127853597
18.583701979797585
8.514689914220693
-1.9256925512808427
-12.070315050771578
-21.291300882946672
-29.04571463837201
-34.91251418274558
-38.61575637501143
-40.03203390174973
-39.184149436205516
-36.225038223110886
-31.415967914459085
-25.102178812593326
-17.687891467865875
-9.611765339008356
-1.3235706623097405
6.737590119095071
14.163360867220142
20.593892575112964
25.733171759633226
29.363920492694778
31.363711474606315
31.718612381326295
30.52635594499413
27.98315397717069
24.35333724616052
19.925739073169982
14.966505629699967
9.681888284623444
4.20166505437847
-1.4131042770349538
-7.139993384293422
-12.949318961636918
-18.753250088756698
-24.362797808522547
-29.46435759065888
-33.624312249412306
-36.32572547784593
-37.03494450316584
-35.28926617947149
-30.792000095613123
-23.4985159327896
-13.675909489977162
-1.9215271521800423
10.867538053918649
23.573329243891514
34.97576630112031
43.89597967777854
49.34435729099679
50.65190041128764
47.56476937627315
40.286701837163925
29.46284742730023
16.10833820722151
1.4923716780938374
-13.005947732023051
-26.050298435614394
-36.488462840649824
-43.465268594487625
-46.49585834244135
-45.49504816760024
-40.76303039150901
-32.93034077429655
-22.87006822755477
-11.590454190840605
-0.1222531554867415
10.585406723340792
19.748515512767906
26.803283162216623
31.429758942851596
33.54396243089612
33.26313675078191
30.85419126068978
26.677210733050753
21.134212740190204
14.630680680003755
7.553727429757511
0.26609496081518835
-6.888738780024843
-13.577333988102836
-19.470408564471903
-24.24597423914737
-27.603462844052324
-29.287333907093924
-29.11652996280778
-27.014471290292352
-23.033365161407463
-17.36767678046091
-10.353680060981754
-2.453941678909391
5.772200500287775
13.709380761333252
20.735075863106474
26.27339270329828
29.849699567188914
31.140824813547145
30.01446277898726
26.551327507102926
21.04511727299901
13.978167239246895
5.974576520798032
-2.2632400055494997
-10.025884113911166
-16.6664477821783
-21.659049439793367
-24.640854641602925
-25.4369178785704
-24.069735289012332
-20.755053114240393
-15.884381686169696
-9.993239585895372
-3.7132800055263084
2.290859006707359
7.393717030791273
11.08082850119681
13.011053199796299
13.06098229315374
11.34433836013441
8.202358131033698
4.164674231545493
-0.11605810399688737
-3.9483340405793808
-6.694280514447177
-7.858815744097656
-7.163593948271339
-4.594575715343298
-0.41493339277072233
4.859892871397486
10.52256209361824
15.762713941112843
19.77337437691835
21.860125781318118
21.537415109280676
18.599022982886076
13.153811730557956
5.622623639859711
-3.3028998182914058
-12.734666874286912
-21.68680868916417
-29.186666350779277
-34.38551598473038
-36.657140637003614
-35.67250196924782
-31.440619133954087
-24.310666474260607
-14.935462043072718
-4.200285302293878
6.8754278705261385
17.2520602740266
25.984838657807217
32.324448837769474
35.79070942833162
36.212222968712176
33.72974035387604
28.76456191378896
21.95674861108939
14.080908675452614
5.949851727390441
-1.681272521965367
-8.197533398214231
-13.183613423745319
-16.453873264755916
-18.05014639043243
-18.209066675828392
-17.306838449830877
-15.792612996625293
-14.119924103800132
-12.682086416188753
-11.755332256480724
-11.453181281499916
-11.697199935771495
-12.212214106927036
-12.554662265736123
-12.177726259438446
-10.52747418464358
-7.1559466694174345
-1.8328599604942657
5.364697093611958
14.005172385606365
23.312578559195646
32.237926714339686
39.586650765474886
44.186558600807565
45.07056061305475
41.643089154011435
33.80105238775301
21.987846273020494
7.170589632983919
-9.257085090929708
-25.63434832311564
-40.233798599386446
-51.47594270643093
-58.12734015963547
-59.454211322592045
-55.309899242332364
-46.14527396542632
-32.94375760539917
-17.0936553430985
-0.2174489002323744
16.019106473273148
30.09420627379044
40.790707404033135
47.31165985210004
49.33899225630647
47.032038647045546
40.97091011047664
32.056570131679514
21.383662691926194
10.103666136648526
-0.7044488652126886
-10.141101816061173
-17.559792729783585
-22.602364215183176
-25.19639078997212
-25.520565869097858
-23.947393924269317
-20.97306788839527
-17.143488928864322
-12.984879492725419
-8.946707903883775
-5.362262803925296
-2.42909215910687
-0.2088748356379718
1.3561112967748359
2.414315813103135
3.168411686360936
3.8350359695738065
4.605050448633274
5.608862467920816
6.89178551328437
8.403868543448223
10.0056869587059
11.488386043373621
12.604889048062159
13.108274916959743
12.792083276152557
11.526757895762726
9.286761678745904
6.163717490614585
2.3626495942343735
-1.8185724930863443
-6.0232030080460435
-9.87796647581422
-13.038362374947377
-15.230606939310675
-16.283510055326005
-16.14570637731109
-14.886914027008345
-12.683936527009648
-9.793257797508694
-6.513838092319583
-3.1460052834109904
0.04651197764424214
2.8651270827135598
5.191286952224222
6.986441688385173
8.278995603264358
9.141970145401956
9.665558106561228
9.929388034652993
9.980001960518631
9.818262723470443
9.399492989749563
8.647107271790565
7.477569359947704
5.831026626069173
3.700337983292514
1.151606036822656
-1.6693258120268997
-4.5469088223102725
-7.221047600153563
-9.423246028993795
-10.91735116477646
-11.536924100037396
-11.21246824746105
-9.984502256687113
-8.000704420884144
-5.497667733416341
-2.7701871922728736
-0.13289018073493783
2.119831113779191
3.750348843555764
4.607203922965885
4.644254599368101
3.9270372961677436
2.6255731732722487
0.9940718634285799
-0.6610274394920079
-2.02137786226362
-2.800474527924969
-2.784946834112702
-1.8672205216681905
-0.06482866012655476
2.4756468326177816
5.490235128714229
8.624468302576272
11.473692118656253
13.632010689711763
14.742877585370701
14.54430988551796
12.90259058762252
9.830077899115647
5.485905347979225
0.16118765082391992
-5.748068233522699
-11.776041340663946
-17.42592044459553
-22.209505104615342
-25.68519722885105
-27.491811164122915
-27.376259407345255
-25.214753820907784
-21.028307858073724
-14.992486371374662
-7.439064475033185
1.153748873340185
10.18471441596996
18.967036537936057
26.778755393452034
32.92348523814966
36.79752876120503
37.95703756258172
36.17617320947661
31.486782465761927
24.19245077550986
14.853104889001719
4.239787264979495
-6.736950909800626
-17.11761626331687
-25.9926409633455
-32.597634090718124
-36.39394518223176
-37.12506263310479
-34.841256044930134
-29.888239588230153
-22.860943998328644
-14.529014510330708
-5.744198462063381
2.658563193972938
9.953507187801467
15.597747689865685
19.277943822826746
20.9263501252478
20.706375162476654
18.9710442848717
16.20061611383094
12.927515929229253
9.658533625252371
6.805249115753331
4.632126459265767
3.2287505104813765
2.509982892406645
2.244437017403344
2.1070540366030883
1.7471518574180787
0.8601473147696072
-0.7500384066765271
-3.12892211295457
-6.156150294649456
-9.558155455135523
-12.945515069147127
-15.868472112573514
-17.88255390916561
-18.615753929910717
-17.827940636022173
-15.452994211375616
-11.616794803412983
-6.628733407994389
-0.9481309460239974
4.870459746169183
10.24629982346882
14.646469507188305
17.654241716287608
19.021679106711773
18.698411696313105
16.832448248997114
13.743668887479839
9.874675325903246
5.726412445996128
1.788145685072263
-1.5274818886356685
-3.9350438210406553
-5.30678227014223
-5.68045772167986
-5.244680411205597
-4.303787678833546
-3.225967184563044
-2.3805978465975515
-2.0737005740763848
-2.49218349231414
-3.6670423547047615
-5.462823598201936
-7.596007038457882
-9.67977425449899
-11.288100695827975
-12.028808557135218
-11.613307888095651
-9.91050487663638
-6.974865463582983
-3.0439042748574163
1.4940540769025
6.156398656948102
10.43736715099223
13.8815505873308
16.148021023335907
17.055364031958934
16.600254322236225
14.946030516097359
12.383737425260144
9.274531909777535
5.986044066969264
2.8350019403489233
0.04562258917983569
-2.2705352630203053
-4.111904409920052
-5.564495998328815
-6.766005974390172
-7.863603615619375
-8.97255200504296
-10.143231797909104
-11.343081726032159
-12.456642817589548
-13.303231578327667
-13.6682467447939
-13.341671932057807
-12.157653310780114
-10.029721147977014
-6.97550947252203
-3.1257109319396106
1.2846905015559535
5.941299263116946
10.486404222470092
14.55952239322778
17.83648865627666
20.062864936950586
21.07798419573357
20.826431642522106
19.35579727436859
16.802506301124495
13.369266496275158
9.297907461719875
4.841667928987963
0.24100046564990402
-4.293977280682021
-8.59228055296082
-12.521335045859946
-15.978128769830112
-18.875391927297912
-21.126582883858326
-22.633322531266767
-23.278496034371784
-22.92822675264184
-21.44557507893667
-18.716299418778874
-14.683024373535403
-9.381239768764056
-2.9696473315671787
4.252295897991323
11.845738466934094
19.256424537455864
25.86095475829516
31.030499565837413
34.20395796596654
34.960786189085624
33.08293170108782
28.596025641377004
21.782858807117588
13.166151615235888
3.4613183737302617
-6.496269194686658
-15.840715772129222
-23.769385123041864
-29.627133182452813
-32.96862232599933
-33.59175818358555
-31.542787846001787
-27.099211937443645
-20.73751318938854
-13.089467693167775
-4.8876404764456804
3.0991835872411113
10.137556589632695
15.602618535944186
19.045818016007303
20.248006522855988
19.248247874930975
16.341170305869863
12.040955867815146
7.015697705284296
2.000301657180617
-2.300792525774296
-5.308304439338713
-6.64729845527822
-6.1988718501547195
-4.115510856693912
-0.7969504216892145
3.1701925651780334
7.100101398654595
10.30959237109023
12.218570553038894
12.433658692381904
10.802360010986956
7.430380336066409
2.6614777241112444
-2.974547017447923
-8.836337252393315
-14.256821691991073
-18.628185440350247
-21.474168094374466
-22.500602947151528
-21.61887369325054
-18.94131220286407
-14.752392698534857
-9.463130245449559
-3.557169143416455
2.4637064264518838
8.128525512130832
13.036280980875576
16.88286730737429
19.475005805245576
20.731518776593077
20.67390058150124
19.410169914687717
17.116212653116772
14.01660968933936
10.364812185233038
6.422218503273107
2.436745977355915
-1.3772020546978503
-4.854689667768782
-7.889197852379164
-10.431926002610185
-12.480444326774895
-14.058788264820901
-15.193868279143196
-15.893982345885556
-16.13443074466577
-15.853532832313883
-14.960226061807324
-13.35251711183305
-10.944527869905984
-7.69789044863902
-3.651126447240685
1.0596073259442491
6.193145882365404
11.411596821935147
16.304087843766595
20.423727217391157
23.334488385295643
24.66366314075027
24.15368212098213
21.706000107596445
17.410133775820768
11.55206287979913
4.598349293540078
-2.8440895034849585
-10.08867000729438
-16.443445167479567
-21.290874329472903
-24.16459037392904
-24.81319528841352
-23.238813351275127
-19.699488733868204
-14.671768446381266
-8.7794188927358
-2.7018174415969507
2.920906769818376
7.570132519777537
10.906994163469633
12.799883944338292
13.318710414269603
12.698388896406119
11.279600383561181
9.439057244222157
7.522390785856874
5.790586133586656
4.3875791970072555
3.332600697318128
2.5359950713668007
1.8334745445059966
1.0320430005371957
-0.04024174337937936
-1.4892160841734734
-3.322375195966012
-5.435724697441091
-7.622616947770703
-9.60314081042365
-11.068778475677517
-11.734472440217747
-11.389460413604423
-9.939179339390805
-7.4318404868497705
-4.06439384930592
-0.16478488000524436
3.848392837364453
7.522492087668831
10.434031381934172
12.249295931547074
12.773995585705709
11.983008072063443
10.023118228653857
7.188456025890072
3.8749522786206247
0.5223812059304871
-2.4473586391709596
-4.68699306694859
-5.968182189485274
-6.208704159382886
-5.480120002985564
-3.9950869323081326
-2.075490399626905
-0.10499799235745368
1.5280087355650993
2.4893689725915604
2.5516149863008226
1.6321255830671748
-0.18950138620508516
-2.6782329852244025
-5.473836256839467
-8.140429743257751
-10.228337178976016
-11.338911935902152
-11.182678880060731
-9.622818664627864
-6.698323100783045
-2.6239325696914317
2.2325115381735814
7.391506487305258
12.316562097928681
16.47559239771262
19.40185337580547
20.747572975856745
20.324429487072592
18.12581122098146
14.327342030973648
9.265458496470494
3.3974441231253527
-2.7511700393467633
-8.644763292095114
-13.794275282688938
-17.805637722546987
-20.414014673941566
-21.500269936702097
-21.089302394593123
-19.331996246997473
-16.474101592146912
-12.817271779712502
-8.678688581622476
-4.355550408476569
-0.09938815442340247
3.897110407963814
7.500566462624525
10.626673145062709
13.223450284171415
15.253440816500186
16.679538890325958
17.457355501952033
17.535347634924296
16.86217728881092
15.399462136848056
13.137790301750872
10.113153932260714
6.419493531170951
2.2134684746300817
-2.289673349889425
-6.828253644805642
-11.113125658744773
-14.85172478202076
-17.774740659529982
-19.662487554761015
-20.36737530370523
-19.82878821040418
-18.078379542528182
-15.236021761272058
-11.498034187764336
-7.120167237951602
-2.3977945086133103
2.3553802875748215
6.829232654211078
10.738154432382052
13.839663076574478
15.950582145693904
16.960758063280917
16.84290471847762
15.656195512760094
13.542136469535151
10.713528417128815
7.43809819102878
4.016544437648327
0.7538444540258584
-2.0748069426477294
-4.258611890920348
-5.6797919014399465
-6.329805471019143
-6.308717376647024
-5.806670128446022
-5.069965678663099
-4.357412896428566
-3.894882786922479
-3.8362158390542795
-4.236645686414784
-5.0425433186937205
-6.099488742227488
-7.178060068341444
-8.012826998427487
-8.34730060157132
-7.977449829213444
-6.787097976043108
-4.76931954563389
-2.0304438082920124
1.2227902254963885
4.709354188333467
8.108492143503423
11.097589897032677
13.388494632078315
14.75819403548446
15.070792020392751
14.289070982654833
12.475423232484026
9.783026899406353
6.438839560469633
2.720468485644666
-1.0706806100286548
-4.637168195125649
-7.711492623578055
-10.07845076293498
-11.592265090369503
-12.186437619037498
-11.875403992940726
-10.748895792864413
-8.960117100989391
-6.708383922152989
-4.21765582408375
-1.7138833414948964
0.595396256997257
2.537059739319447
3.9835436637037653
4.859380412676194
5.143724488681255
4.869402170373012
4.117909088477885
3.0095502489005446
1.6895618125115046
0.31281510734420415
-0.9694945862662384
-2.0189818059708764
-2.7161596961665007
-2.966399998998676
-2.7072564933528804
-1.916832708827523
-0.621479338277784
1.100109607072483
3.118391225788669
5.259840761080911
7.31870353236345
9.073728733643993
10.308720645929412
10.83394162131533
10.505600139316352
9.242198800052153
7.037041756652433
3.96540290813786
0.184460712673226
-4.07497941151356
-8.52439794646008
-12.839130987140289
-16.68267431235421
-19.730738691813542
-21.693367067372886
-22.335296916508884
-21.495453381271684
-19.105318098257857
-15.203873124672032
-9.945770021161161
-3.60063481353118
3.4566687768907816
10.764879540156574
17.804866095116857
24.037218643013126
28.945934218441238
32.08375790574008
33.1149778458581
31.85225823914757
28.28376032859157
22.58620172618046
15.120550238204817
6.409144314919472
-2.9049097671169792
-12.112815583615864
-20.503963501322175
-27.431544282816365
-32.37264788432377
-34.97609015104156
-35.092215816236696
-32.78109894616985
-28.299005279235104
-22.06613820539691
-14.620568918906718
-6.564322251314064
1.4921051840231425
8.981090201957988
15.420492418316519
20.444613797453528
23.82258016795539
25.46465473598975
25.417613939395846
23.850101699446963
21.02828758749603
17.28285109342732
12.970961124642034
8.439382266099676
3.994560212483927
-0.1172485245739658
-3.719402716578661
-6.704692260985612
-9.027421718383735
-10.690933480520325
-11.733979375011225
-12.21837159584457
-12.21918042959671
-11.817704675006315
-11.096581646324713
-10.13598176504069
-9.009752614246416
-7.780682859790333
-6.494991429771351
-5.1773630396565
-3.8286171738133445
-2.427849808101882
-0.9396500525633055
0.6742496948079537
2.4401770083921908
4.356752817664196
6.381637211794235
8.424519582324056
10.348765973856374
11.982335705715197
13.136931804717799
13.63289494910642
13.326377552811165
12.13493960490195
10.05764222020278
7.186046320935809
3.7036350679754233
-0.1271566317216749
-3.989678148177379
-7.547528893388499
-10.484695432513064
-12.54553023517403
-13.568323087796546
-13.50680716231561
-12.435496339251872
-10.53771171567938
-8.078506704329602
-5.367044374949217
-2.7142751507806304
-0.3922679581295276
1.3990411010402393
2.5536747513204805
3.0681118759390693
3.035956774044725
2.62915810175527
2.0677653320064513
1.5827608395430444
1.3782714814845756
1.5990392427148583
2.3074462853365816
3.4730623508527687
4.975999714882551
6.623063435173558
8.174103661941677
9.374965293838283
9.992156554772125
9.844151794611147
8.825794035676761
6.923844847165938
4.222491928245302
0.8981691072073311
-2.796292098442651
-6.556894905809229
-10.059858943199057
-12.994742569973255
-15.095569563043936
-16.16740776470972
-16.10583431520181
-14.90643882983889
-12.662959653128224
-9.555159318306046
-5.828969964518126
-1.7716740342509063
2.315031555785501
6.1414136187197235
9.45350847088263
12.052784500304327
13.809969001764562
14.67126906782011
14.655666079571388
13.843159575777157
12.35608709895052
10.337905236206703
7.933990636901858
5.277438135782062
2.4816557026629753
-0.35934516578246584
-3.163968610229282
-5.8524011657601696
-8.336179191409936
-10.511563964450458
-12.259271989525924
-13.451272378817212
-13.963665740521167
-13.693791833840207
-12.579060673529707
-10.614313764805054
-7.864529699349165
-4.4703620426208275
-0.6448114361221792
3.3396412583028794
7.172990832543551
10.53703822768565
13.138648903371658
14.742323631493262
15.197700655529
14.45832061137591
12.589098245160182
9.761752999445362
6.238708787593102
2.346777322837677
-1.5565535458321755
-5.120239738760245
-8.036129720051727
-10.070679128231394
-11.088211775770917
-11.063060794236575
-10.079046323789552
-8.316059738726915
-6.025064530380761
-3.4941333852527996
-1.0097880194381925
1.1801966674850721
2.895847134970523
4.040723335737556
4.602061270055819
4.636864376625778
4.249121664958767
3.564932979986249
2.7108844474383287
1.798205894945588
0.9136580513317347
0.11749669589759752
-0.5525599419657319
-1.0741518051428378
-1.43313921966363
-1.6188947651051302
-1.6227324541298098
-1.4385707639430847
-1.064815954555622
-0.5075836895771006
0.21451518185769372
1.0653164512107727
1.9879930629868747
2.9052308786057894
3.7227055218021152
4.3353464556839585
4.636220429090959
4.5285068455349045
3.940301402402949
2.8396383789302875
1.2459624277750143
-0.7645064740050448
-3.0604490562050453
-5.46400904684779
-7.765351008160148
-9.742111912609149
-11.182083280071932
-11.905990915616394
-11.786214962415213
-10.757816375124772
-8.820645744465082
-6.035022654059823
-2.515454861605532
1.5746681834512222
6.02654728390751
10.587204834198598
14.959458901696621
18.80522946316727
21.758768052254258
23.45353751746264
23.561071727516627
21.83652933067574
18.16458116394716
12.598864478384122
5.387712923703995
-3.020931007919531
-12.000410678570146
-20.792905390973925
-28.579765420813406
-34.56675536003984
-38.0734345727483
-38.61495158388455
-35.965728167049036
-30.196622111662922
-21.680047663385608
-11.061944143730067
0.795784440718392
12.895481465263472
24.19801684661955
33.72177659144971
40.636700849429104
44.343673877961415
44.53066214407829
41.19992184983805
34.66424359844958
25.51329253787667
14.553875233290777
2.7306963898134575
-8.963840551463225
-19.58142534384132
-28.302108034547636
-34.50326453865297
-37.80759979555328
-38.10659638390316
-35.55768447310395
-30.555498413360105
-23.680116799548518
-15.628214546714052
-7.135841501093163
1.0972663082839322
8.472389205303594
14.537695476536594
19.010856272733275
21.77878370318184
22.878687786684576
22.466474918411908
20.779148564583892
18.097420824067267
14.713173925866796
10.904772801524857
6.921993776340815
2.980589344199375
-0.7360025201142256
-4.0721246055244045
-6.896753517962071
-9.104272105499511
-10.619330238110923
-11.40366660357097
-11.461732902192978
-10.842848391201036
-9.639188150812352
-7.979423535519131
-6.017421156839483
-3.9160793653663997
-1.8291307593279011
0.1136534618429392
1.8130709057766088
3.1981448546143363
4.218582801407851
4.837710763500425
5.029881183817034
4.783057130202031
4.105302177320728
3.033508208582883
1.6419885478256155
0.04754105110255688
-1.5920292653894328
-3.0873537425779993
-4.235104922290162
-4.842735973449364
-4.757280471316839
-3.893548171371007
-2.256951943140806
0.04346917220167661
2.795823986915103
5.702143623761649
8.410285358558404
10.557167148682101
11.817298551152
11.949111435004646
10.831705639596011
8.486488556674153
5.080610230854316
0.9114349135994102
-3.6260496408985596
-8.084388270374939
-12.015308974309324
-15.021233508003379
-16.800118161492
-17.178023288892117
-16.12567889516089
-13.757827141073369
-10.316418855290003
-6.140144740950765
-1.6239242718529678
2.826536755495879
6.838880144724238
10.110710064292979
12.434074499178413
13.706066421417637
13.926267939599322
13.183191600935364
11.633391385385542
9.477836892052975
6.9389401594702536
4.239715075392493
1.5858596989581304
-0.8483856084245792
-2.929801976257933
-4.5707219362505604
-5.728762066066105
-6.402598815907287
-6.624736535234734
-6.452301370327354
-5.957451948918114
-5.219312729430184
-4.3184242087022655
-3.3333469201725014
-2.3385563952919846
-1.4026814063927138
-0.5861491716254962
0.06194301777532287
0.5072798973834961
0.7340263721851986
0.7486408525916192
0.5825349467052849
0.2915505800020662
-0.049266357036618184
-0.35548507236136156
-0.5455035117235274
-0.5519833405616291
-0.3303862658127372
0.13566926446460195
0.8316250397892693
1.711323016761204
2.6983611547107023
3.6898092884011984
4.563398413649997
5.189830236842118
5.451076386752352
5.262646605395101
4.594247294575662
3.4824099904047667
2.0309655411918968
0.39814126331998384
-1.227779927902393
-2.6588704681643187
-3.73749897834791
-4.360757785186098
-4.4959870647669655
-4.185132337380816
-3.5370983254885924
-2.709116785867727
-1.88028347651453
-1.2220525650737661
-0.8705010484173118
-0.9040265649305819
-1.3293351879349662
-2.078239719464226
-3.0164874608109304
-3.963619079551421
-4.721278675451958
-5.10576565613362
-4.978272168040488
-4.26623432423293
-2.9725531302418995
-1.1724433754417916
1.0007432141555608
3.3772891233897813
5.775232393588127
8.021805077991157
9.968891765524042
11.501126192363651
12.536593212156323
13.021262163155889
12.919769953482549
12.206129598699833
10.857720427346447
8.855099936728719
6.188708634130063
2.871378563604638
-1.0458695311558972
-5.45730744055945
-10.18806737019327
-14.985890686019285
-19.523740083156596
-23.416478320255774
-26.252252434596755
-27.636212353428366
-27.24084156108742
-24.855409326407038
-20.42757709376716
-14.090721096984213
-6.171048088248249
2.8284404925323097
12.265310800487452
21.411056405273232
29.51417954765615
35.86753020961505
39.875062283121125
41.112368745064494
39.37439759800368
34.70424869363148
27.398758291336698
17.98901182949106
7.196686038577543
-4.129997273064214
-15.094186441276602
-24.833756553332215
-32.6012298333472
-37.83203125554413
-40.19392218939155
-39.61208996045316
-36.26720026927115
-30.567504214273974
-23.099266982343103
-14.561367542303081
-5.691022272763734
2.8107476735046224
10.344305385719698
16.45916622424958
20.88017825683691
23.512229665994507
24.426084631082553
23.828517127788412
22.020593234816552
19.349737999854316
16.16255870273995
12.765074333497477
9.395445634930525
6.211623181672486
3.2929256702684606
0.6524196141634941
-1.7431286067631513
-3.9489022293772797
-6.017278069254926
-7.976990808298249
-9.81940914620496
-11.49336586962381
-12.908668148383837
-13.947416150979292
-14.481305621330195
-14.392596513138267
-13.59614127744819
-12.059115044590612
-9.81480704738018
-6.9679873394073715
-3.690846508106416
-0.2093384564304487
3.219361572005369
6.335881461546777
8.909726585976504
10.767184450341338
11.811905963508336
12.03528493576297
11.514606152032899
10.398853843322023
8.884757052424016
7.187118180929239
5.507674269908861
4.006847052558775
2.782881581367362
1.8620820712695987
1.2013589947640932
0.7013738176078188
0.22730993513659842
-0.3655629146432025
-1.204393163926735
-2.3725149498884384
-3.8878870691590492
-5.689863637864615
-7.637906659517871
-9.524473607940848
-11.101598043369782
-12.11769905429427
-12.35814160928597
-11.680953295671943
-10.040983794357528
-7.50098591575767
-4.230641375679971
-0.4932688532473518
3.3800465933799053
7.026723349165837
10.095427972881469
12.290522926915012
13.412126944327307
13.384824209488306
12.269091774371372
10.252561441986936
7.622337297223582
4.723184590481657
1.9083213606540057
-0.5099745006146633
-2.3028815646086263
-3.3545238217656683
-3.6742567075667285
-3.389869983774221
-2.721995547001316
-1.9428257607929484
-1.3258463466958545
-1.0960049992522953
-1.3896578271864448
-2.2308512048379487
-3.5270102800395695
-5.084084890016593
-6.6383702693736515
-7.899841863306986
-8.600340956322782
-8.538977891025748
-7.616977503203403
-5.8557940751607935
-3.395621042190315
-0.4752086405028927
2.6030764814254224
5.516855582993261
7.968496151048745
9.723813080336914
10.639367816358229
10.675012119967649
9.890810471319995
8.430703316251378
6.497127709218948
4.3207544958835555
2.1293552875024164
0.12004321497886752
-1.5612132518052184
-2.830483051587682
-3.667183307381868
-4.107268739083734
-4.229965442347554
-4.139920781867568
-3.947068031455912
-3.7469743660330628
-3.605149148928146
-3.5485730704214276
-3.565600768583269
-3.612871398848584
-3.6267398757873606
-3.5368970687459176
-3.2800221038320583
-2.811300057128747
-2.1124945101568686
-1.1964694111617311
-0.10782116896092389
1.0815927260294786
2.282549548387927
3.401600864449132
4.353759971121515
5.072023983777307
5.512872895824467
5.657664641051734
5.510527526111671
5.094508747853438
4.447381282940538
3.616953694175072
2.655569404415604
1.6145032035115983
0.5394499959134098
-0.5318357945017226
-1.5691097613596774
-2.546419171534393
-3.4370237748284573
-4.208510745465609
-4.820444381040409
-5.225817060620316
-5.376333657742889
-5.2308386075778746
-4.765522931179846
-3.983839754041043
-2.9236225386845196
-1.659256431161741
-0.29796345198731217
1.0298846175456882
2.186516295186357
3.047856587577632
3.526531166681651
3.590687274000565
3.2728797464281567
2.6663630477968945
1.9092219352300552
1.159071290286489
0.5633341279558336
0.2314887520789113
0.2151395457803196
0.4997482466400421
1.00898368279694
1.6199620711192666
2.1861960290859086
2.5643838326571795
2.640676150169245
2.3517390533340436
1.695883778269986
0.7313241300415807
-0.4369928379232031
-1.6769258989730762
-2.8499520217119203
-3.8298267294323987
-4.516973815378922
-4.847679964403805
-4.798095372952552
-4.383249786131356
-3.651667516628132
-2.677127807115143
-1.5494120213661864
-0.36503823091967685
0.7815525132208878
1.8055177375035352
2.6369539215118873
3.2239668141997924
3.5341199054589234
3.554991130836307
3.2941921461249604
2.7789312442719956
2.055368039572868
1.187935868020139
0.2579314596229063
-0.6400344776492045
-1.4048111290023861
-1.9389246263551598
-2.1613497331189806
-2.020765084178452
-1.5068310450568463
-0.6573432549993703
0.4408278597670678
1.658640090645395
2.839388485676366
3.818411904008517
4.444552886522591
4.600098421020998
4.2166301581216095
3.284811389926986
1.8570293907973767
0.04309459954360143
-2.000761833988064
-4.0897052970528875
-6.032507356503823
-7.652658560660167
-8.804284051577289
-9.381947487419284
-9.323973039483612
-8.609596384588189
-7.253447156184983
-5.302497225266117
-2.8376782028114946
0.022187554397914366
3.118271669905535
6.25408228711166
9.203420571213561
11.725095729955912
13.584774648623812
14.581712256406043
14.575568809304627
13.507911431380991
11.414448519100016
8.426417180168123
4.76136195660496
0.7042751106650408
-3.419803640530826
-7.279976871225424
-10.576496999339923
-13.074047315198284
-14.624695228069797
-15.176827734019357
-14.769898058068637
-13.517372681003964
-11.582176207654609
-9.150267346125185
-6.407650951364814
-3.52385108666119
-0.6424425528392456
2.1218888144643335
4.680797394525258
6.966023354916053
8.921875135313092
10.498796910030116
11.64935215336395
12.3269545402119
12.48756414191874
12.094517950144011
11.125910749612306
9.583289701110598
7.500386529386607
4.950544489443324
2.0509081546915113
-1.0390617843150511
-4.126389262002628
-7.000401440107649
-9.453530722990324
-11.303707579830093
-12.414168267489655
-12.70748425919587
-12.172718445654453
-10.86602969847122
-8.90559226694305
-6.4615594342158404
-3.7412565851607718
-0.9699845702043264
1.6309012317525498
3.865423968118334
5.580510192416509
6.6783675821050394
7.124149267396433
6.947860249051575
6.238683626255356
5.132413604006326
3.7943942855556525
2.399992820710629
1.1151493397384131
0.08018259876399206
-0.6012363481641242
-0.8678214742669305
-0.70192729110119
-0.12762645152595908
0.7926115979898113
1.9610013651742242
3.2472886869235156
4.49347868429429
5.522969843044651
6.155327939761661
6.225922602126583
5.607388362054125
4.228844711066839
2.089922721487002
-0.7317069569281769
-4.079798754648547
-7.72611944623258
-11.383964819429206
-14.728193830670703
-17.421034616762
-19.142029037812833
-19.619332413608536
-18.659211038055457
-16.17101345283462
-12.185135832776627
-6.861606345131381
-0.4876387531805218
6.536224518658514
13.720436788231266
20.51947819774054
26.37193925866048
30.746055842456606
33.187755488229755
33.36658156878003
31.114690798511656
26.45474235223216
19.612597585688842
11.011552051495821
1.2471508946117458
-8.95622259347985
-18.804393907178664
-27.503486552253754
-34.33419178590455
-38.72212581207
-40.29593140412707
-38.925504193234715
-34.735045096752316
-28.089296999119224
-19.555281683691263
-9.84507023394165
0.2531960229026748
9.94858801737645
18.517893909709283
25.366706334545324
30.07544753924111
32.42679199013115
32.41327938922894
30.225237224347207
26.220205230736717
20.877171097837966
14.741228324523298
8.365216320012182
2.254653821166023
-3.178258863241812
-7.64659913852605
-11.003304570789139
-13.237459313018864
-14.453912503520822
-14.84004803198217
-14.625087621971355
-14.037996016031206
-13.26990422741668
-12.446149904900478
-11.611815310951838
-10.733189816312947
-9.715190046555138
-8.43116032369183
-6.758650461773187
-4.614445814795157
-1.9830823277277527
1.0661355055738475
4.377294632375417
7.722258182133463
10.82902807261819
13.419114139656806
15.247437409078652
16.137872963728505
16.008000536684257
14.878555186571322
12.866795128126844
10.166871176843589
7.021985384318394
3.692910090129426
0.42722783958222854
-2.5663497571001614
-5.1350428990475
-7.1886158776218165
-8.695879830605795
-9.673500180531835
-10.170716171621162
-10.253646096552918
-9.991955195481506
-9.44914283535141
-8.676637312854727
-7.711692092946421
-6.578704347309343
-5.292971325325376
-3.866177399742435
-2.313460131377869
-0.6611554110211894
1.0471214586585738
2.7485231635468863
4.3642363341840715
5.807659415003656
6.99602560017485
7.862513528301274
8.365192462086252
8.490554910188582
8.251759858073546
7.683361181264061
6.834905463269431
5.765083565956715
4.53636364578415
3.209265019086149
1.8367145103183808
0.460283642630974
-0.8902832106214789
-2.194292065370327
-3.4353204068463836
-4.596093788637989
-5.6542828300524395
-6.579790722778112
-7.333638570327489
-7.868514765871115
-8.131451722612077
-8.069267214406876
-7.636572678896987
-6.804971173729149
-5.57170195154099
-3.966418937092384
-2.0552722834413606
0.058747381283475064
2.240857479521599
4.335942560504003
6.185263297943059
7.645478659060604
8.606668885748807
9.006449309956858
8.83782214209816
8.148791127087689
7.032764370667637
5.611541096445262
4.01555946674104
2.366283385412231
0.7635605680545996
-0.7211336837346528
-2.0455413778677967
-3.1919952641527947
-4.15853851424441
-4.9479554364403295
-5.557338766844929
-5.970865780249836
-6.158095354838249
-6.078601133778928
-5.691572743961252
-4.967795372519502
-3.901531625324313
-2.52042432762078
-0.8920668099918037
0.8740010377538566
2.630446313458992
4.203692967033317
5.4122377859687285
6.089194851791872
6.106482195284265
5.398430711468141
3.9813036786934464
1.9641637675592682
-0.4521018678602482
-2.988827401196622
-5.316895773113443
-7.096000522540864
-8.021839114515517
-7.874557528752332
-6.559801897005185
-4.133777397122441
-0.8067639957619086
3.0759999820275192
7.073389709298619
10.701941632645605
13.496450565335993
15.069414119751455
15.161327506987726
13.67491143504096
10.688778632944647
6.449270991722067
1.3418537282157552
-4.15417446340725
-9.520956163861586
-14.258743224503078
-17.936263297054907
-20.229509440021932
-20.945977415246727
-20.033742113357867
-17.577176680691483
-13.782443254336407
-8.95551108485667
-3.474541312343375
2.24129933479979
7.7638116974184275
12.686510531437673
16.653681422082716
19.387279025518918
20.70976960848668
20.559917844340617
18.998389239517522
16.20095806023503
12.439202678553938
8.051017360790183
3.4048601369959974
-1.1374943342822106
-5.254514748400739
-8.690792039886057
-11.273955172057063
-12.922841293122312
-13.6465895703994
-13.534187090209103
-12.735376225766693
-11.435494866157745
-9.827884177176767
-8.087765941924392
-6.351100974088702
-4.701353639591216
-3.16611254517739
-1.7238375551869882
-0.3192549606300279
1.1155304965301573
2.6383876257941794
4.277282917037534
6.0160707639998625
7.787591244073053
9.475511439092205
10.925673929263798
11.965908878795602
12.43144538092587
12.191775850281402
11.174237831693135
9.380274341999357
6.892017222262656
3.8682673520206796
0.5296784846458485
-2.8660218656252963
-6.055566279935748
-8.802511618055664
-10.923801046241984
-12.305807744357313
-12.908443608724337
-12.759045559068397
-11.939181934357691
-10.567321203947664
-8.780229569078163
-6.716126528184203
-4.501831888102874
-2.244908514960307
-0.03100513969269547
2.0742712036034705
4.020628042049478
5.767432760814749
7.27835524767086
8.516825007509071
9.443001379869107
10.013467544684064
10.18450492352596
9.918669098460072
9.193356163362816
8.009565419404218
6.399189363985652
4.429419483586768
2.2027719147289253
-0.1484984880933341
-2.473504109298893
-4.617633462095438
-6.438710728814384
-7.822038347077426
-8.692653723256287
-9.023442193311007
-8.83746994237666
-8.203141184170402
-7.222275780338464
-6.0131706198540655
-4.692079192173632
-3.3568373108731717
-2.0756671925712697
-0.8830722462716502
0.216656346267752
1.2397150680308824
2.2098476148487562
3.1453557279516766
4.048466100044384
4.898866920894839
5.652825859487349
6.248497212236369
6.616527996999886
6.693566761462112
6.435855683135279
5.830499494352545
4.902290926901674
3.7142477114780346
2.3609137753148888
0.955168038805889
-0.3888568825523897
-1.5733530842127226
-2.531754409729422
-3.237973786082627
-3.7075603435077387
-3.9903430101180994
-4.156208711430872
-4.277014756763839
-4.408710762878725
-4.578006281615437
-4.776811774631208
-4.965723119159306
-5.085025055753618
-5.068715472940825
-4.856557230015358
-4.401989865883803
-3.676682351098567
-2.6729045078712748
-1.4039988946109119
0.09686055312256582
1.7789133902721461
3.5762638948949674
5.410237443792211
7.191833372867931
8.824366567812909
10.206088160521023
11.232967850307892
11.802451210010652
11.818956804105937
11.201596389449119
9.894283924593566
7.87725483577438
5.177681035197846
1.8771083750243056
-1.8856412324968292
-5.917209185048475
-9.979018401259458
-13.80258388935335
-17.108357415513883
-19.625450806726334
-21.110730270335466
-21.366872871865986
-20.259795296589218
-17.73591371308476
-13.838112444814632
-8.717205711878485
-2.635176256850818
4.042261533029215
10.86455183001538
17.32613104411857
22.90567408930458
27.112080801792125
29.533096300440334
29.8812336526698
28.031481468543493
24.04590081230164
18.180622687071665
10.871431022021007
2.6967741598898467
-5.6783448272070185
-13.569739137439578
-20.342551639691834
-25.471476766714403
-28.58647657693479
-29.501445677082458
-28.225057651169603
-24.953242161391127
-20.043709430863686
-13.975269919565498
-7.297009855672078
-0.5735553616411219
5.667629557101526
10.981978581621576
15.042347948061982
17.659227489106602
18.78588150243448
18.50955653717377
17.030602132718403
14.632111374468636
11.64340669653356
8.401296128381178
5.214396116263078
2.335945244391483
-0.05301503505491062
-1.8522127820150802
-3.044515874243424
-3.6915505536227684
-3.921183970400031
-3.9069051052964894
-3.840837318880167
-3.9034055543692525
-4.233596889645143
-4.904114600647895
-5.905613198557612
-7.1432137202269095
-8.446297457954293
-9.590350944087218
-10.328197475339138
-10.4267165229141
-9.7042516645544
-8.063627503548066
-5.515535106651218
-2.1876963376676324
1.6823364752302554
5.769962921107736
9.699309840069182
13.08804196924512
15.59522580693605
16.964601292321973
17.056165559527614
15.861574901546529
13.501917904171544
10.209177356902567
6.295017887787461
2.111990860305477
-1.9873186117119985
-5.688099444937303
-8.743743449041638
-10.99526368392215
-12.377324365660856
-12.910798493298655
-12.68435868396265
-11.829655517057931
-10.495474148742518
-8.82546252731854
-6.942516760803666
-4.941702353470251
-2.8921109958164597
-0.845737138224207
1.1506781180803325
3.045358308310253
4.775889270882001
6.269490224674394
7.44901907207227
8.243655879632497
8.60204258825743
8.504588416263816
7.971582015457467
7.064625537394792
5.880215447391688
4.536221194211224
3.15418857380691
1.8415763699736867
0.6775993369361224
-0.2955194547945735
-1.0758231450424391
-1.6991504081155713
-2.230185533384032
-2.7476806230396247
-3.3258704277142175
-4.015008461680367
-4.825883754554392
-5.723183054290882
-6.628796481614542
-7.432955118467197
-8.010377735528994
-8.238393162461916
-8.014579057933192
-7.272623606542028
-5.994559703487681
-4.216056701723097
-2.0222467062245078
0.46495106357273347
3.103701862706565
5.748482549508916
8.262284077508912
10.522796797615165
12.422433507439033
13.864508938395273
14.758649846203461
15.017509148256933
14.556579240844323
13.299110617473612
11.186783627780521
8.194392700489978
4.345669649655967
-0.2717289242608211
-5.492612215243883
-11.062963235195268
-16.634661809333743
-21.772515506230302
-25.979421363951364
-28.741487470064598
-29.58932022085577
-28.16716976359465
-24.299518266698097
-18.04410311187815
-9.72087300172133
0.09117528851040245
10.59309494002714
20.83958065112993
29.83957432024819
36.670827548031944
40.59230980590409
41.13843974728898
38.18167189174383
31.954465586994402
23.027411167565855
12.245981658607718
0.6335266468277947
-10.726776688091546
-20.814501905064777
-28.78246319922659
-34.04156647385524
-36.31040172076054
-35.62456814419936
-32.306683309980265
-26.904140598515028
-20.105785077309886
-12.64997015934594
-5.236017008577919
1.5501933586344194
7.288277040709607
11.748396507413172
14.8883090400322
16.824783025964717
17.784839398093013
18.045213054481145
17.87077776628996
17.462941679278067
16.926369756774296
16.257967092592278
15.35791074032521
14.059589037715607
12.172674857455426
9.531158621704702
6.037744124175919
1.6975626837618167
-3.363547555111529
-8.89817239332479
-14.553729361172245
-19.904652690715753
-24.496189706584254
-27.893382169341546
-29.729512633541365
-29.749066857542722
-27.839414761767358
-24.04571328941723
-18.566053780068202
-11.72830451458458
-3.955185136209678
4.274138392866102
12.46012522516889
20.1139352009332
26.78306323026747
32.072204660394156
35.65970135245022
37.309713146368914
36.88089201884658
34.332439437947286
29.728198550905656
23.23949185309817
15.146496446591215
5.835897558886197
-4.208319349738357
-14.42264174107279
-24.190225959623213
-32.874712581711506
-39.860423254765664
-44.59694140697007
-46.64566445090413
-45.72510196137931
-41.74989075202271
-34.85730968141406
-25.41554823573882
-14.009644261902952
-1.4038736921344002
11.516667688259181
23.818916117303747
34.60079731315253
43.06774742365071
48.59912695983424
50.79841120905237
49.523128965983595
44.89282481158113
37.275390665907004
27.25373914518703
15.576155939860179
3.094884553160891
-9.301651718551293
-20.757169870621414
-30.510640134536356
-37.94916562062351
-42.646758716461065
-44.38672001999147
-43.16732477951704
-39.19181407440607
-32.84408370996279
-24.652580989052325
-15.246375415111231
-5.307307769285855
4.478623877821564
13.46742997978698
21.097820440962007
26.924843162839945
30.646359944630706
32.12191286848632
31.381760537205583
28.623189166243257
24.19250066630619
18.552565894440534
12.237229021841157
5.796608609748813
-0.2594593591895254
-5.5114729562669265
-9.66685446707761
-12.578767234274016
-14.245733396374371
-14.793354762663352
-14.441776380117162
-13.464027551905664
-12.140838782035939
-10.717834237698721
-9.371502768460815
-8.189524499755333
-7.168044413334324
-6.22502475636958
-5.22654905628556
-4.021673184936463
-2.4802237747730698
-0.527051535584961
1.8331224172653915
4.504182848955872
7.30253578184638
9.976577968765339
12.239059997557137
13.807723499740995
14.448738194478974
14.016286212415535
12.480983339727276
9.941266057688416
6.615046272986293
2.813062069079504
-1.100752415319634
-4.754610571691469
-7.812876795234851
-10.01318909862948
-11.19329855038275
-11.305915188114925
-10.420482921385133
-8.711444489745066
-6.434277898641285
-3.89247117783097
-1.3993127434220762
0.7612015875692184
2.3689334364248587
3.292271273111334
3.4999081462762396
3.059264255135982
2.1222834913220687
0.9004409935790456
-0.3672899134360288
-1.4484011506372136
-2.148168311327731
-2.3349203538476395
-1.956172375705982
-1.0433037158206329
0.29547639521762703
1.892308701224633
3.544261844195124
5.041623436960861
6.196018014952029
6.864507819094801
6.965736433899403
6.485378772399371
5.470922339708019
4.018332355509216
2.2542991160310994
0.31779468998912824
-1.6557830566838776
-3.545549819637907
-5.250374874319439
-6.688948949600789
-7.796092291800579
-8.517755626883638
-8.807586951267025
-8.627024080738485
-7.94947167933925
-6.767856626590138
-5.103902821071016
-3.01692931978571
-0.6094680289953748
1.9731159133289018
4.550615067518808
6.923023677463778
8.890160095081152
10.27284659209798
10.933291545599381
10.792394060167112
9.841040380657484
8.143202773716348
5.830690147202083
3.090709722450137
0.14789592312082792
-2.7569031142793463
-5.388329226849385
-7.536471104010579
-9.034106253705584
-9.770949842742136
-9.704023952152777
-8.862378397828042
-7.344684027129743
-5.309842991356227
-2.962155574365596
-0.5322955973695334
1.7454202835476313
3.6582285750009143
5.039736747222623
5.790721045258652
5.892279059301918
5.408175566153108
4.474453218264333
3.2766606780874343
2.018046451796265
0.8846723642059245
0.01451484970340415
-0.523029647433762
-0.7331303963783435
-0.6863564792790547
-0.49704401162997436
-0.2941415895119539
-0.19073450825950047
-0.2587096565708562
-0.5140069846855984
-0.9156058320721515
-1.3780564534136583
-1.7938849684224036
-2.0600978801288883
-2.102675320483576
-1.8936562174908198
-1.4572821491912749
-0.8645424759496962
-0.21792819402648203
0.3700907842041267
0.799953440895287
1.0043545719655584
0.9609557408987734
0.6971379908201754
0.286368215571475
-0.1633485766305986
-0.5273829785108587
-0.6863958157156403
-0.5491865284864152
-0.07264597020135236
0.7251661657103008
1.7614903717339716
2.8954635255676724
3.944043748784871
4.705707420603077
4.989384555637239
4.645150900124396
3.5926038641422204
1.8425508193144322
-0.49205334235754533
-3.198998874996677
-5.985103184949119
-8.508928598308206
-10.423719115678642
-11.424065925609568
-11.289532035849199
-9.919150056005943
-7.351537006678625
-3.7672752299341465
0.526516720615334
5.1266946159284785
9.575708881921276
13.40956636267642
16.206518414312292
17.631048875728265
17.469249410298122
15.6533395182753
12.273864365612939
7.578095571121365
1.9533886860784475
-4.104537382433266
-10.036492955223423
-15.273961461235492
-19.2970210967869
-21.689780622212204
-22.18684022108966
-20.704572023192036
-17.35258549177977
-12.423853655357654
-6.365212092113114
0.2681224013191478
6.86938401033215
12.842576523425397
17.66289232243312
20.92736633136479
22.389439663222475
21.974331596870336
19.775860499468482
16.03804051861601
11.125419925458457
5.485590137703635
-0.3929146615278723
-6.023917823750676
-10.964725218350072
-14.851861725212855
-17.428366684200203
-18.56033734429526
-18.241827737314438
-16.58815901054447
-13.817962399710288
-10.225466410133437
-6.146671472781251
-1.924055692722074
2.1258523499431834
5.738145175987377
8.71559659649416
10.934099210659888
12.338192765865065
12.929105383741144
12.749505582659484
11.869498935797592
10.376580541351922
8.369948382338123
5.958566260577962
3.2620591723982213
0.41262383959596993
-2.4444726292515595
-5.1533897341930555
-7.553571364879489
-9.488595156672183
-10.817073281464845
-11.42463640011355
-11.236323813931312
-10.228267896722029
-8.437213385860243
-5.966960658907509
-2.990490970826988
0.2552779963063815
3.485540679152369
6.39503556879492
8.693502916826025
10.14331217807506
10.592599118574784
9.998038927503586
8.433691658775537
6.0848179959958415
3.227215402799545
0.19411058146859914
-2.6655916712281247
-5.032089368814323
-6.65571296359933
-7.387955408695992
-7.198116440810448
-6.173248397444971
-4.501644029958282
-2.4428306989213096
-0.2886739773682471
1.6786579974657414
3.2249960138821714
4.192455142662769
4.514081625243764
4.21425944734895
3.3966291047983592
2.222553422382841
0.8834608239502091
-0.4291200088579536
-1.551087934254592
-2.3662308639734917
-2.8167737220279876
-2.9033561065741855
-2.6754799889888625
-2.2150592276774272
-1.6171304861287545
-0.9720443671857425
-0.3523884919469345
0.1936205229448007
0.6421466420783508
0.988702602354915
1.2407361794307983
1.4103842632837527
1.5090613791187117
1.5448010291121024
1.5225826237017803
1.446605762370777
1.3224716202351838
1.158061890530692
0.9635770920569422
0.7512525234839726
0.5341712936152703
0.32379503183849084
0.12712733271042279
-0.05538198831975228
-0.23098702078823774
-0.4148763507262416
-0.6287945163278255
-0.8969819666871758
-1.239097681609323
-1.6611868105605603
-2.146961489335508
-2.6522643516770668
-3.1052055825918505
-3.4129517171215675
-3.4746098242479926
-3.198859714178909
-2.523878832153456
-1.4356163000022777
0.01972590017198268
1.732024687497815
3.5341156669188045
5.21941339196859
6.568550619943893
7.381403960372942
7.509036911921654
6.879407653480644
5.512306968648663
3.521460474053379
1.1032289425538842
-1.4873116936702617
-3.9697001815127506
-6.075096652223121
-7.580626951915631
-8.336410813471007
-8.282582683808643
-7.454223378034278
-5.97287246225482
-4.026146090955613
-1.8402210585848884
0.3494942256178628
2.3257288283085553
3.9121480206096706
4.98977011457517
5.506474560011647
5.479549707365611
4.990153884672506
4.168221433228243
3.1689570372022833
2.145914424858502
1.2266287720579043
0.49456660967738575
-0.02022902553762618
-0.3398107290187988
-0.5271599400729923
-0.6690430615673693
-0.855990319101298
-1.1615459821186394
-1.6247502707409092
-2.2397974240542258
-2.9535297188663723
-3.669865109861722
-4.2614096056684545
-4.588488239829483
-4.523516352695938
-3.976349049321604
-2.9156695560018484
-1.3821158528384314
0.5100363411564188
2.583617551788687
4.619675552610909
6.3849138445410665
7.661005416224051
8.271647417857642
8.104322401812896
7.12513538288733
5.385605759429462
3.020578774926753
0.23757185802690262
-2.701202993625682
-5.503047503573288
-7.874020816324986
-9.55093022422752
-10.332796697014253
-10.108154158046792
-8.874151989501927
-6.743156699965537
-3.9334806392203774
-0.7437747132277579
2.4850937342661568
5.413692917457454
7.746158112951617
9.265167770993468
9.854831597698814
9.508006041643839
8.318174971937625
6.459315132920793
4.158043330486411
1.6623092126248105
-0.788848617641376
-2.9901668311296254
-4.786380395367516
-6.078435747107534
-6.820955693589405
-7.014315457369789
-6.69492040865366
-5.926009412086562
-4.789825964901892
-3.381185813988712
-1.8023519156508854
-0.15909612771846057
1.4422748316246803
2.8970854655427893
4.1042003930046835
4.969554661658812
5.413731525458196
5.383785793572345
4.866002357982943
3.894966852473196
2.5556964950460315
0.9776465990128645
-0.6785158941160727
-2.2387550850995694
-3.535215545375782
-4.4250922929635
-4.806686217246818
-4.63117374786474
-3.909466010755341
-2.713337586368381
-1.1698151226865217
0.551107065916127
2.254149860562929
3.7400757032754504
4.828551542023649
5.380084981953898
5.314430195998365
4.622727161326445
3.3708749403292924
1.6931147874644903
-0.22315415669635089
-2.1593912442941257
-3.892697513724184
-5.2244011941010795
-6.006308885747233
-6.160306484121939
-5.687858834369891
-4.667773004309496
-3.24287909577383
-1.59802917798231
0.06698492364659572
1.565314997307099
2.7478407838527272
3.521611603925962
3.8589710021232184
3.795597764560021
3.418368680576268
2.8463908625724943
2.209287933836673
1.6260974361625617
1.187292784470186
0.9422251120505092
0.8939615740104591
1.0023128113294961
1.1940876540470804
1.3781672889406849
1.4624691597318404
1.369850962717339
1.0501121378253184
0.48636438098182344
-0.30396219772545346
-1.272246184622443
-2.345019541042109
-3.4325577228132906
-4.438160183806207
-5.266675142217243
-5.831730040613417
-6.061919658292968
-5.906405457765993
-5.3400560102256565
-4.367616931714958
-3.026106616771796
-1.3851450169557455
0.4546874633903333
2.3659572271791856
4.20223331399504
5.810883007759193
7.0506879071477595
7.811859335037967
8.034049016717136
7.717665611014269
6.925159872689717
5.771294490184765
4.404027627741241
2.979546941375204
1.6361332762938423
0.47207380001873106
-0.4679898922591491
-1.1959762255134634
-1.7724172953199602
-2.289711258938815
-2.85045875618886
-3.5448519651891517
-4.430130293600597
-5.515155547021523
-6.753418071336423
-8.046219053785427
-9.25488376331812
-10.218486595362108
-10.772700992513531
-10.766319042172789
-10.074137239917691
-8.607044647889188
-6.321351238815165
-3.228830947201797
0.5932686136212998
4.994808817619798
9.750574865047891
14.565241203697274
19.08632733019409
22.9246053906364
25.681079985171067
26.98033122149898
26.509470857567106
24.059601022205115
19.564247898769157
13.128347985278824
5.042400197759769
-4.221387313330222
-14.031982873882402
-23.64087934381248
-32.23998772538054
-39.03251741968805
-43.31096865616286
-44.53415577687884
-42.394357997877044
-36.866135412811296
-28.229378595503913
-17.06124774450068
-4.195307501234615
9.34926108295552
22.46105020867318
34.04189708901965
43.112777716172666
48.9088855823519
50.95370513818724
49.10391198549689
43.56040973838513
34.844874979843595
23.74495878762924
11.234569005429378
-1.6221255534618464
-13.773312466557098
-24.27844563453881
-32.39281741352419
-37.628514104365586
-39.785715039365876
-38.95220792780484
-35.47276390848002
-29.89340998458358
-22.888078322050475
-15.176546251509128
-7.443809193377176
-0.2715688083013489
5.909413404576768
10.841672029265693
14.438223489916089
16.758125061281014
17.966316600317764
18.28521411923862
17.946442873821027
17.150859134276317
16.04251595322876
14.698313131376969
13.132368238794086
11.31283643355081
9.187096048185746
6.709648261286059
3.867547062470512
0.6994910475669255
-2.6944790608029763
-6.154600616442423
-9.474428879922428
-12.423242202453864
-14.773666804848888
-16.329629159243133
-16.950526821954142
-16.568408577586226
-15.196093157382661
-12.926121513808585
-9.921923684215544
-6.402766183326507
-2.6238706575612203
1.1465802872591502
4.651148417695185
7.664905333397218
10.012979080517844
11.582173534672618
12.326080525917948
12.264438909145728
11.477530957098457
10.095770206879381
8.284918618356357
6.227891559744439
4.10431817919001
2.0699876887300577
0.2400314674587793
-1.3195433990896663
-2.589365323139572
-3.584991139733107
-4.3408449623625005
-4.894394054758982
-5.273541368172578
-5.489355584117598
-5.535392462024927
-5.39304368397782
-5.0406273621273305
-4.463769218630274
-3.665332830606686
-2.673036588832453
-1.5424157426667653
-0.3535379883456664
0.7982784869048746
1.8156536689229004
2.6129916121662067
3.127838349576016
3.3281349928382538
3.2156472160452174
2.826352640360625
2.227447375097388
1.510072104933979
0.7780922870397947
0.1344687180434575
-0.3334467133858771
-0.568332154580618
-0.5541801218871463
-0.3207264605182573
0.06091213459238889
0.49067537694035557
0.857920530281441
1.062550063501706
1.0349926103805658
0.7516316340227062
0.24292817909277073
-0.4083425276056438
-1.0796346704099766
-1.6298460141297635
-1.925361177933648
-1.86656349420192
-1.4098991764669435
-0.5810385109843891
0.5233121088288664
1.7455124102823067
2.8882405697779787
3.74428567454257
4.130285699146403
3.9187032145221155
3.062408075510066
1.607645932619129
-0.3070814942017693
-2.46710405970191
-4.6104100432400585
-6.463831335748101
-7.781414021787946
-8.380431378712482
-8.168783496247483
-7.158126866790356
-5.460934115084143
-3.2720251950645944
-0.8368544448407202
1.5876196984518756
3.7715868220072704
5.5438016983585605
6.811168278810701
7.563792211551945
7.864571977400167
7.825297684727764
7.5752034223097375
7.229425575955491
6.862803651279216
6.4924174361226665
6.071476700153079
5.496050079753464
4.624222252038393
3.305310183355261
1.4151964050687558
-1.107599646006733
-4.231744907440421
-7.815213910983645
-11.604051564130028
-15.249317927574408
-18.340724949042002
-20.45302926387967
-21.200021070080545
-20.28982616658174
-17.574171741037713
-13.084430591990467
-7.048082732963844
0.11915354972537344
7.8463406343049815
15.461502034989135
22.26015562636349
27.580473359106335
30.87683933681143
31.783171378586147
30.157691648970584
26.102663371157618
19.955932746072403
12.255036375966135
3.67837725945793
-5.028848936630691
-13.134028261595333
-19.991137455220645
-25.100180096468897
-28.14609458557323
-29.01493659909361
-27.78828450555506
-24.71883332864195
-20.191281060893278
-14.673557463707134
-8.66422429597818
-2.6420101614735714
2.977004655721353
7.870087216235426
11.82400329991291
14.736215369864736
16.601641654526965
17.48736696913047
17.50173362568723
16.766084070955536
15.394470491628
13.483356402122057
11.11220021267132
8.353611393378518
5.288228756850568
2.0182144676547393
-1.3250410297036788
-4.580999029125167
-7.568137527629728
-10.099393787564132
-12.002799981928407
-13.143830817747777
-13.445253817185451
-12.900400343456166
-11.57688007741724
-9.610017891801128
-7.187582520470973
-4.528301752699331
-1.8565606124466874
0.6239051907500361
2.7530863094893636
4.429655228194113
5.614936842866639
6.326744848255394
6.626450609737737
6.602611751057056
6.3531406535415895
5.967624214379194
5.512514582187128
5.022441249477203
4.499468261698726
3.9199183476543795
3.246774218418736
2.4447502922767193
1.4948505535631202
0.4055037796331726
-0.7822045859967821
-1.9968065080537907
-3.1460222890999034
-4.131991307640992
-4.870577112991734
-5.312286331685497
-5.458756633685725
-5.366345586673706
-5.13149718910666
-4.859914805934301
-4.628636894910198
-4.453465752591706
-4.27255637052093
-3.95193216450242
-3.3129644189827863
-2.1765455192842147
-0.414495030759167
2.003097264089397
4.975238871158701
8.26032293222006
11.493524183310708
14.230317904151553
16.010000092120418
16.42910413879715
15.212406542624297
12.269227962665846
7.725172523578058
1.9235089957262488
-4.605155520189397
-11.201632974006474
-17.15770100200249
-21.80606214627541
-24.608657577552986
-25.22940525711974
-23.577970444610138
-19.81682734450468
-14.331837742492963
-7.673120812801154
-0.4778778686814669
6.610626489814606
13.015402254559051
18.2811371390953
22.10764821370047
24.358388775782583
25.044284241760735
24.28810328805553
22.27862616618754
19.224814873469413
15.318939959187434
10.716118576621792
5.534940612220862
-0.12184221330134223
-6.133839341649991
-12.327298491274414
-18.447732188763542
-24.14945037306905
-29.006879809816464
-32.54812634379584
-34.307021446640775
-33.88628643690319
-31.0220787300885
-25.639799863164345
-17.89263557563127
-8.176719444690596
2.88116832269026
14.465131310555757
25.63859129215454
35.43244026441882
42.94253568939464
47.42538062515445
48.38134128901153
45.61550535379232
39.26779851515281
29.80748866104891
17.99205547053965
4.794633819471091
-8.69229089966876
-21.365567264351444
-32.21865458336611
-40.435257547073384
-45.460670165780485
-47.043386750894705
-45.24087030270228
-40.39006734397883
-33.05105614354521
-23.934263711946844
-13.82068449517411
-3.484596758286048
6.372495738159518
15.170181509380386
22.475510510141028
28.007244730212243
31.623631138043436
33.30240290124191
33.11955979009536
31.229280642889275
27.84528436288187
23.224491505235616
17.654552429863305
11.445872828310732
4.925944409941498
-1.5688155539166095
-7.7073933835172905
-13.183742005881728
-17.736978714117033
-21.167515444802653
-23.34690712556339
-24.22206639861815
-23.81536415963284
-22.220575587022452
-19.59325730930573
-16.135522556938035
-12.078246382652937
-7.664462548438006
-3.135072176008878
1.2837545074009569
5.391085589132488
9.019010650931627
12.038120567325318
14.360269741572099
15.936921229029572
16.753429128692854
16.822725628352764
16.18103293763634
14.884944400945308
13.008933484569678
10.644166756791073
7.898722405107087
4.897168241609843
1.7772841897512093
-1.3175198389746838
-4.250128816386071
-6.90277892911857
-9.185894222790811
-11.039356498969681
-12.426989128147623
-13.327708442498581
-13.72650462420677
-13.607232967432406
-12.95003026599547
-11.736375775513348
-9.960968530674732
-7.646033483160632
-4.854301043836512
-1.6976030390276746
1.6630886021509201
5.028537375217848
8.18027656826039
10.902487188269697
13.002841296371743
14.330013555998946
14.786415093362823
14.336034421706884
13.007607258424255
10.892608232411103
8.138152832382852
4.935877145087693
1.5076079920619494
-1.9111740301572278
-5.088534757745483
-7.812958948786344
-9.90908203504241
-11.25102495977715
-11.772127680474744
-11.468997401682927
-10.39734633093006
-8.660841270303267
-6.3986622876985235
-3.7767868221790986
-0.9839423811237866
1.7702734997156901
4.2597398210176705
6.253193194701042
7.534483057697867
7.930532989812976
7.343892699706
5.784202036638091
3.389713045934596
0.4298677771378769
-2.7155522706997495
-5.599488819882465
-7.767691226847422
-8.827421475128988
-8.513535035473069
-6.739795069749166
-3.6250675855258443
0.5115145224217369
5.186032263041416
9.809901974883061
13.765597496152973
16.487889905630492
17.54041217845362
16.677835056879854
13.884831524764257
9.384912631224648
3.6163850263954305
-2.821420138139063
-9.243468909355833
-14.964991541174935
-19.386248525082674
-22.064775323175816
-22.765512978443645
-21.481889436575724
-18.4252744197098
-13.985792099944042
-8.671847657549256
-3.038272944575711
2.3858503488154654
7.159519300256232
10.974318151670873
13.675493082383133
15.257720614544478
15.83876662500859
15.617813896315267
14.826507046607942
13.681239177325223
12.34491795234594
10.90419096234539
9.364271859913876
7.660188451385706
5.681637039636232
3.307765136092815
