Beta
-0.021070309871362186
-0.0029448757162773703
0.23167500623254852
0.06507034653357896
-1.5252712041417964
-2.0280559832116105
2.7262684089485867
7.737313921361419
2.1460528726732253
-10.059128948942428
-11.127961798861367
2.0813254816449143
11.229925023469859
4.63837812666507
-5.305761605360253
-2.42017688098535
7.340036276673538
5.290749825299552
-9.082157878117243
-15.170120882746863
-1.8484114558521891
14.955876245467234
13.57144721805637
-3.487216959806926
-13.648038071036892
-6.488981639285543
4.9093589231173125
7.477170062030732
3.9389369683978313
0.549776729751072
-2.7639355033622377
-5.437584504544806
-3.7010536713352526
1.6323714253110917
4.128055956264254
0.4989260596349876
-4.2145882538107
-1.898728398449144
7.279167869815095
10.57843220366865
-2.0401139446646117
-18.530027121026567
-15.487714994789128
8.079409354106298
25.028342965499018
15.082737295869336
-9.725730027896962
-21.99916072853803
-10.847120721836792
8.638639641861
14.496106352623157
3.909886618004234
-6.58237373500162
-7.3851950994367686
-4.555119810643875
0.694735516070085
13.817290797757165
22.7773600702702
4.806726557175414
-32.00108660857506
-44.482554088509715
-9.797513240109138
36.45507132850121
41.92732107116626
6.93929724447447
-18.008846647010202
-5.879863331934438
10.367478989059277
-6.459285173972942
-35.243185069194666
-25.830110136501208
21.286378742657703
47.9219851596173
19.637783953021323
-24.704114386781132
-28.753367890820027
3.9114404902667217
21.379138530539468
0.7151249542378516
-23.339220809446836
-14.947030769562032
12.067117940883564
22.910947741929913
11.377477066626295
-5.668848746572387
-15.279375176848822
-10.960221494386348
3.925906025603312
11.00406980979715
1.0490579679828702
-8.551058868201682
-2.640503138902313
7.325544017231639
5.586761593614634
-3.2149857934322426
-5.6178410093545095
-0.4504876156125599
3.31183686090737
2.0585839871272706
-0.21291824217099894
-1.5288515590136702
-2.4343531379718764
-0.10268517901943774
5.751370143394125
5.4648715605765394
-6.89292413813538
-16.733659719143038
-6.093232777705491
14.897454414947306
19.569090706084868
6.098001865212753
-4.484811898427239
-8.427856750166493
-17.635008649194763
-21.054216691091874
3.8698855454841206
37.96509715384443
31.567150133910992
-17.05363239763682
-46.00288344732865
-16.640888888570935
30.079971193382423
35.0270763344977
-0.18889903555835028
-28.423592159452014
-22.239400338145145
4.185177787704368
21.38982615597842
15.03201811234717
-4.475828378910411
-16.16578971278006
-9.753528809654242
7.008537727021303
15.983647704709476
5.530628825083978
-13.726362185567517
-17.93624928849684
-0.5731749642251819
17.999899744248772
16.4860365825838
-2.2901671752538735
-16.654753597181873
-11.571441707527894
4.7387329699429666
11.877699364006881
3.763129032610755
-5.2242238458503385
-4.435055405611867
-1.2970023903610681
-1.4714770404905309
2.896139141327613
10.501577007382703
4.250409332774982
-14.91239458319621
-17.076782857507045
10.640410697753598
31.726025439927955
6.915649753455765
-38.464221390208905
-38.33645517837887
16.647552847930758
55.6916948798002
25.76210228735322
-32.25921925679427
-43.16089011606536
-2.919788318422291
24.779978231476647
8.848452185366844
-10.689649749030455
0.5933783137568697
15.94384632493996
2.2371500770067785
-19.925565926413896
-12.87375034274829
14.83454706309395
22.313755032595992
-1.3602695243359217
-23.232299882994845
-15.895935441898954
6.8936961290296574
16.26716965009231
8.278614716042252
-0.4493570019072235
-2.141527345300836
-3.2143719812228957
-6.86604512699169
-6.491839493435804
2.2584362041211348
11.441811303460828
7.682994218169711
-9.827462730614158
-20.273595389503736
-2.3835129530162424
28.038019288943296
25.774437753040264
-16.253944199717544
-40.45054564063129
-6.2140712802380795
37.911751978648745
23.24869881287282
-27.4493419542225
-33.547664547072365
12.757253424357547
36.08247886748387
3.5073681212184615
-27.79154005473813
-12.386197071356866
14.79622189541377
9.659964576095852
-8.692596617410436
-3.9033599745556415
11.154074703701898
4.889809162464359
-12.963207373330969
-10.90584730980941
8.718471536913052
15.248469251818246
-1.1078867317684802
-15.730999197250473
-5.939700612724694
15.126810513967893
14.43439539338965
-11.520460710917812
-26.210533311110407
-5.620840571869986
24.910869738006852
27.406203916903152
1.444846522119535
-22.163085642171342
-21.519251733696176
-3.8842613633206566
8.734360464148462
7.835801106558336
4.403360663680953
6.14825414491385
6.012028691607743
-1.2951275766035788
-9.097613127623937
-10.193059499556263
-5.074032629930015
2.269586290621375
6.957266041557667
5.41321165642749
1.7623825221479699
2.18914440145353
1.3090333421221965
-6.707590472392895
-9.094045858864794
4.10258925559451
12.563394705209191
-2.973563814274246
-19.299019416587466
-4.434650063370486
23.024329191229242
18.32613484930963
-13.9185727368557
-23.889591074319487
2.178092887038878
21.400730606771607
5.727747445131585
-17.203400596730116
-13.711832479330436
5.478205529139289
11.035160253165715
3.776668282523339
4.136056417677208
9.547865353355984
-0.0332516406381607
-20.825986319109873
-24.735388976623636
-2.286422836967672
21.38555967976722
22.21555428003079
8.244611174459541
-0.6014266468641747
-6.201626607528937
-19.068236649308382
-24.573964229077202
-1.9562095291138715
28.30461683425313
25.448994637970575
-4.118695089135603
-16.618535210774823
-4.8267381353903
0.5483208898515004
-4.980374627772631
-0.7527006472194963
6.911993527466205
-0.48078979350163287
-6.329154438921866
9.599527571598502
21.148774626599273
-0.1893326758277718
-27.763035769331616
-22.947625121473735
4.44940970380696
21.049485388795052
16.226273294250195
0.8722953703709535
-9.593403538310403
-6.73594372711681
0.7367886878457683
-0.37502208896289374
-4.828989522376959
-0.9165933759677739
5.62234293420317
5.036023434443347
1.7813408075815564
-0.6303940381950563
-6.066610534602392
-7.812485333565202
2.9634595943591426
12.8778222567334
4.501882203458843
-10.991385288134394
-10.422416406964633
3.650862337348067
9.265839317773356
1.2216827250478537
-4.819295090391176
-1.4340303611551617
2.23188386059878
0.7216275000356904
-1.228117171453341
-0.4108671782409773
2.571411627004169
5.721084152412532
2.3109057667479456
-10.288378198369935
-17.01087443133489
-2.94630466232473
17.642810540120514
18.091699052823362
0.14058861136326947
-11.09844355402862
-6.582919293246971
-0.46334903551540507
-1.5276938259485984
-1.3596785184760563
5.121254248656041
6.797902379763778
-3.4047377912180257
-10.973449651989322
-1.3585119451420962
12.770310276587248
8.726804503395764
-8.608077705347332
-12.758667338905614
2.0847012643308007
13.765021033947333
7.940600457039755
-7.371594692314452
-18.40400946297415
-13.068372581061997
11.162897703339587
30.398864029854032
15.787137406092153
-18.829494793401828
-29.810206600131874
-8.260733095477624
11.399785406208167
9.779428806094296
4.803902115557101
8.849710476697574
6.221321105147637
-10.7654338336731
-19.19646904457791
-3.0895000649566953
15.375557023337837
11.486644243319653
-1.9898270699693517
-3.865224321985894
-3.2999723241932477
-11.798902901014584
-11.046533865681901
10.637987324235135
25.155397641689838
7.906823584895315
-17.88664551854192
-16.6851848161525
4.72297420283136
11.657244583524264
-3.112600606577778
-10.796094661295486
4.246880657213296
17.055743737562246
2.760537189043998
-19.952635532000446
-15.931221820916043
11.090941246297945
23.252313788957963
5.311963255712423
-14.867391356062404
-11.375625871800912
2.8944917461293476
3.469176594243418
-5.266310289194989
-1.9183226095044352
12.682600519946567
14.131530670570077
-5.490697732735564
-20.288665826527186
-9.084822880582996
11.18239961480184
12.742589392708142
-2.619162736078301
-11.036318514487059
-1.2183537205966029
12.58804588840647
11.086641543514059
-4.471146727988178
-15.83806269004001
-11.46120446461544
3.1253494340043853
12.100757372679757
5.218154852756535
-5.935307999656337
-0.5923116791103564
14.739433489445872
9.93408591682765
-17.378262995741686
-29.525407324814008
-5.79632239134825
23.75875060140442
23.912031016767692
1.8974791944811786
-13.092496354771088
-11.457174623706806
-3.6510163035395244
2.1538808306815858
5.006016677864149
3.5486916190542073
-1.6150989821567283
-2.780618081426175
4.0098531912384185
8.2319813823367
-0.4448983137614634
-13.119568760113808
-12.30230245612359
2.8178854276916283
14.471020088400326
9.534591300673004
-4.2617389027453
-9.706930903354948
-2.3379702135119294
6.547754060513839
6.931300567067578
0.38951548609877573
-6.800802850030915
-10.583867913671579
-7.715661006686549
2.864317437365635
14.583843093056267
15.876207704959551
2.5696172672844177
-13.877041572072608
-16.168365224415364
-2.0657972635788493
11.143410566768235
8.079894499373808
-5.169416291102766
-9.5331355236235
1.1991403321988994
11.292823889657713
5.887907810795276
-5.735691476413459
-5.0782359774015156
3.798547879119441
0.6510373411729706
-13.299172072348709
-12.214307067376907
11.1819711783436
27.00106887555976
10.407309221677778
-18.87753726740763
-22.568725386473723
1.4293063389264842
16.8062649277892
3.3900545467302803
-14.51235305004335
-8.466024078418654
12.182707414222305
19.25685397753184
5.748834204014951
-12.053327848291081
-18.872137805237493
-12.142404803567187
3.5661289350971024
19.420418943003245
20.860493340055154
1.0908329660892746
-21.70866664917337
-21.520444681786927
-0.03358245584051439
16.597774473529125
13.961897627321193
1.8828202185531513
-5.55617561608344
-5.987871574441593
-4.714516021355713
-3.4688276866500702
1.2876326883529814
8.050381084988272
6.674157626588709
-5.8716698419615945
-13.832185424234199
-1.8441561422307415
17.76725059305132
16.34071138195067
-8.516372220076777
-23.572555495391708
-7.3661800704931935
15.163208787412414
11.262226246198777
-6.910005334455545
-5.855527525355543
9.641278987150864
7.3768335608329725
-12.079376737543498
-15.6062499996758
4.583894900116148
17.915914161384364
5.402364175475962
-12.374689969718897
-9.596385018362852
6.408071293640987
10.10007235800381
-1.9774719709994424
-9.16548309033049
-1.6032618809452621
6.774133209938293
3.8165236394198723
-3.9371762457503827
-6.52884788384788
-3.437902162166381
4.152066296113661
13.632871314609224
11.56774099407781
-9.715567211546457
-26.51601540507615
-10.162953277818898
21.583578531931646
23.659877651068783
-5.586370236830122
-22.07391967002495
-6.008969775539627
14.258903376672949
12.580614265016719
-2.1638644106811875
-10.516724653095707
-8.368687402955262
-0.6671324694105323
7.3681754014345096
7.580368174394023
-2.86581267037423
-10.512265268298917
-1.345703591507794
15.308467257206845
14.91665974058932
-8.049478621475188
-25.584177411787916
-11.322761863955783
16.653157260231627
19.54992457630196
-1.787082055218464
-12.876760248916119
-3.3550069177718704
5.798642829318467
3.2362834684644426
-1.6187190533430054
-1.6312127236997136
-0.7964242289971878
-2.0165444008422084
-1.5137401230395808
2.2604252037184676
3.8221910266614376
0.1052831632343027
-2.312872226939061
1.7390285613745722
3.9639244579966353
-3.771546180619826
-9.969428256729648
0.17011758735663718
14.416856677282464
8.041717510642455
-13.206320853577385
-16.675485815455172
4.8418921199429565
17.905824718156317
2.4688413775927156
-13.592092867135666
-3.090794169651806
12.386276205515681
3.2059319755767683
-12.58450934700269
-3.6023858040619743
13.752088907037093
5.207459724041108
-15.52362584808005
-11.882325480631545
8.768972519253165
13.458839632380625
2.467119103018708
-2.8151534257265536
-2.7652068357618895
-7.349057224054576
-7.271877087518888
6.74594455308045
16.129519699131226
1.1677771797557543
-18.27452043299796
-9.576546219759207
14.672702580181916
14.16062773953645
-10.152594407332929
-17.452359044153184
4.495278576005695
21.724569381416043
8.87706857735507
-16.540776685573096
-23.207598267797042
-5.244568121318143
16.976679333394276
22.85756411234445
10.059745073872392
-9.071589364368956
-21.55415167816693
-19.720147065494068
-1.7660254843872594
20.230692217685288
23.372780523260154
3.881363569272964
-12.649593120892131
-9.797814971806414
-2.1328777439127222
-3.05728613570615
-5.080834769731996
-1.3284758692165395
5.363226994966392
13.39866600627164
17.543529571459977
5.323182540486723
-20.563221504857268
-32.24037840341381
-11.052641126658406
20.707730808351748
26.16233452855134
4.068920108901619
-11.923422956219095
-2.6074153507500633
10.887933445809496
0.9920604960502593
-20.917949554615202
-19.268801718103305
7.829686827365927
23.983767587126625
13.15594009388806
-2.059885029605955
-7.032791683213521
-12.47499738714604
-17.95212735561106
-3.902738660332846
25.69161830707676
31.86287071055385
-2.7313211793020233
-35.89600622843748
-22.207962072020162
15.474788447644135
21.273004272706203
-3.5962302831068538
-9.586574604396858
10.24347476606897
11.4657726420089
-14.654666680092069
-21.74014516787176
5.911372321367193
22.837686093172803
4.76236254053807
-11.821366522344968
-2.649680699591924
4.387574411452034
-8.108921016682768
-12.498015962968951
7.723275191126607
22.549996331431895
5.235792820887591
-19.817654548782606
-13.63880020878104
12.836845892442152
15.291793516229701
-9.814475673471746
-19.796992711717152
2.2938644941159083
22.031618374404307
11.76083104695372
-9.212361130381568
-11.608625058644355
-0.14281465465478116
2.917871808345052
-5.924194941945121
-13.056288667640118
-8.365547226468822
8.239914389677548
25.88644037195207
25.680753877839052
1.2529089430934335
-24.813853774446994
-24.37144394973873
-3.014836948426315
7.482182857835028
-1.8970623562162643
-5.774128526009468
10.009808705708231
23.407041331140803
12.638684072794803
-10.448815929056279
-21.331134022578908
-14.152332724988893
0.7652256869517609
10.718531350804499
7.912347094187923
-1.4963420094689655
-2.6671911181226813
5.1105382334203675
7.202489765637946
-1.7965736824789587
-10.349305292192527
-8.174942613111215
0.6282116222891518
5.643968510219541
4.459202217330432
2.621021153450665
2.658043373804287
0.984578552061671
-4.6160589156092104
-9.075845904653407
-5.088336908570349
5.100201467907584
10.247156308549037
5.660540378315222
-1.9236912502038845
-6.26347028065373
-6.857114201089676
-3.50072934782604
3.2133022905321136
8.04743921549678
6.6758074354880925
0.616392586872804
-8.28376812048042
-15.20995367003869
-5.604832690729273
20.40072830263266
27.562052171569803
-4.362778666915124
-33.15173420390146
-16.41140220251865
14.631664553395002
11.145325854439378
-7.5602047748370795
3.523569417829764
27.351676760987917
13.273987938003494
-30.304566120191758
-41.146460504893085
-0.5169554038097163
34.757239385168354
18.668884658621053
-14.828779217372272
-10.003361834914232
19.270473154188025
15.332843278191142
-22.667787160418932
-34.50584426579709
0.15197082976979687
28.943357918124217
15.019604829039974
-9.269006166244239
-5.541121529317494
9.87016592825517
2.8314618395752524
-18.300281272138832
-17.805815421956584
7.470575214578712
22.904928722397447
11.055646012641265
-6.916248583291054
-11.210181797210845
-7.901869017818886
-5.188810947842019
2.3845254691098416
14.2189006438742
13.980751745010675
-3.529877086676624
-16.755944618205376
-9.305491006921974
3.858765572373687
4.299322254641896
-0.263254099717296
3.7194515321701425
9.426446985624944
4.173203307440317
-7.316453809829705
-10.954209957915857
-4.594383419328742
2.3605329034915647
4.97887677636804
5.050045371884268
1.8842033723126503
-3.728077220356554
-2.8439364772829174
5.931787348499371
6.061687159124943
-9.291524820608863
-17.636520062872787
-0.8622672077186218
21.64827091170207
19.21087239068167
-5.560470262973549
-21.022301087680585
-11.886293114261994
1.9186903472859957
2.4890203623483163
3.584106581348661
17.602207846363257
21.935622137454057
-5.092596043130085
-37.185420255816325
-29.62603315675299
12.615025973654152
36.375525029044184
15.596089295504203
-14.723137769194137
-15.69272716903799
3.072683686652562
9.404621429139073
-3.3484782739763936
-14.122716110685479
-5.831893943432459
12.447238869914612
16.730603229386052
0.8833030343012153
-13.378022632235613
-8.006654642299429
5.34122710308518
6.346683087049961
-2.7796513596914645
-5.9257901049778505
0.4294647606069373
5.628107251989328
1.7265919465359887
-5.875969941652509
-3.9612807417259104
8.962891776234082
14.469435253798752
-1.2567044236635325
-21.97585317251734
-18.648442388554372
8.837870732153391
25.34316537332835
7.7322054051798395
-17.370424205017756
-11.025494759099125
15.460319826939186
18.0542647327357
-8.057883825807455
-24.597155574830413
-13.89944871306073
4.369854843148477
15.616672090871978
20.758392535213687
12.103073366856794
-13.467450267444901
-28.194640470245723
-7.994354618530793
20.22044035163329
14.464824738591073
-13.591793718144363
-17.10638353253719
9.57167500111088
24.713133918252655
6.645255876419399
-18.35317698038563
-20.323618623209548
-2.9515438273278907
11.544145850388386
11.661805999124834
2.994317839429922
-2.5656157023297146
-0.7228917475120403
0.3209841328960201
-5.748116074161297
-9.893162871700703
-2.6566481755258713
7.687108219776838
9.207364190538653
5.398213105043616
4.283898935579278
1.8359076141123372
-9.236545809308003
-21.038087467036483
-14.873048536658308
10.914134399376799
30.03179152508261
19.3582554447402
-9.679777359706447
-26.309996888530844
-16.871494461994295
5.860628586868609
20.233945546258585
14.456966028058913
-4.94345178204472
-18.463515158059316
-12.088793480777873
7.7289487620560875
20.34284331956557
11.206748611926706
-13.268787858005082
-27.097758576546585
-9.436210439713365
23.329225053272083
28.710015506322755
-2.922834221980339
-27.322417657686938
-9.876419672206016
19.564477847869647
13.169860979717866
-18.385607793535733
-23.99540920304966
6.800900169166664
30.817633725177505
18.04159599287182
-11.393000797007998
-24.174895690955683
-14.969416617116035
1.3491547155573973
13.458557460984375
15.390667001237105
5.000431257762547
-7.5322958160453695
-7.857586818487926
0.863416529445984
2.538822583500707
-6.040901886633361
-10.472926000071753
0.20977037954328426
16.602819619735975
17.046384155730134
-3.423473438119303
-20.042606826536716
-10.887017588751503
8.497102742508543
9.505827037815411
-3.6417993737172063
-5.306605573850395
5.693967118379469
6.898341501172274
-4.796354815857672
-5.9326770673278135
8.781483827601097
9.89933866750135
-14.705311289813748
-27.719320877908597
0.08392402976281284
34.18720823409721
24.62561693928537
-14.535999308742081
-25.686696680031474
0.8497146028137857
13.74400129535421
-8.920023542501788
-20.477691953386245
9.859121520356029
36.21506019591972
9.277366574537764
-37.27019387326906
-31.958043979193373
23.285606869368166
48.41734563074305
3.0237930377721405
-49.84340970076177
-36.16441899822905
22.045869314261516
46.86566566229776
17.223067097203334
-17.8299923953068
-22.034912194626433
-10.939309538956497
-6.040929325946236
-0.275745136964247
13.329327592842729
18.68784211389874
6.435288581633726
-5.753911308600653
-5.611742936668866
-6.872056501575971
-15.549625898175726
-11.024327750788183
13.6296624571877
27.09194828184251
7.055214078691872
-17.78377222157901
-11.026602643511692
10.686887364471273
6.466271212063147
-17.699456325289933
-19.27243182539101
9.273141112639108
29.990352393799615
17.951649615290187
-10.14270029539074
-25.21716723866967
-16.145030623338393
5.697024129720504
16.505051250831084
4.64554238754035
-10.047468127129608
-1.9642708050902402
17.4766548050035
13.743655999241225
-15.202007985714081
-31.267796918947052
-10.153620126984274
24.0599883337907
30.903941102847156
4.248360431881498
-24.199067776669963
-24.846652570404146
-0.38752007321144627
21.40811600781859
18.145727031591747
-3.452773560626945
-16.793595492990274
-8.90474367856287
6.398170901872621
10.740855836209418
2.2480099697153273
-8.059855378107217
-9.358146400933398
-0.09654287582052794
9.96156565665648
9.488125490802355
-1.1855029457656896
-10.17790397266947
-6.6316409278622315
6.830388079195192
12.953966281727583
-1.1131489942643698
-20.70173930578453
-16.056410924069898
13.507530468506788
30.04118135044165
9.38116429096568
-20.03915524140668
-18.584917504058
4.95317136473264
11.100624465668718
-6.660869445170388
-15.09715740032395
3.7481978092806036
24.630552203779526
17.387856057124267
-9.486665371129178
-23.33100698450293
-13.320499006691582
1.5855976820864137
6.354877201326385
7.22238913730041
11.498343102776078
10.80382264529875
-3.051032367797511
-18.232226808440075
-15.914765629493427
2.1042029477840507
15.236997121481625
11.49536849775936
-1.497810554101243
-10.825106497722802
-9.52420343100194
2.73944732601747
15.08358729663505
9.66417342520573
-11.580252766006247
-19.918869184286876
-1.3888380740140893
17.49598218223876
10.816301830951145
-6.847001486918891
-8.485593341409322
2.621121053548412
4.958840564980431
-4.269771791587015
-8.263686685472825
0.5744815325050595
9.622144121329969
6.151158755157584
-3.813227966746546
-5.999760759241211
-0.5312797204499405
0.6648176604884698
-2.7653140966621574
1.0821577727399054
9.858126598459865
5.135293547854206
-12.281125901509796
-15.168681580635475
4.917064180104245
18.458162001239195
5.0931653744468495
-13.548169107253937
-9.928494619378975
8.596843861255753
14.556028638571277
-0.5334915192492587
-17.10132794350766
-14.406263088051912
4.668311075067926
20.008425681148864
16.173042834541704
-4.624518300132526
-22.195690629359007
-16.101683147423202
8.038550008942567
22.054330572779076
10.465587008816312
-11.539554370418195
-18.513086573501294
-4.353732237754345
12.009530308848163
11.334707402581657
-0.7377416847489193
-4.541862138261296
1.9957249250484805
1.830809937444608
-9.906859075164537
-14.378972662526762
1.4131391058044898
19.78427315320892
14.636910318071132
-7.995263594434717
-15.89238110485146
-0.691624619026513
10.235744039498481
2.7691349482754823
-4.553056262554255
-2.6574767816008924
-4.547777021289037
-7.800737248680367
2.984700088408766
16.208534814670227
8.283458518790406
-9.098826727649113
-7.52003130690607
5.836554763395026
3.4239698920986967
-11.092160197869813
-11.770830259812348
3.7421910801013216
14.044495349194255
8.987862060298706
-1.0772296516313766
-5.85845640306927
-6.110576820926488
-3.4854305490033886
2.695920022418062
5.2482475475012915
-2.694363460691083
-8.661423765174035
2.5344649360339577
16.612469827624416
7.254485843334016
-16.948819998571427
-19.138089258740894
7.762660345577108
25.492571567133222
6.747693290291595
-23.595720835052987
-23.62240113744294
7.62548284075962
28.496885186690896
11.757902775101318
-15.916623352265765
-14.23824551505638
7.263974720110872
8.241603429403176
-11.824658432900913
-14.730647117844082
8.880691513686347
24.471799057964436
9.932382276561459
-14.325922410368902
-20.345869073624026
-8.278839866364118
4.74189034850126
11.456118056492263
13.980881340252218
8.804694966478028
-6.47863170150915
-18.194033007881103
-11.578371300025953
4.307433003959798
8.75549764063113
1.3559653952375244
0.6953088924251274
11.25967200945273
12.17065453850608
-8.680603409045032
-27.238198725681322
-15.432268718564115
13.333851737908367
23.357520529096742
9.534898642337062
-4.259462432538925
-8.681112449252003
-11.983234329790713
-8.943962157679028
9.719202979077117
23.285379274392277
3.77325487716994
-29.146913738443526
-24.874867618302385
19.376985862293218
43.45145680378219
9.781911776781634
-36.67718834395974
-32.71696496069563
10.026376807045898
27.826179324095623
2.881076368335836
-17.912033905497946
-1.902319712123127
22.097798313532625
13.16293530655272
-19.09781946545513
-29.068630014329592
-0.43719718546139896
29.132333543829244
18.15715157146204
-19.20885608477106
-30.019026895232837
2.118771851561133
32.92498751382963
21.463947141131243
-13.724985610984191
-26.009191729813452
-7.475195766595616
7.051594660970782
-0.7609348718420951
-5.273848953290601
14.08174996224746
28.89443980122136
4.857625586981156
-32.29586656573764
-27.84907379915508
11.961076004225331
25.59629805375757
-3.514688240132363
-22.64548462136919
-1.0230274745155532
23.02469807830227
11.986056165529373
-12.038937068230004
-12.45517008394137
2.6800814240186077
4.9758534769666465
-3.2774671073072064
-1.330082475773136
7.986142647601948
4.702831127632558
-9.475832538958368
-11.557449212397733
2.3476111923413354
9.340515242869676
1.8733133231461434
0.5817868018697643
9.935254653904755
4.581895932382366
-19.889415875571736
-27.60613634554525
1.3498612772046397
33.58580272314702
28.332423406649845
-6.240144712392598
-28.641100399101678
-19.205437946898257
3.6110739645430887
14.274740326935099
8.972960627598479
1.3785748054347147
-0.45521454619381063
-2.277271792067479
-7.305674107023617
-6.195556084508474
5.251465416236891
11.293191237946619
-1.848077596801311
-17.102981695467378
-6.116844074477041
22.007999344907546
25.66107851884244
-5.686529604791694
-31.65588511556717
-21.702188403624184
4.288873392905511
16.085696320203777
14.71962085965167
12.447905565824268
5.918795189313441
-8.697361374627008
-19.887982574566387
-16.59990178784883
-2.173225532742634
12.598519674145289
16.916230946633007
6.69448779836137
-6.205937407494682
-5.500177471493329
4.552281618445655
4.2852876376359665
-10.9756637021306
-21.82081972119403
-7.492635976027333
24.83147072144272
37.08598047162835
4.70678586238639
-38.18983079655631
-34.24872139845328
13.478068516288971
39.734170875010975
10.276307242710534
-30.107633298191878
-25.321645782624234
13.548931694311756
30.822174466808768
7.596811248892518
-19.404749476809172
-18.904615480318768
-2.7324789145337522
8.105827455574884
12.488434597501719
10.690920646051241
-1.8743637431291365
-13.837507201059752
-8.809475045070455
4.05047852867805
4.631316267805261
-2.696491360637583
-0.11025641250382935
9.006370394912572
6.920770040919351
-5.080441966541493
-9.069564600135674
-2.3674728771350435
0.6069371440937891
-2.9592889872912256
-0.8115655222744079
8.126549826671061
9.596586419814056
-0.2969747583723949
-7.966683089222577
-5.494230806347813
-0.2529478008959948
1.5609572885684857
1.6160646521640334
0.705501045122615
-0.3941747510446509
1.2464460380262856
2.024767171043444
-3.1720161710305486
-4.816446753513364
6.868091257395185
14.295277230724297
-4.7269576524009524
-29.38914976396187
-16.735925005059872
26.071349240325475
41.26493711762055
5.418700665105506
-34.51654869645557
-31.102341410767593
0.9027018581549325
19.140952629214652
15.899406079131085
10.614843767747294
4.6550269590071425
-13.524913360726222
-29.599329617594012
-15.281035607911118
20.448341832986056
33.52761336785814
7.540828307013986
-20.54193452131548
-14.83123463914442
7.48315102000179
7.492247193057948
-11.73107919395606
-13.481198069462584
8.745943809759199
21.595220144255446
7.68183010057165
-11.166150714150968
-12.679709564222446
-2.603943438054266
2.9521289183399517
1.2380714980077565
0.8392146988632876
5.231383422766843
6.304437781900511
-2.373185322888971
-11.382893751716818
-6.530669482415426
7.661649878362103
11.451543206331953
-0.999984122832601
-12.225124596777789
-6.294377410176528
10.265073549750348
17.400752234356602
3.835691520878878
-18.846451808461673
-23.72003687582869
-1.2291148171569137
21.52747549453241
16.471841030519343
-3.087575636895197
-7.300232476423115
0.9875241039715392
-0.2806717041709345
-8.281538400940423
-4.582200713331179
5.851301202443543
3.2622591551360864
-7.614043749414373
-3.7869930357963812
13.099190580025846
16.45091640339079
-1.0292738784441002
-16.628775056649744
-14.030829382257714
-1.6938995451057761
6.838173640033375
8.276747376543328
4.833198097707569
0.5959902000936458
0.36413355897057337
1.0769454195617505
-5.577163417688133
-13.140599384378087
-4.351411626483964
15.078506534813483
17.050043190348386
-3.9694898999735733
-19.43683907790988
-9.843763333958835
9.600569837090353
15.196674503252096
5.024769843144177
-6.614282126055857
-10.306361846845334
-5.791233237460625
3.991898467964293
11.051106778466824
5.184135642555204
-9.618375304872567
-14.07274916350822
-0.18954685155764003
15.110048485867381
13.76679601047422
-0.7237543297671188
-13.072187499029242
-13.506210222848045
-1.5088468718185397
12.110828849624133
10.70266413380068
-4.798661830847848
-11.224235656225737
1.3483988322340283
11.337358925661668
1.72801993403785
-11.488610801499922
-7.195549335801581
8.173319847976899
13.15879746999107
0.40285024725585106
-15.05209192789336
-11.283872991202667
11.134552855364158
20.996703831748654
-1.6159059976084555
-28.031383897101026
-17.74951845985373
19.839065656494473
35.816577524021476
8.672589312731008
-28.05874600615399
-29.728861998193075
3.2260981705419587
26.047036095390315
9.393249121712994
-18.58019993851801
-13.183803634734518
17.06186767746983
22.91132446493643
-6.1101926586520054
-25.712230358288995
-9.823022087481245
12.18811236607975
10.00565300398216
-2.570402440433405
-1.5063238196996893
6.365793430387414
3.226448819485955
-5.667675437371481
-5.125937058601287
-0.2085722581197961
-4.672469443451009
-8.756588353162032
6.945663584543423
27.03027671663592
13.966488525405149
-25.62036324112526
-36.759369607005894
0.2942437280618708
33.43012820511348
18.980564269971882
-12.188227450216848
-13.541405476555024
1.85460450432462
-0.5234073904126112
-9.113654668605923
3.233660113962849
19.35786972034541
7.188493809972632
-18.953479937378475
-19.879007890824695
4.118967129175315
18.230875297915993
10.422305798477112
-0.23439501304426602
-3.8447568198453888
-8.204233056201423
-13.281999248105752
-8.640052749002782
7.384977618307457
21.948010085622748
18.51871355302955
-4.9264186087473005
-25.39879021257836
-17.980391501101717
7.371142414486772
16.711844540175015
3.00192674452502
-5.698035519395209
4.2650433472452
9.999471267400642
-5.7439983748185
-21.99070111853886
-11.34350065815709
16.27651763602115
26.179614329381963
7.149848237435297
-15.95478905958741
-18.758807327381238
-5.019081551244388
7.406674857422422
8.979884536715835
2.4721260095253696
-1.7674106328217007
3.0667638446717436
7.325549078264276
-3.4210397640009202
-20.086560669526417
-15.593831144659855
12.996148054449888
30.95250410998425
11.84606391114728
-20.982471215887216
-25.36938364164999
-0.10451178708053654
18.819598472804632
12.16423283324617
-5.406219858107495
-13.76490707900927
-6.785792321612078
7.952482288814001
14.557714641490469
4.177379916928776
-11.490735824427942
-13.866121192946354
-2.047682431388801
8.830753156378643
9.433162043530883
3.7550170847739266
-1.568962544950039
-4.100473810385539
-4.266323310748128
-3.9837618152999714
-3.0197277851096205
2.453283187096703
10.13902708632274
8.332603112921069
-5.768561742414237
-15.535933133830332
-6.526763914376105
11.215472135903084
15.434351614416398
0.689986493081647
-14.90117494667898
-11.650616600351258
7.7953770612916164
19.65857353011334
7.015657545651259
-16.465059097753258
-22.13251027431925
-4.481819561896062
14.571912206704233
18.42233486200024
10.14144042831872
-2.9407292560096803
-15.407753115689996
-17.94635959144764
-4.90192573434144
13.609204560566878
19.08299471444041
6.209435756109768
-9.723494013188416
-12.8354007062502
-5.982949628603534
0.09833051883100609
4.250457494616469
8.418023159595295
8.438797565761298
2.18360196946701
-5.5238502578271325
-9.81499692567066
-8.451293778318506
-0.8409522562687405
8.19001122129023
9.49610511252477
1.2581871003463183
-6.3687997405447945
-4.723172749855839
2.132275589939158
5.500829474370465
2.536165300034126
-3.9107080066893767
-6.3104994966564565
0.8729054324829624
7.28120530747444
-1.9294109011088358
-14.71712845848264
-4.61177821193898
19.830527374727794
20.57661946402846
-6.92204114752724
-22.76636637418951
-6.575368721146188
12.304150093514492
5.654285504881719
-10.314939623033789
-5.519077840459675
14.655692076722286
17.246646776041224
-7.753376249178082
-29.133520963621866
-15.968329644996407
18.533291022925848
32.46587436055197
9.984377417641992
-18.77112792838954
-20.043805373375456
-0.9169174647904822
8.203077273090514
0.8338643468854632
-4.3273302575886765
1.0095345379163225
6.862198678735101
5.3761623934081575
-1.386285398457112
-6.405088737130443
-2.4297113862918667
7.563551169627992
7.26700105829559
-10.238192824987449
-23.5441429428524
-7.405064329553514
26.161639099108665
35.033348101989915
3.319754102593927
-31.967373017740783
-28.920862305664905
2.6115251067027145
18.81425578371911
6.443789739957194
-3.566761349612945
8.163073430951057
16.13911134810879
-3.955021943342018
-27.932466509205874
-19.407192300715284
10.559507254486098
21.692240670305186
6.613357786396305
-4.915697634888406
1.5972109272900825
5.1003711842736
-9.216447315251
-19.678006390335923
-4.687483807772893
17.113311912753705
16.83559419974756
1.2083934148175357
-6.513237368295292
-6.367824151128731
-8.716743896189305
-6.604098496462708
7.156886680092197
16.94657514852521
6.2157438532884335
-13.684055451943197
-18.000567280861492
-1.6919771898399354
16.352906000544966
17.730949973704384
3.780164826256605
-10.799468729148444
-15.662333530072582
-10.434257261985803
-0.7680543942355713
6.083459299901915
9.326179154542375
13.872861765672951
14.036052642897886
-2.6427201799438245
-25.821588420625364
-26.922981975121328
-2.493286642136958
20.403887112540936
24.75760905704311
15.561229222452287
-2.2877898574167324
-22.59969039952458
-26.181378362086097
-4.805300131132164
17.149764382926957
14.955138379851212
0.6915419561701852
0.2627767082961995
9.936998666801143
5.2378659795714775
-16.485239289440525
-29.76915457335451
-15.699042863851552
16.0675060084603
38.745044996709865
30.97079020680539
-5.048833435482939
-39.0271109660964
-36.96144259068336
0.17342732726658594
32.227838415159184
25.20849311610849
-7.296849043824107
-22.5165241444222
-5.042335663488091
15.71149211747619
11.49236176041877
-5.673453754915641
-9.389189777145344
-1.5170924293354
-1.555806926897973
-8.861013401896493
-4.264245801564796
15.034945530374955
25.040144459837723
6.939751051117316
-23.019529613444718
-30.963395457881123
-8.105600329250903
20.846605635065107
29.072042529109126
12.525660150745553
-12.532796201147464
-25.3349546222761
-16.770876674913776
3.65510848494076
17.537380312403297
15.39292169827894
3.4295999511889343
-6.5508611056163755
-9.129654418632656
-5.936277351791499
-0.6143891525078102
3.212200181678549
2.9087412672454924
-0.6267978626263886
-2.3393314976709605
1.899032911430388
8.326593702302413
7.206105203395834
-4.610062264062479
-15.77274248492431
-11.457074116726286
5.734144040857831
14.895281938816327
5.693898344542405
-4.887238601184397
-1.1710224934952846
4.169302455773674
-3.7979897547373773
-11.03353952122092
-0.513167216233688
12.29688294076278
4.499959791103902
-11.891704777099775
-8.216691529342418
11.579717006977964
15.412650856042585
-4.535397157051319
-18.320201830967182
-6.396697971911161
11.32317709952443
11.35701435794901
1.020162218013211
-3.6807510599856017
-6.108509912767582
-11.58841182053693
-7.211276052558897
13.308426239021012
25.403346116217964
6.713773586208498
-21.989424294859376
-23.509506946646717
1.088938733846263
17.546715797159507
9.886055451453833
-2.7287495692565056
-2.1828478760045824
0.8055157931574332
-8.351844805516846
-14.940922909034011
2.128243692770449
25.739079237954435
18.77523415912925
-14.476143402629042
-28.005676070964952
-4.620914997806286
17.457623959702218
7.989131827444353
-10.369649489936732
-6.647314467377657
10.296573695655963
14.229182717441184
1.3530107864748153
-11.606627635246257
-12.27644869634671
-4.107005779949441
2.6492445692207607
4.393123621230605
5.104279699317334
7.528088652079575
7.720387441820245
-0.4002699854017896
-13.620261181327882
-18.019851726889666
-5.783677378033521
13.145593662341795
21.554273690456657
11.519147624108168
-8.582576666000842
-20.19801573823705
-13.112209169284773
3.1537612488016067
12.701592158973192
11.597608855646504
5.660512754009986
-2.179644500979782
-11.99258867182181
-16.97027326844876
-6.505100353261224
15.12282284484358
25.340090178740095
9.31834851245463
-18.391485241368628
-27.811023838136688
-6.452268784558515
25.212661570881636
30.94879068493443
-2.8728305732996753
-41.68004526984992
-32.141614312499755
25.209387022084886
58.57249546902578
16.89443334238984
-49.131491399276186
-52.921309039485394
4.03582138409827
41.06241402000363
21.272861452947826
-6.915418038292486
-0.9133463480991684
12.652550228055519
-3.515791004138351
-29.43867934768854
-22.77814077764598
9.79672254039407
23.500403359710813
6.587606132481707
-6.165803597692232
4.006455838425928
10.59137516165972
-6.02839324788121
-20.28704880977163
-5.5261141668979805
17.482808029736123
12.857002902752072
-11.892806218848694
-18.855468914227778
0.6436802642625951
17.287179681752253
11.627890882983065
-2.101699553956679
-5.286531359507268
-2.7713585446572866
-7.359779485101559
-12.682625125280406
-2.667641154976822
17.78417345476436
23.424988313241506
3.6847039129312136
-19.91142433869025
-22.121178313432523
-5.7402643165528815
10.68931985741927
18.621366938521884
14.546874851468866
-3.7659475893129497
-20.294621025475795
-14.163409995499016
4.302219011428065
9.152304237578095
3.1778890392675683
5.598971168076826
10.001006854444137
-2.160384079009998
-19.13218713694738
-13.308489595090403
9.165761252189265
14.930641764259699
-1.529510280738008
-8.738916463912584
8.3823017710579
20.257269096728546
-1.6577252772031545
-34.056165090073634
-29.80657087419742
12.19467049559443
43.0023921326379
29.266650648500242
-10.799172580376448
-37.055608257524064
-28.044629863278303
4.569445143052317
28.42008226408384
22.94796757161663
-0.07758674577110675
-16.222964860774674
-17.10171635516957
-7.491456362261348
8.453623543694485
20.758618073680136
12.344337615511845
-14.334300501253923
-27.763348186571484
-7.76508869895279
22.05196935896381
25.048425108391207
0.5266281115951119
-18.818568606909405
-12.136579951017682
4.757291279334302
6.08722659699176
-5.160900395865806
-4.373698720624698
11.788061597488559
15.601540077929256
-6.98457811134306
-26.19740426027359
-9.877342897465606
22.431449491938228
24.42942546615528
-6.687235065929889
-25.360844951808623
-5.683377725695475
20.23136256660305
11.036175705809073
-18.26298979391314
-18.329623748634912
12.821291306344392
24.926587210251267
-0.4392663734581225
-22.025681564740964
-10.445762838840704
10.29569074422215
11.514431578062485
1.207351091499097
-2.513513070824585
-1.3137492519812344
-2.8172551506707637
-4.259554728353351
-2.3595742785293243
-0.7581689889239077
-0.115608417702567
5.067528108180724
12.748205045572206
9.38085098903585
-8.369353396724371
-20.70731956516536
-11.120996664654303
7.601627954477053
13.322527218029185
5.670034001434075
-0.9822871889382754
-1.074592663468147
0.15157551824618826
-1.706506383946348
-4.8633927001662585
-4.595521101916717
-0.18845326991197558
3.897288378576355
4.761772839455246
3.1470054963780822
-0.104397363721572
-3.303983485766061
-3.8365383424135113
-1.8796310407791392
0.8345313561513232
3.2510378827965334
3.24304772647034
0.5168595009386857
-0.9161532495229298
-0.70339446646348
-4.298053877418223
-9.57103601013323
-4.228709858077955
12.963458124803552
22.245455120283676
8.405977899732138
-15.822044159753903
-26.096276450601998
-14.783654508470322
7.093500610594667
23.452538343528
21.824486074637587
1.3718191293730304
-20.331080412621244
-20.2743855574041
0.19874763271422874
13.299799748731733
5.843451526290655
-2.0173668968488347
3.388984226669086
5.280098269676897
-6.951351921966597
-14.4138691387821
-2.5684774330123203
13.151003855982033
12.528451242988139
-1.276601489412698
-11.355279847774819
-9.409268584290066
0.5115342245947461
9.76769419300365
10.744340446351584
1.9946032984978257
-9.329566356166787
-13.298055879834001
-5.948520861667546
6.568819029204107
12.487442506298077
7.269318539392747
-0.6816264859994742
-3.4474149984791134
-4.5912099064713585
-7.608218954659785
-6.232958259197022
2.3524952884276287
8.99826676891207
7.215832742794515
1.9596672786106677
-1.9029565027673891
-5.437221979061504
-7.2420054130461775
-2.6275347293016154
6.072440990428053
8.723632059031006
0.945202113646097
-8.406921880328406
-8.026429095754358
2.0714306594242156
11.585195061215462
10.788209912572254
-1.6636026184590391
-15.953856643446132
-16.339759329983927
0.8384216694690684
16.64299334328134
12.273317606523669
-2.7614580094725794
-5.87696522932824
2.6126514159939265
3.272579340549428
-8.190943559651256
-13.572529146417443
-0.8662263075367074
15.302735087379494
12.803903012636733
-5.248627311332718
-14.58322764624651
-4.824286675679875
9.267328417736978
10.609564946603372
-1.0560189664806088
-10.69173177506973
-5.045738385321032
8.224836702058573
8.59345051754576
-5.256931996373506
-11.884461822932609
-1.901720091671481
8.4828788085968
6.738899389988641
2.0907134562936753
2.8937485635904108
-1.0101871188379923
-15.208460309118728
-19.5217210252681
3.426440250796006
30.842139933642564
24.053667729139963
-12.457086655586426
-31.684763645189474
-10.859738494305768
17.334980130206407
16.27861243737152
-4.086954449445785
-11.913913272694096
-2.3376374017000234
5.989437622457181
4.658909507679618
-0.3795640552006233
-4.648808947375581
-4.482060999841176
4.42410380814698
13.000462329375868
4.150834911589331
-16.181808602991673
-19.581573409950987
1.816951873723644
20.488652961893386
13.660826013413503
-6.020073046821942
-12.48749855350673
-1.9449853590104351
6.477348466189431
0.34644793057454765
-8.001623212097295
-1.8121512777984419
10.531740729706469
7.670280393782468
-7.157484531840329
-9.865488115002918
2.5357648382190394
6.421065963489955
-5.40844973501595
-8.562727039457656
9.622244017936051
22.402750763598654
3.9099133781443745
-26.421360478444974
-28.40575008840556
2.6172816567814126
29.60709057650768
22.84275567317897
-4.278409342095892
-18.53497865587742
-11.217289197637907
0.4699906343731794
4.6575119365509225
3.5826650315209765
0.5338936395596038
-1.8192147681738933
0.6886736118320601
5.740604524914061
5.298560104582971
-1.7519689711111595
-8.679978783957885
-10.293248018901847
-4.705338161137202
6.915844409053832
16.269270296078332
12.103069888347054
-5.946338975760152
-20.941400260295694
-13.428954896711453
10.982816432763254
21.197399205276778
3.7148727758579283
-14.406071117708198
-8.596597010669772
5.292653363738531
3.400637898738247
-5.321050800260174
-0.68513849710813
9.201859254435094
2.521393975344246
-12.756816130578315
-6.195836671180129
20.033243667057427
23.02198126783577
-13.795784175423497
-43.26235857007571
-18.62781010834666
32.77923789972396
43.83201573251172
3.078415600906748
-32.133106786065284
-21.75348301834764
6.551715669353254
11.827101736606405
-0.13526932255852045
-1.3229379004067445
7.766725930887172
6.1088417733868
-7.554359643842997
-12.778342040363563
-1.1382838887517117
11.085780520572438
7.730552060852522
-5.322353848911271
-10.272006727449908
-1.8470938287882703
6.452086191536486
3.7766467157092682
0.4079479638106245
6.966390744211372
7.141086941996318
-13.603331570569408
-26.907859389157966
-1.3021846086237796
32.058975533280275
19.627818927530445
-20.759435031382946
-23.444468716578527
13.437545265246694
24.79050397727312
-8.240598469998869
-28.460648515772746
-3.5711365124924423
23.03930579476713
11.3659802274762
-12.794195523302443
-10.498280205861082
7.99378055750331
10.603329361548658
-3.9087706663230115
-11.6239789947634
-1.8229686591748746
9.544158209785161
3.6303771354650216
-10.446126000585664
-6.618897443747125
12.602173563497374
15.199412749649033
-5.670929306078455
-17.24107152764066
-2.349971946795457
11.5138035436091
0.1991152697537376
-14.46661974720719
-1.9497343497129271
21.76319927653479
17.49881875577458
-12.528468821184875
-27.518835966803593
-9.723657475070087
15.597543624164311
20.537192983799734
5.998788111569835
-8.796025051798354
-11.864763722657553
-7.914854519535863
-4.057669445923478
3.6348038785901524
15.927091159750848
16.294090761795445
-3.932162740359592
-21.38740339814074
-12.081070285525527
9.253006881291688
12.152686799065913
-2.817657809319794
-9.635937715079288
0.8112410736612102
10.110917810383468
4.859421469823092
-2.7150204901921033
-0.03507725112454177
1.3014533366715182
-9.131916888001665
-14.409014279946309
-0.5102949465512195
14.576619430320735
11.889499132235105
1.2499493249578015
-2.7760371284763443
-3.824167423151582
-6.96384482591723
-5.472228194063207
3.674015629425384
9.273715226538492
1.7413230947838334
-10.223383147515953
-9.33153815844893
6.4218945804575736
17.987008238831365
7.772152651458642
-14.70563104873269
-20.48263270624382
0.1265553685417328
21.092081595339227
14.975896837440567
-10.083508828374518
-22.167251543128433
-7.039545260348155
14.710626430923925
15.539420359875455
-1.7567210026387727
-10.455241653284336
-1.6356715046985049
6.052794044847611
1.237892555749282
-4.80944172915612
-2.8207845906864075
0.8599458262026721
-0.14236773478707132
-2.208562889911506
0.09320649845645629
5.718128941044857
7.763525519686405
1.7365818363296586
-6.158884075078645
-6.2827348517086925
-1.6276264802421085
-2.4406122748900487
-5.779875218946151
-0.2540342392748194
11.343679370300132
14.997098622091269
6.493426506246745
-6.549829722562395
-15.787091584635629
-15.636195938059608
-5.033620982602776
9.178766520050399
16.841662369262643
13.369806325936924
1.5450249882576619
-11.543898782948062
-15.89222641098771
-5.091648578056233
10.632563470587474
10.063267996448266
-7.4113821750268345
-13.579906338769014
5.781085546682733
22.43003407666864
8.090257747348844
-17.77001381884407
-18.115369142409758
3.6198518796547337
13.42727566320124
0.331261324565559
-12.352807941545686
-3.742794847779149
15.657637072994062
17.087711732372174
-5.550570519853068
-22.651578807362288
-10.955868564916866
10.920779809978248
13.028869562795721
0.7943414903900662
-0.9948672178236446
3.997931409084343
-5.758834837669239
-19.495168883317252
-6.85280887240203
22.113663826193143
26.11738806085551
0.12290871489792934
-20.03287013315005
-17.084885763679832
-7.75781071043462
-1.7171186986197848
9.80218244334167
22.23088455572064
15.871322416334964
-7.135954668419298
-19.743076776290927
-10.59766005648623
2.4488071497443262
3.6613129260930597
-1.0765072580191666
-0.6041079379445997
5.038710628677001
9.901758324845076
9.445725763166845
-0.5583685882758531
-17.701778917266086
-25.000613336235403
-6.9129368164198555
24.48124957615427
35.0901493698822
8.323522184852134
-28.52369641886573
-31.848820481967554
1.4692161526044623
26.715265605398137
13.676715115670769
-11.940601622242957
-12.871283107620254
3.3902231903244493
6.096998263538418
-4.315480692014674
-3.3215377733320754
9.280107019441916
9.520898801348446
-5.882334429260796
-13.560372374321236
-3.8467140505075283
6.776357689636567
6.141884201939319
1.0178944609863214
-0.9326255980752579
-1.9198568214492018
-3.981160571670869
-2.6712781434498183
4.345197205462269
9.356941791769216
2.9552872421990224
-9.911052098425344
-12.342964171693401
0.7393334391937456
12.809756442020078
9.0059966365721
-3.720670353585511
-10.581518695231024
-7.745194128101709
1.8336106053834473
12.584393088779157
12.611513811836568
-2.796139468125409
-17.03772808633212
-12.439580945368903
4.0376985795421305
12.826807829201258
8.728076420480528
1.306394166922223
-3.482017785399298
-8.040274224134354
-11.599660481588055
-7.1259943689267
7.300834830878376
21.804829894899783
20.852608820356828
-2.00710447280146
-28.79745252985975
-28.183131294143546
2.391208087235079
24.961620368532074
13.217047775072581
-8.681907962928529
-7.1134277442402265
8.105033385386077
7.195528979886792
-6.308351500165782
-7.646632452290705
0.7731984172666686
-1.8480426729024342
-9.680569612183948
-0.01989649624559453
19.44741308869552
17.312266258922968
-8.974825131600552
-25.325978329473195
-10.76182709398174
14.29696823032567
19.56478233300067
4.209632442771258
-10.112314173058502
-12.286136860311894
-8.488195225335163
-2.3980262637631524
9.301077461686074
20.383546137346297
14.444092817536669
-9.55720728460348
-26.05815161772162
-14.173788142375587
9.994825955056426
15.252419551469401
0.8958956455128398
-6.87524160575773
2.4709195567188362
11.3619570278937
3.488736032997912
-12.270347316585784
-14.17121734601218
1.1171851519538065
12.218365601035863
4.337230852752497
-7.941171912438737
-3.965688177612163
9.095324920593603
8.216589172408638
-5.43159394311745
-8.473621890557975
1.8177325874003454
3.256468885530882
-7.737241374270928
-8.15974512447661
8.83653861588733
19.77825094033899
7.594874064123561
-14.48066353169521
-22.781646331962822
-10.59269507407579
9.618536388316423
21.835555534902568
18.15215681548814
0.6163154987338736
-18.583472224642385
-22.106964062944556
-5.83801363510958
11.604901945637149
12.551958460602938
4.518156886371964
2.9638296930160672
3.5384470552976777
-5.995104432712261
-17.67502534215908
-11.539011861405166
11.03106198866901
23.191736835092737
8.377122669613211
-14.853732343751043
-17.209823079905526
0.8051883685965133
11.485715108046245
2.312186263463776
-6.620208797515617
1.8118860850263014
11.45144324078709
1.3958627246608784
-14.599844392682078
-10.180815378103544
7.523159663314838
11.358931992734094
0.11013211728366579
-6.45847189076467
-3.9177667311423603
-0.5889295973540887
4.239877496301282
10.899308745052346
7.330998761541705
-9.711440626611301
-20.137208618457496
-7.634217708774832
13.872691839391939
18.462754053049153
2.3554369263252672
-14.591402811266871
-14.861802154089991
0.521222430279433
17.593618609263082
21.171825635125355
4.116856692598904
-22.47108003991339
-31.48340147671971
-9.773604285015397
19.64837022966628
26.653502760463763
12.945891235164403
-1.4501503903461612
-10.714536161582238
-17.32300466775433
-14.659200363056325
0.9184797822627664
15.363296524504989
13.229101147136765
0.762413283998159
-3.881740938708446
0.6913556770797927
-0.2083105748650514
-9.205606458140432
-11.706212438801957
-0.7793365119435485
11.999969562158967
13.529051391839955
4.600955263234087
-4.67056238102138
-8.386002334098416
-8.679346464438163
-7.193319650324557
-0.40417814704455046
11.435880997726162
16.934609604318755
6.113255815498164
-11.406627123819305
-15.904888504547861
-5.649421149057649
3.7099915350646984
5.8647795405429655
6.6258124527964
5.732277313231443
-0.48343352499584186
-6.672859323221438
-6.229341729304942
-1.3456706006636319
2.8067065599054284
3.442317643467052
-0.1256425830143665
-3.1718148791101184
1.286677700677418
8.683036496295989
4.949534118523354
-9.30748825829092
-14.037979226673793
-0.6188755086842626
12.161919576222443
7.386041536145068
-4.406576842013894
-5.386670397859294
1.234730447684645
1.548109440086252
-3.0019352265475416
-0.23136863118598033
7.95813710927651
6.141678136993144
-7.753066250659155
-15.169125089545359
-4.471273125412243
10.232707486600637
10.938865094840812
2.787965240676256
1.0684285381883967
2.715836038136416
-5.598326474114442
-17.618442718101697
-12.177163663094259
10.987552758672921
24.099961908515787
9.14320723712837
-15.112009582897693
-18.138979088348588
1.1246461203402303
15.472370132454499
8.727879642223852
-5.616139504136466
-10.15426445249438
-6.645343326816347
-1.5599019279450768
7.249423910884755
14.409396360430096
5.64213964027289
-13.099108185059336
-16.32098451473345
0.3726637029131748
12.65866682352362
7.601966208059913
-0.04407424736360437
1.219488867043224
0.43926476072201154
-11.448993025967363
-18.931751069876377
-3.7254591276405473
21.59362230476826
26.37570535917642
5.392332193091893
-15.842411837717645
-19.063995463438477
-10.602248961959944
-0.5094220161328963
9.130186065776037
13.489027713011362
6.586280375449371
-4.4239752062839255
-5.9291479017328435
0.8594992613999507
2.1838800314025546
-4.68242377706039
-6.9528068595941965
0.9030233268543973
6.645902007553768
1.874481798158034
-2.623202294186235
2.242163013044011
5.689249811491349
-1.9051492230338238
-9.305297935758263
-4.427558992788247
5.103215625347646
6.532726134891721
1.096879477790566
-1.8475024628551568
-0.3766941273940168
-1.1817433807666384
-5.146373196064338
-2.7065511165948233
7.00647294233059
8.62552135251348
-3.4352490018113944
-12.363440718823435
-5.386153852698434
8.801592585913147
15.052592198771258
6.966660450923061
-9.643498610516572
-18.724071220647765
-9.577979131005705
7.735647368739788
14.797191485308634
7.988470074722514
-1.7384275981341029
-5.329081843054327
-3.188058272800367
-0.6508262743206258
-1.436184161052965
-4.675400112699888
-5.1087844868995145
3.0665915305875133
16.76257084023706
19.687766471596785
-0.5785539193664535
-29.452328512086307
-35.23449349002443
-8.427568785340831
24.81248354063488
35.47786243982923
21.1991931515742
-1.6618591031133383
-17.33685793674551
-19.68016126287431
-14.349649269960109
-8.625444833736083
1.1315830254292172
16.97491563705074
23.264248619978176
8.016133560400153
-10.990873793518894
-10.70704470688042
-1.3531955996155238
-5.925809179224365
-13.739220146848732
0.16026355769111056
20.849314833877056
14.860498809680854
-6.785756055022665
-8.198986733376195
4.73801335848558
-0.568556571511986
-18.10405501024639
-12.272236909034737
16.408596021656457
26.577310896400157
1.0218546170570713
-24.752943584472085
-14.799147197105826
15.411448112459638
23.427133622743963
0.09346202135045667
-21.972806646485186
-16.44813237094875
5.217511244976414
15.2977712299862
5.582881470598022
-6.509607020375773
-2.8724740662530324
10.244337164416827
10.44751931458443
-7.674222664010802
-22.902106604863306
-15.186244831694056
10.055437426518699
27.797514580157227
17.467475604850048
-13.03062358316709
-28.20575681272219
-6.92649562817185
22.229102548459768
16.746464988247666
-14.819865755543216
-22.809397597067466
7.29029075001791
30.230496157061147
8.640864177173116
-28.95917614796299
-29.5453284586527
6.755484941636634
31.631617200283483
19.83693770814331
-6.066374649008534
-17.81829116823498
-13.76041766559353
-5.618838387523707
2.6147167994826166
10.053444411943609
10.293029928833267
4.182547841693557
2.0861531171307277
1.0925946637093729
-10.268361329501598
-20.829150300549856
-9.002108741957425
16.03503059877023
22.911215179007044
5.263693143534233
-10.2270164576483
-6.530815634913809
0.39979125695739165
-4.4744580701387235
-7.976212656158843
0.8838759569063942
7.166524691090457
2.203027770064673
2.716384598015101
13.90102641188724
10.295076953220216
-18.540289299099797
-35.514919226548884
-8.41843604087241
30.263193804253913
27.98436704234625
-4.379307740174389
-15.93549609901542
-1.853084295461667
2.421669344099239
-6.909219377062478
-4.251442278384928
7.7846126538581215
5.14419015685671
-6.745447453300433
-3.1464038751759555
10.381570931374933
7.560568973058329
-8.776404988407476
-11.702626105790316
1.9133152070852608
9.216285972409812
1.7708925463193297
-6.132108623583915
-4.847516832262287
1.4941240239127804
7.531184244196009
8.911576955803929
0.5429504404431488
-12.111620036537477
-12.409343652893456
2.474291739794074
11.82363117877251
2.081858623812036
-10.175819391937088
-3.9328198878807115
12.821507324921598
15.891568988214953
1.1160577825911506
-13.479034229394689
-15.807687260875737
-9.48054617331152
0.05693803112369811
10.257058475234127
15.236997419165297
10.043957219025414
0.2998005464370116
-4.510002209070755
-6.849797172970744
-14.353752297915129
-17.628406126914356
-0.754578767569615
24.3787723795329
27.228257469088902
4.628505148748112
-15.290845010945826
-16.21384397373723
-9.668580324499333
-5.59683282049185
2.2797313623786164
13.035163385116155
12.092606976624765
0.666543407300801
-2.6841708000191242
1.6142019629366142
-3.855384799632269
-14.439957174461888
-9.434982773355653
8.220806772467254
16.69703535135133
9.474578633186487
-3.2994367951517414
-12.669996976808598
-12.189067409103929
0.07178584757449818
11.128804029650365
6.180664652797601
-4.761097976868809
0.04658289189824358
13.525471426034295
6.241408423959801
-20.67775833311051
-27.92326774116157
0.7335754011990555
27.99431274020043
19.227864202267064
-5.958163408255657
-10.634995542505841
1.5133460616849215
2.4360794148884315
-9.245819119710438
-11.240222184321292
1.3667312031452328
10.079906103781711
4.9998504576733485
-0.8925033472966517
4.011355270051744
8.714612034486295
-1.4097573919320578
-17.340229789097002
-18.632541397680917
-1.761485168084059
19.472497800543927
27.825670699941444
11.853466311683734
-19.210925305723702
-33.9568483789577
-14.311092314157722
16.672133535046395
23.820673801767796
6.109147260679906
-7.343052609153367
-1.4206901248423185
6.91263529383321
-1.3186383976164344
-17.507096924254373
-18.493650783213123
1.216619596169586
22.7772167949064
24.41739242611121
3.7509415872459133
-18.56527923121034
-19.378043421761777
-1.1345208002746787
9.60479680670369
-0.27521993959273044
-8.971214193939598
5.4758153874054605
23.026280823492066
8.773191102485033
-23.41248434134472
-23.461614875694675
11.962267417510336
27.16191127166664
-2.85104536387876
-30.1466987650305
-11.81694661297259
23.46946280866265
25.45523113804102
-2.2153027719910163
-18.358228015449125
-9.971176755830742
0.20223192543903748
0.676121144570947
4.513316921349682
12.987717522758022
7.040802644798176
-12.661033558891369
-17.629837635807057
0.9445664291582869
15.291004378115915
6.704408876887562
-6.6183428085045275
-3.8957242452419405
4.345454720434759
-0.7449209167010544
-10.094544890468862
-3.2032025890676294
12.809311274896462
12.72910441014004
-5.420485737588446
-15.681357743676756
-2.6291112909711787
13.180395119190111
4.590912621836815
-15.545421060585978
-11.172528972987312
14.509965181132879
21.258423253322757
-0.1251620723579193
-15.150286957560974
-7.175728430682734
0.30022569723936265
-6.367880818753826
-5.786927920456537
13.922391730541365
24.8805404129214
3.7444360853165835
-24.21652925690564
-21.944585744406147
2.362760348554425
13.987825421142436
6.83948652300733
1.4828785844799237
4.803922644320727
4.788934312214168
-4.2575867516214165
-13.080956941621963
-11.057490105316846
0.6076320075959681
10.01824401169267
8.059334790559314
-0.6427156604721885
-3.2249571112659337
3.2829383835871035
5.875906321988376
-3.2561275423767655
-10.569990384033597
-3.959762644579814
4.5901431791003136
2.1031412668048914
-1.3771369205171957
4.426949490856885
8.186966709140622
-0.9167960721416601
-12.01015702999635
-9.388535760180172
4.585032100972754
13.128384033005858
6.773200904114225
-4.55424978713669
-7.1176308936409125
-4.077574540967045
-4.718918170740852
-3.154536375036243
8.512605229166693
16.588261887133413
3.1826406834258756
-18.90761100627274
-17.108985986910163
11.606184643124761
28.58635445445071
6.2774701759302864
-28.08740233694217
-28.351241860806617
4.120297519571075
25.018725575681668
14.440511097876197
-1.6269947363137982
-2.6952358476459635
-2.1403806678973654
-10.303688958622477
-10.870834541078427
5.515159337551232
16.3377792623149
1.7085905463477755
-17.092759879959406
-7.5867620334566945
16.409129752052646
13.15764241178975
-13.880253383129427
-17.941852339912312
10.472697867229122
25.187518174011906
1.706876324729612
-22.58452407158851
-12.180820451630739
9.169661235981525
4.646478827078332
-9.50711774240169
1.9628385679516211
21.731749902240402
8.718617415733211
-21.484858779307082
-19.091419404878074
10.548306739757201
17.298413005237705
-4.6366399341230675
-13.694720074359047
2.372674533646412
13.931994708171976
4.911004373749553
-9.343648506880138
-11.782723244154875
-2.2199645225436595
7.277804946664862
6.175483641101935
-0.4944737675007749
1.185338594887478
7.776710812725554
0.10993823946763776
-18.128282564921225
-16.646527962536055
9.454740633189745
25.219777463132765
11.534424610463281
-9.31066091162647
-15.97116067173962
-12.765776716297545
-6.314150653780746
6.344677846136034
21.267704793006708
22.841190669331514
3.5991179207996074
-21.383397908212537
-28.786227196137656
-13.048976557566101
8.792041560883744
17.904939742293532
13.21943225229234
5.8234505929925335
0.2764286568392599
-5.669276731109713
-8.851032595580804
-5.698433258214046
-1.9318261457749892
-1.7708457982395782
0.9746495164097374
8.348769286236887
8.661338279809568
-3.98289182741493
-12.045739718886022
1.3111128286632119
17.26686309891925
5.0717502130023515
-21.46605271294216
-18.85685629745609
12.345774320362729
24.874289119260236
2.7724324195893724
-15.852771429057178
-6.224959106629768
6.7556662339464735
-1.3964078619829776
-12.678407729552424
-1.5760733369921622
18.489320589946555
16.39321276288938
-5.2898544159498995
-15.20983421603375
-4.731523717483944
1.659809898847041
-7.386600056521672
-9.317642212102452
10.630152779994347
27.94404166875691
14.065038309004859
-18.397108793088876
-31.747896048518125
-11.837278822569381
18.475070012633388
26.734683210150116
4.331175913088783
-21.827660902548132
-18.064638111302955
9.932967916801335
22.216708221898866
4.294675837892589
-13.506549873050291
-9.108202959516586
0.4967838658080629
-1.9728169508000284
-4.111715871843055
7.509396136337495
18.104665246741252
7.051526942343152
-15.578540836311053
-20.50797533278609
-2.9026705280439695
13.383022599768228
13.194359519765397
2.980238270661112
-7.492764931510022
-10.913066951383874
-2.3036786161766027
9.274323920322606
6.970407012406051
-6.083657540087007
-8.056149429094711
5.021691803486245
10.398048159389461
-2.620483895928804
-13.217302941875719
-4.106837020728088
10.7282321860165
10.053698840440177
-3.4198902579739374
-9.781531080358087
-0.9873213285555704
7.646239107405785
1.4018866718796947
-8.51831283211742
-3.700014662669312
8.653864810539835
8.296534799799508
-3.7522694784341915
-8.722524627198514
-1.0703479465978265
4.323775824597712
-1.5953787260334953
-5.695220464735931
3.6173148806616964
13.256754505960071
6.620283609932544
-9.61753849097735
-17.213430156530556
-8.022367272276322
11.69027944229412
22.887059915566578
7.066249700265185
-24.781103056407222
-31.5275678383623
5.388722416604497
43.907789403071455
31.151913907282534
-19.715831432188313
-45.26913884326741
-18.657304000447855
20.595992528178016
24.946319557925882
-1.0523886699272278
-12.697567700935982
7.112130706759576
20.289886476164614
-3.445888880120284
-31.75490213455036
-20.00214979995653
16.406747555092963
28.424707403088988
7.798274523340001
-11.549095396949241
-10.818405344366493
-2.1792011657190353
2.8307022393519317
3.5755350747851082
-1.8319156555968135
-9.266030462302908
-3.709665812961784
13.904086154510475
17.10208820420175
-4.258924095240092
-19.70546036208244
-4.771095498482839
15.859728793993813
6.888175673726017
-18.618824626173968
-18.332835294424427
12.272271845392252
30.719226288162428
9.611465695561794
-23.43923248652732
-24.996182101358436
4.6621749763803715
24.755215430234646
10.629113976833743
-16.011323766671886
-19.947398864186706
1.248212282713501
18.41227236270758
11.77520684282376
-5.6605289990453675
-10.884785579653787
-3.7310627649423664
-0.04841056178189586
-0.7046773574603465
5.320059777600029
11.646410702597008
2.131484070067631
-14.406559207202612
-12.726392095974646
5.77393404046273
13.214413061166276
1.0107189775902135
-8.22055393550547
-1.1139885942049608
7.221190325128174
4.3246925922176205
-1.4188177753557372
-3.614513995630311
-7.717607610672435
-10.726049911254917
-1.0916589696358028
15.814015673438991
18.788665715065626
1.9240296879474519
-15.436552366872302
-14.667717548778198
-0.8868412060107704
7.3924036637034085
4.683959021309426
1.3989963622077037
1.9072699042063288
-1.2508562534493475
-7.7726658440745835
-5.0300055634103185
8.81008673626523
15.012870532415786
0.8533687027254799
-16.607288111690195
-13.185263247149068
3.869404670285015
8.363905758743542
1.0647089871207815
4.521912541197151
14.269465177669481
3.0766429713780425
-23.097759721545742
-25.032448969833563
5.247078695416572
27.974821782769293
15.991820474569895
-8.516539292091283
-13.481694638025928
-2.63124242759969
0.6296815964063898
-4.869701952166411
-1.9785636940410947
8.90066200551215
10.129443913532313
-1.3387102094254775
-10.111433908482974
-6.191670445115756
5.329264914704607
11.569700367524431
2.391375277611692
-15.186699548716415
-16.60604647798664
8.015388699210636
29.352498896459103
13.830388163003349
-22.608485474826267
-31.155975716716547
-1.8978326758162358
22.077305547267112
12.686212926296255
-4.813381687339063
-1.712224966120694
7.831256553595568
-0.9539060240800847
-17.321758856339844
-12.838143937162263
10.969232583982377
21.50764361499026
3.42879211984334
-16.611892208314494
-11.08193859586569
6.407766430247708
9.023274677093093
0.9936286160687874
-0.28625246158212747
0.31122319180714886
-7.2242422890033655
-10.540587141051603
3.015844593052503
17.636191103889537
11.464080152066082
-8.259362532846856
-17.329885568324457
-8.950843370331468
4.185140667663633
10.993151252378329
9.57965269629876
2.628238972096212
-4.766863697708415
-8.526727901974125
-8.568987153613927
-3.8387916214703988
7.4010687871111065
16.425464889160498
9.27354895934524
-9.3768827927509
-17.097358145959916
-5.775065064645294
7.071203333935005
6.424061564741816
0.060483544008965245
-0.07820429822191483
1.5723699990420668
-1.315665709820343
-0.6328748256932256
7.160560626855009
6.366036270718142
-10.191780581670258
-20.415069322184827
-5.097721191618318
17.79817948263979
17.605628458095357
-2.305024856487139
-10.593817580052045
2.371761729904157
10.439489135496757
-4.809958464479002
-22.50144648470065
-13.19610556360071
14.703148548086793
24.308331592810802
3.72525352287137
-15.19106351802637
-3.828178522964507
17.816082204120196
10.016083906628772
-22.518538896140853
-33.6920382860391
-4.948372759718504
28.820139784125285
30.71122642110975
6.079365097331298
-14.685677022882734
-15.874941948404533
-6.946675232648401
-1.4618917785010437
0.16793148167227162
3.236450453078847
6.634117366834369
5.981610555857337
1.6970795974953323
-1.2598630443050287
0.04650340693084909
2.3869891675894097
0.1716164425128746
-7.9059555458101
-16.130969169074035
-14.172114341168406
2.443257646604482
22.380616721648444
27.77980809734449
13.029384014984807
-11.401927616726194
-26.530473432569455
-17.630329636926657
6.0234589274567005
14.269991886291226
-2.3824579680265545
-14.132147028084646
2.1831906879769964
24.050708256965564
17.992575239217533
-9.729465216161302
-25.20105243815025
-13.91601501824606
6.742583792490597
14.307714089406625
6.170418084324184
-3.0940770387013177
-3.691446398920259
-0.6588422467608936
0.12200976124185249
1.22601922446987
2.8385425627302814
-0.5423112191040418
-6.264354320585044
-3.967191980501642
4.776062417928643
5.913464721298023
-2.336668818851967
-5.099388800209511
1.9447890095327063
5.532261992810609
1.9461301265378792
1.4421197663155259
0.7717505729836339
-11.540179086259435
-20.00994153547441
1.0389361995906243
32.183639044549075
25.454094696195412
-16.428286760761047
-36.141442789804074
-8.678297594740439
23.970365418752454
19.887441696403943
-7.551946704665758
-19.377208796161447
-4.739629826797585
14.407750005304985
16.1143350834313
-0.9690350078724445
-20.125841217235095
-19.24666455284496
5.626400714285052
26.867775141348748
16.798039628147244
-11.32484309540762
-21.014520599618756
-5.352639589668929
7.419363180174196
1.18740457177313
-4.902737207268562
6.332391033616079
17.414592193196253
6.138362347991694
-15.01132102742256
-19.00110956287082
-5.094328867149026
7.17063008657947
9.427753484825159
7.175147258348842
3.39274254691802
-1.059824093525435
-1.645161944524649
-0.3967460660174371
-7.180360445712727
-16.773144386798467
-7.035873706950059
21.24455223013902
30.04969670451149
-0.8884210162202398
-31.942143010577837
-18.2685597945594
17.514408458280062
20.54681170464075
-7.495876541244442
-16.238280652222166
6.635835522362497
19.33147174983394
-0.7142598690979465
-23.085775682060103
-16.220573546165845
9.313361764311658
23.110449624944184
12.63730492930629
-9.258414654415517
-18.748270463340177
-4.333884662867229
15.755314348765625
11.293099153494566
-15.568558028603217
-25.05604871012727
2.4659718135771866
30.79963208062985
20.48723671911427
-11.392585682203595
-21.52364012271552
-5.05158380527293
7.5158440706312515
0.5992200001916137
-10.098361595297268
-5.067191535643509
13.06096648257629
22.229700510687948
7.260169300999792
-17.912779341486207
-23.907343262547332
-3.8531044616851
17.454087941533434
15.928427159157476
-4.437689126169135
-18.84131714862234
-9.627165512151953
12.524863144009862
20.28079975557433
5.6911478860115885
-10.929450454893486
-12.73572983280676
-5.620345024303054
-0.442174376800754
2.7386651529307717
6.510629469029018
7.814411000206786
3.449436484872873
-3.539423088355633
-6.38019937936509
-3.0352165748488686
0.07630933702926887
-2.3759483026422696
-4.523295856232313
2.1370973103690023
12.716247810501653
12.254996023569404
-2.9420949492734594
-16.230988517905157
-12.054039190557901
1.1328634725542097
6.191790644486227
5.370779241590719
8.876826539892047
9.019350725459747
-5.337554416801434
-20.459740526402765
-12.431832267972151
13.295310438005801
22.21787635503166
0.48901387595953905
-19.42322230688079
-7.922528339601659
12.991859446491425
9.035827003616534
-8.086974721790169
-8.150733359656398
3.6632707547793815
5.504072919653968
-0.0998182130641802
-0.5122836104146483
1.2709109307246922
-0.6420641099913101
-2.66212073951824
-3.0053664773391846
-3.199132824516403
0.39491241108845754
7.556197733008445
7.252316085653087
-3.318340510709491
-8.453092257627594
0.9294828463672733
8.810198673620496
-0.810885376259653
-14.444718911984344
-8.022712532209473
12.71355299044921
18.45325373583379
1.3876005301192211
-15.059815328337214
-13.253774561164478
-0.4004502349604965
10.447677400676723
13.00550552908926
3.61807855662281
-11.895142310500768
-14.60899798369337
1.7324060467327778
14.899087993130289
6.309680909934543
-9.628283839979678
-10.072063169579584
1.9540707137450883
8.555829063702289
5.603064044095074
0.6562651639683399
-4.19961975596985
-8.020833083036408
-3.815242932901078
5.572318354513989
4.865147331666447
-4.519938975193653
-2.61654944604845
10.188749189918935
9.710675979824238
-7.561764332841896
-15.496520219406758
-3.0498934868250833
8.393450907110552
3.8290905796059436
-3.0093362873937397
0.07479618775172796
3.647223367337614
1.120194947419853
1.7476749962647564
6.084609651326067
-0.9040549439721143
-17.9253243920739
-17.8982305272007
9.011379325731767
29.723970577527076
14.270522036778488
-16.26216354153649
-21.785570774991857
-2.4518820969968798
10.201057863422877
5.177571768873229
-0.8715007612377405
0.9000541786689157
2.276357771915075
-0.13423590153887924
-1.7427210742604127
-3.608699840862805
-6.95982738065137
-3.730314243122108
9.027798091750933
16.567951861040125
4.757475544694988
-15.531610811953747
-18.187254246566205
1.7617203928700158
17.86688602595634
8.750602917650237
-11.648448860103512
-15.445351486607663
1.3110838334490884
17.426397191077935
15.29752861391463
-1.5293580461247087
-17.2043699100746
-19.410915885493765
-5.357568447073548
15.695763040129426
23.38889932971061
5.958680539308645
-18.365045893859083
-19.42594423372972
3.2256378191926687
18.940462293739408
9.457619447503571
-8.798809914882224
-12.638126856254953
-2.294740228307682
6.188653883683914
3.8137420235891444
-4.314046089545743
-5.279785586200107
7.2007007834468055
17.857624244867136
4.645149654471898
-22.71789254729669
-26.223831792828623
4.056193255471659
29.025279360169705
16.55365511488123
-11.694867901040883
-16.20808250002301
1.6213231845433607
8.665415384803266
-5.729812085509273
-15.893427578260672
0.011252103543619413
25.54322958264639
23.627388485527337
-11.277918723499353
-37.107370802630896
-18.83292584760609
20.13950311725266
30.532766746454907
5.582820636560902
-15.762870382083058
-8.599838194529761
5.561023199634138
-1.5897867100171839
-16.448100191223418
-6.418351944881741
20.635364190174297
24.59093621299708
-1.8420791592892074
-22.55357813668223
-14.42363172673715
5.519647399571668
12.47720663298368
4.056904784717574
-6.1657590041308845
-7.208668282531499
1.593953945165583
11.378570601885013
9.66599695233502
-6.05031814854326
-19.61113170180709
-12.411655799000542
9.817720292311986
20.723157495851225
8.442247187621582
-8.889720520864085
-10.997595099483771
-1.9022278256944152
3.6309445796413953
3.0457468200193976
1.0360996800297928
-2.3564803598049497
-5.548116951973299
-2.5661039131745254
4.3832582811786205
5.668924136451229
2.2750896054433083
3.6356047764377184
5.629086533054872
-4.798687789615309
-20.52706100183659
-17.374760943640116
8.024246807153913
28.7747270437464
22.538797528194024
-3.712878380532598
-25.98840156933087
-25.4032344853544
-1.5351498635248593
23.996187695248405
24.367469376438034
-1.9247809383765735
-25.32969176524344
-18.76848212648548
9.374304978947931
25.441633721484088
12.223864334304915
-11.194135774437388
-17.57727565899981
-7.486936115522045
-0.5023127964941249
1.1538858933428389
11.509064151229953
23.18338998075195
9.559984289335604
-24.76493400845025
-36.79339531553598
-6.105864057012669
31.426165083678338
30.92124278194726
-2.9844182090212663
-26.118789610042572
-14.275436214149467
10.231840273872164
14.97715003854848
-0.31924945111242886
-10.278430956876381
-2.586275612886032
5.886824669904819
-1.2158049144358214
-9.836271313901236
0.987385826612937
18.847571120703154
13.968369877072577
-12.391725403403102
-26.643347489798774
-9.65201129052277
16.753294146486205
19.459546432774772
0.5061003808255973
-8.161685446432408
1.755532436839558
2.7077507182531497
-13.85561456994456
-17.12673368454625
5.729094787393634
22.424036106263795
11.885958296723569
-2.94716120358147
-3.642639869627942
-6.223086165571054
-17.610068379883625
-13.565282058191503
12.699424837017618
27.63449815945061
9.858458039771016
-14.86075082908389
-14.462031967868691
3.208581178274378
6.778906239623048
-9.34056775702706
-15.565317040814458
5.552007476411023
26.684409767327004
15.3463325651026
-13.444392458963687
-19.065053946475146
0.5172451325997669
7.685787795405363
-9.05259478870426
-15.370574958635421
6.531475209561281
25.568158347627644
15.520290814046076
-5.9309395926966
-14.874280818539079
-15.041075626237316
-12.854010054485519
1.5720975881664172
23.689024730260936
22.848827685710365
-7.613276640173559
-26.72481578363388
-6.901956711456841
20.286705612384747
14.594446181474606
-12.523024506189712
-22.091865790539117
-5.439319575786577
13.18153584247374
15.918337614989488
7.250442570071338
-1.753879815986954
-6.387358524370452
-7.876206376282919
-7.947867696987165
-4.357113676531723
4.115533692251987
9.943739449453755
6.521305556736267
1.3605899913718518
2.234494443076096
-0.8457257146629317
-15.594965897999305
-21.766466165050133
1.3497744263622202
32.419077663172374
30.53365698232035
-6.03306966693365
-35.79636164010408
-26.333652118311736
8.87559344115559
27.783203289204728
10.853482253967176
-13.899889850044307
-11.487862490613043
8.702496491024139
11.89826747997037
-4.760111657894196
-11.852906928976976
0.3376442893501599
8.162838294594552
-1.4275740490588649
-9.42102697660228
-1.6574273635616747
6.892874842355836
3.595581136960754
0.7593766418176195
7.2410710956796
8.201134002697266
-7.064622016879673
-20.75230416351308
-11.541499009812961
9.281695248477826
13.05004616525202
0.5550757048147241
-1.0578413858327966
11.24706346453663
11.211452008520485
-8.468861876800693
-23.64385075563362
-16.39931161148552
4.917590929722142
20.5341196562478
17.09741273075247
-1.4208190938906056
-14.049945662557281
-6.108728141574262
8.11352768646708
4.344326306789939
-12.281991389079632
-13.186691997569842
7.1117003104015275
20.578753430812462
8.521130460207448
-11.478632868714978
-12.85705802923068
2.173904790446294
7.770337159582802
-5.312636656296405
-13.560106467047568
2.155737631225831
21.38325156032226
13.182746292177816
-12.011218135348223
-16.970858790391567
0.8673278687721728
7.833290144455505
-4.1145443837383056
-5.911014727113935
9.516310900163166
11.486953106347414
-9.42000097780382
-18.384724080600932
4.249203922611901
24.423407033468816
7.724232183459973
-21.877858051722164
-18.41192888097799
12.321662070147118
22.901726431936105
-0.780350045021291
-21.674765917112733
-11.995100140228436
9.249139245756753
13.361375788191372
3.737295960067688
-1.328455473440575
-1.2460381124779756
-3.9026773998585056
-5.185546199655715
0.10871296704479658
4.199476822316911
0.49973746265005076
-2.7779554641937105
1.5281724592261305
3.5547247586780752
-5.158544265167565
-10.057605699883876
4.452912931229781
21.783779267708653
12.450929680993355
-17.592473245586252
-29.130274723629146
-5.419483520954673
21.76171156470378
17.614692840102034
-5.880715741245776
-11.896507991448294
3.336777780354466
9.272736773873302
-4.7389321428372835
-12.604094107801782
0.6934394896522836
12.030154893534016
1.9668052892563992
-10.615037544517586
-3.520312019444573
9.809874603050503
7.269974570401225
-3.8995536128417747
-6.171240110797694
-1.8876654902130876
0.44516249999558527
2.0169207372388294
1.0520848157673879
-5.338747390586581
-5.144599391142615
9.611699089145224
18.564275337246468
2.2868563264147226
-20.7712513281946
-19.63322925600073
2.719211623874849
16.482822086697798
8.115994266353631
-6.006613365019241
-5.787814824885742
7.389325680875262
14.091725469646573
0.851185333045439
-20.929224431136177
-24.29009578805267
-0.19517768938806568
26.175049256211214
25.111995851212725
0.40069771324018033
-18.934063559450646
-17.298730335998805
-4.109244745246997
7.250727070196368
12.105546017812564
8.381602137697747
-3.195938681038162
-11.633513640315156
-5.625317151269022
7.176300879315197
8.19717811038942
-3.240324103336739
-8.368514025936204
0.44608238801941824
7.7814516806376455
1.4372425777273765
-7.760415724935535
-4.330073465040154
7.419105579314262
10.530523934973639
-0.04701154699928736
-11.055023934029247
-9.570105375396272
0.06070247174488949
5.652944017638138
5.712315137538632
5.324679151177244
3.343841229592528
-2.389903419251896
-8.273844647796368
-10.208157527272837
-4.190409400370836
11.28215722117312
21.108199321006563
4.546304972921498
-24.59587222911229
-24.12697299335908
10.797654635576475
31.678618860071516
9.948127534955587
-20.58031040956223
-20.694114312378314
-0.2829966139155657
11.062666191275882
9.522203880753422
6.343652996019053
1.0546427663504248
-8.518735235091961
-10.966526700257903
-0.5144910262085498
6.949481594263613
-0.0668219625632386
-6.249733985666606
3.707259186735744
15.772814230732553
8.368628933479817
-12.519214963304718
-22.423774793302414
-10.807987046731682
11.711659170607263
25.90543714860501
15.684023863904926
-13.744824069855676
-28.960683301444526
-7.511240327612418
21.47485517898835
14.831361891150916
-14.097695251527036
-14.450379444133864
15.40041021330568
23.233292473981457
-7.4743216066678695
-30.15881455004755
-13.417456591867266
15.034832625085963
20.739884750677543
7.185138284781558
-6.465044901184061
-11.94885171680789
-7.191050671523673
5.111547101881775
11.361667907174837
1.7885212129560781
-11.478562642948186
-9.604958448335788
5.10192053259366
13.17532779933671
5.50639245482398
-6.937243619086558
-9.689926205366852
-1.7239419147729032
6.00210134896593
5.14948816220372
-0.6038536997733787
-3.113838828170229
-2.1748285667610245
-2.147131042981902
-0.9449579383451487
4.619847937919577
7.594992126579025
0.9009504279166645
-7.540671697150009
-6.523106113951847
-0.03623526343962566
2.357880777470508
2.0357543059989793
3.051742864426737
1.9750871461594965
-1.3402935026878868
0.13570929821745015
4.139871748818958
-1.5349902125452375
-13.985408956454252
-11.433740890770007
11.50509385098751
26.03493985934853
7.855613879282961
-22.64510347921616
-24.625154746304826
6.101022600576395
28.573678756248068
10.692139010172138
-24.494648650569115
-26.547262934665
10.379747690833144
35.04108840957871
12.984791370125663
-23.120961325564664
-25.436545724283857
0.15533554740441582
14.667459445555926
8.55831365073156
1.8761575260121892
1.1534830856171139
-3.35466402075741
-9.619381551785741
-6.462250607608753
3.870940567366129
9.211904634836952
6.0967938316004044
-0.13556056041465683
-5.471529512927999
-7.331263869066733
-3.140743399830584
4.029096490245353
6.462691304844202
2.9057995304871627
-0.2740403765924381
-1.539619948427138
-5.190938428749531
-7.476760753003605
0.11815858205542992
10.330662083615618
6.905212263337074
-4.889259909365472
-4.231499421768633
6.452516079814371
3.575098602336029
-12.939142272672576
-15.045078321756815
4.798007937715277
18.21644440839436
8.06625944951658
-5.062685086362946
-1.7420184517389803
4.349869325279883
-4.452597385858289
-16.616817776005462
-11.678525320677645
6.183056357170893
17.47511593159342
15.603237271095052
6.384604768675353
-6.6944619281099955
-18.71232083863541
-17.483747435426647
0.7532388567768601
17.699418507321578
12.769588044915473
-5.394157202576772
-8.73930064974093
4.958547101165637
7.650697803323208
-7.582517370804464
-12.057395888578332
4.319883302743007
12.154107712754906
-2.359972405364283
-11.066261433427572
2.7794399502903926
12.527242431908311
-2.295905477671443
-16.16201392712486
-1.0352047690812654
21.291487765109668
11.596915074807049
-19.03349590854649
-22.94961611055971
5.777015460871665
21.566043468927894
3.770273906132678
-13.134991647098937
-2.9269985388933173
10.57762180667771
1.5140408521091866
-11.157852004365864
-0.7907258565907096
14.679111078711395
2.107720586126907
-23.830534127798263
-17.180384663863098
21.409028411588807
35.69418744446361
0.9902261247292021
-32.42263753393786
-18.819501888272125
13.556966395452493
17.636381733111733
-0.8228885185038358
-10.298743384033056
-5.600821478674904
1.063491833248272
6.679131638332215
11.467453553504233
6.951112178318604
-10.603753419476208
-23.805598410300956
-11.866817569254913
16.719818349304617
30.16062482193063
13.09581947608768
-16.488640965006823
-29.48273475344473
-14.343881718401306
12.676984841024844
22.61371461614688
6.869584082260153
-9.676360835113767
-4.132077493787763
8.39166505500544
1.5164366189918996
-14.740277938849545
-11.016896217054615
8.42833452296261
12.88918028971519
-1.216452952751597
-7.474801422266734
2.6572573855679438
9.812140923148249
2.7160394165709163
-9.157716420428649
-14.398467937474088
-8.274630916945382
7.9197593233328085
21.61708886840895
15.177372960082254
-9.942760484576795
-24.94908405170615
-7.616607179927269
20.008223366576793
16.317575468576727
-15.479469254957106
-27.386781837708998
-0.20304599622795808
28.350501060237523
23.389639867175166
-3.182695417638255
-21.94594720007362
-20.617669540311788
-2.695251577767684
17.113130602484276
18.743187803286936
0.5410394210156775
-14.271265132475554
-8.929305727381871
4.720417032453326
5.562954431974115
-6.456486206893643
-9.975424050236128
6.495032167174318
23.026200961281535
12.825995621833737
-16.34297311530417
-27.790559988534632
-7.099802590793779
16.701592905471536
14.431277535767155
-3.039738473942805
-8.670204547379374
-0.19998097286317798
7.113848783146567
7.388548982453448
1.5386255638382316
-10.472472015798015
-17.269264337780765
-2.6534455690771312
20.072624556685337
15.86522245413866
-12.702619665847555
-20.108264377144028
6.29165581552557
21.66857634075402
1.8025401285858396
-16.981711527380178
-6.199776628300228
8.51573761817413
1.0419034947172705
-9.443730706282492
1.2429838322844786
16.488222896968356
7.57878302556087
-15.557986297169895
-18.046242814536612
4.167812878402401
17.808893408252963
5.186346552743562
-9.386768384841742
-1.6912147537514248
11.215450369041328
0.6300734792195185
-21.358879246156896
-18.13864031065072
11.240259940131061
29.014889438063815
14.477569716165764
-11.112931259373905
-18.833820867516945
-8.013645677127972
2.244329123197695
4.406264437965146
6.192846050408434
7.388065270335825
-1.073568940288711
-13.231128895956523
-10.090697858988795
9.189004180152317
20.68362019754537
8.335281713118057
-13.363545060004267
-20.00398088511262
-8.920558160214135
3.820225660291651
9.784039024886024
12.74523870340124
11.498501948906462
0.7404369275675596
-12.034756775827603
-13.272478541974424
-5.192409451655731
-0.06510451048353173
1.5234797442036796
6.554344859315452
11.002875147090322
5.238351320800163
-6.1070226927120945
-8.21635709429628
0.14932650168177444
4.822902594990832
-0.04340229825399911
-4.899140393459811
-3.8364794708664243
-1.9825327496578087
-1.1214609153387438
3.9616291924490623
11.043801322360551
9.42591917383892
-2.0132836719747056
-11.095835843512035
-9.927519880969188
-3.116373207504231
1.503146496258163
1.3408907374490535
0.9809057561897966
6.963562483231069
15.346694528159157
11.199844302703218
-10.056107845202238
-28.68532577724281
-20.770342979198656
8.476623837223014
25.368827481122874
11.938172817952662
-6.31558505393621
-0.5521086488345002
12.284247215141507
-1.1269825742357895
-28.621081260718043
-26.098043175869332
13.39002778665865
41.95601255229973
18.192782530582296
-29.743383406328878
-32.861100434345374
15.656332339527344
39.22638708283645
-3.814246283773023
-48.71256726576707
-25.777300890145753
32.08659396315406
45.36667562669732
5.3083396997656465
-26.047471199073406
-13.907061955237916
8.435328967239128
3.782826319440089
-12.746504779257227
-8.4262767563761
10.162455223318718
11.979781309016253
-3.754281650130537
-7.963200641091963
6.820781695413053
14.333635912937424
-1.3453660034416035
-20.77967041059019
-16.963997438887617
8.222389832463067
24.61793391248999
11.684797344534246
-12.454248996270234
-15.759073624730094
0.17856219629232964
5.748131279598087
-4.843301775576457
-5.907112505662586
9.644425894479356
16.260795637902106
2.0604340550963105
-12.560140097023805
-10.64368477641472
0.40631396258281893
5.782996373086273
0.6746605862124647
-6.454862085150344
-2.367074649746942
11.86824498659661
16.113337632606637
-1.6394266506075428
-22.441822973329213
-18.29813906619483
8.039590119149448
23.668306364454804
9.439734239515445
-12.993355651907533
-13.084343048667789
3.1141691998331726
7.914745005105811
0.2774190985923389
-0.6596922394582265
2.803074343469935
-3.9992593726060757
-12.423492685437996
-4.899928345031275
11.18667164604694
16.783827133290103
9.855870243462352
-3.4295509116563565
-20.37071460748411
-25.623546916099027
-1.0578233965643755
31.805653166491883
27.64102131079922
-10.521093781918868
-29.083912915140647
-6.759546581451766
14.667672564682569
2.6378110764114027
-12.566386925410754
5.27440737076015
27.268082541090575
5.7206637147797466
-34.50545404499177
-28.04575236118953
19.641401124028427
36.87850071663201
2.0027566891879425
-27.41720033380294
-12.528409811615322
14.396586605501145
14.001639317599631
-4.988436749431604
-14.30878347650266
-5.785532517229916
10.035940700452759
16.66608450400649
3.5471966283704224
-16.617614708625727
-16.485434867532177
5.052866399146353
15.703366103097746
0.8661435481458896
-10.393085018074107
4.381265219013511
18.78260599122971
1.5014172317647674
-26.51648019194729
-22.905325145071192
8.510050646897644
25.974638025938546
13.31912589559827
-5.012398408863894
-7.7785586497385575
-2.8223546612858135
-3.9377801072944343
-6.694381572918499
-1.9505371269696195
4.911318951474459
5.901978566285589
4.210864317309305
2.5472203190434204
-1.884408396104981
-5.128254086410513
-1.6043624424831624
1.8875663014344406
-1.5196487618348669
-4.083571886753126
0.3041035353774037
2.959560427321149
-0.2580739762849388
1.0493762500116623
7.7907620447878205
4.6106124662539045
-8.710867551433514
-10.666663600710265
3.3492668236422474
9.991606628098467
-1.638867504654354
-12.044873234884914
-4.67758801791787
10.4223051137341
13.901383008630791
1.7345854981863578
-10.70404029626185
-7.843031402087039
3.0225337001216035
2.54485037663879
-5.780566825320759
-0.950300715959026
12.599831881598352
7.4450683666356
-14.3641124582711
-16.74958380545805
8.508588744255045
22.178314779658525
2.0857410554525977
-18.147084115857464
-5.852849181578961
15.323824770991642
6.352860834083943
-20.24009209895822
-19.68503194935114
12.660866655086684
32.51791151142711
11.931522655153422
-21.36551940533154
-23.94681639263585
2.452249060937126
15.225709101746578
-1.9373322059630051
-12.524269510456756
7.706952731628543
23.417640329965078
1.3005595098031526
-26.255073715999096
-14.831173830884586
14.966201888345608
15.512870110916941
-5.898309301745963
-8.431267455511627
5.451166857742178
3.458746723383766
-8.442712140521424
-1.8658429894336042
11.992449059114039
4.562606724953661
-10.925975621124337
-5.774168760426422
7.453160854045963
1.2662845523309538
-12.711506423374795
-5.625174582041098
15.942578186132822
20.3088763742614
0.23809626391785282
-19.326723936384347
-17.792463825538015
-0.2963116247476377
14.86576112407711
13.73480635181862
-2.862432975067161
-15.653431541585679
-6.462520263120413
13.277759905389694
14.884654964743206
-4.18970011037164
-16.047062054560737
-5.223821369103928
9.96192484380788
7.163773255466183
-7.540076794493876
-10.348333405646304
4.013846788262413
13.738164679702656
4.080433363071917
-8.262473854692033
-3.4390610352960382
6.799607789442204
0.16395483536828082
-15.100476820336509
-11.86343900036531
10.856959926694925
23.746867045841636
9.196763273922604
-14.687502003297372
-20.072476251663698
-4.306204140004341
12.774103637561893
15.36214474376416
2.950806420447646
-14.207275731838475
-18.8694040863233
-0.3670990611643287
23.65541770386688
20.440914110002396
-9.506859856245502
-26.50049376347359
-9.793115328173155
13.18697235718704
13.505782115526399
0.9834104403507776
-2.478062123296224
0.7687499444613257
-2.755668347214966
-9.566756037507893
-7.062918062603143
3.6287901150297825
11.284164507578254
10.957847676317781
4.415080236471564
-5.17498530112618
-12.364077572384742
-12.262136523806605
-5.218761912119689
5.416888762422747
14.696180512553594
14.70662296103981
1.9360597144881044
-13.02968060482285
-13.932986957255153
-0.48322536408931477
8.611268569978018
1.8654328361327828
-6.6224520928825905
0.08529533484353628
11.348609676922061
5.222063185822532
-11.82392964483013
-11.906224460113913
8.155595379773894
18.90843532031169
2.5981812374375415
-20.008295484595806
-18.97729231556424
3.6368675868295575
18.36495953702701
10.848434925790237
-0.8444836984518158
0.21160341500987223
2.2229647759893054
-10.029824648958419
-22.375971122631544
-10.340640473635524
18.94052176520861
30.689658083468814
9.631365394851986
-18.48826540976714
-21.50341671138352
-1.8207948301542611
10.997802515831653
2.143285645049986
-9.860696255124562
-2.4081330668813945
16.035763433667594
17.862420869773885
-2.008992610592997
-19.461997477787396
-16.19806541972137
-0.5190847410353597
8.455131091225859
4.5807552448677935
0.5466329558683258
8.123971246088084
15.027368852331739
1.4074571505780389
-21.563434801961556
-22.66329052643576
-0.13336018187828763
16.54571987223795
12.502646063866676
1.2054752044128962
-3.6266597055564715
-2.253129817448048
0.8618262017801255
2.352569891771345
-0.44299239309337
-5.678836900293976
-7.980583691393751
-5.141188660232415
1.963132545194687
11.384231935508152
15.85884092843743
6.2711697231387955
-12.753207094413208
-20.88684386431762
-6.410011545253619
14.177273120246104
14.976858641044425
-3.296360751474974
-14.332318483156813
-4.3084341174335625
11.395652348121935
12.787012083047198
-0.6662441007620357
-13.039763134802289
-9.852452972754747
4.916437188613461
10.383104235833775
-2.5949545722305265
-13.435341552462576
-1.73072514908265
18.265373619205896
18.11536554889135
-2.871068960335026
-20.25755694631542
-18.910537018778435
-5.239475248066294
9.463190312949251
19.578080872613096
17.764479346412305
-0.7695333519338428
-19.728493690202754
-15.710420301942769
3.5081392753343006
8.855037004133315
-1.795897312760312
-3.249020133785623
9.879722869570534
11.957834628949778
-8.991454823894268
-24.013549151455184
-4.675909768819441
26.90910208592466
25.45419435768176
-10.074532135213984
-33.807156974176465
-15.746397968731996
20.26086831932119
28.07971770885203
-1.5916226449120987
-28.410910910097975
-15.998994708442835
18.73459657421031
30.06216241166223
6.360648730307508
-18.562769301621966
-18.507151810292335
-7.346624192661397
-2.8725141304995785
4.566716817484217
19.246835646454443
17.165358082845696
-8.6650436807588
-21.944667102777746
-0.08606199087899709
21.835419554848922
5.199849879376975
-26.20423820532909
-21.776423280328736
13.647402942815138
27.16104300477549
3.564694567719727
-13.93270624168345
-0.0307601516866503
12.839551242577405
-3.694201208135746
-23.144270305755693
-11.112079938932682
16.38148620297773
21.329798446276435
2.4877255495863326
-12.02103180339194
-10.561100315017924
-2.8792449590932545
4.966608620995607
10.977206698530122
6.397139066644269
-9.169025711246949
-15.5966065412468
0.24035310411565164
18.07848278648493
10.321432032666035
-14.371351790949735
-20.142457140699893
2.473073393926808
20.551180920456527
10.25331959284064
-6.692700873220046
-4.805834976170227
0.8054861255073912
-9.942010578816523
-17.044015324204427
3.045984562123331
26.882910110161422
17.75112242732881
-13.07738382515393
-22.24710831514493
0.528505378243746
19.15911829735633
4.960152177171955
-22.148584955769426
-21.928273326389792
9.5881069040606
33.60042476009947
19.078246029359565
-16.643692767287824
-29.097187707054434
-5.450629566602348
17.72628086866048
8.47796419702818
-13.057994402403445
-8.703291735103784
15.888965074989292
19.614336410393744
-7.996667003875729
-26.470071354614287
-6.6826567684974885
20.683887067759905
13.893285740267338
-12.39608062889511
-15.255673856417737
5.080905203429507
13.316098726481231
2.130135879201603
-3.4378118450423543
2.5947248844734947
-1.1540108920259091
-16.7458470614657
-15.199633322720205
12.589369273649513
30.367194841353456
10.035098579003153
-20.00071230587985
-18.439492324021572
3.4820539239710353
7.882389639689671
-2.8573725344342042
-0.8748812523590774
7.945479298681948
0.5799842240222263
-9.340512660510292
2.019783170498799
14.122109240496055
-1.1569829851547486
-20.275035900868232
-8.930856163939037
15.245611974138654
16.55680689792903
-1.0355203909941795
-11.739133531311264
-8.165090583936454
1.3435691060945514
7.840559806997393
5.187370380938278
-3.1011359495637247
-5.552398181899441
-1.2055260091160318
0.47555946907121954
0.4923004149096219
5.741305517542281
7.735539231936424
-4.173613601911605
-16.399310735425868
-8.352202903662358
11.869815341668263
17.496438038316544
3.980967259310333
-7.891718812809743
-8.271207988657462
-6.881855951156376
-5.433644714275747
3.60046210319882
12.280915043278233
7.286090991468877
-2.775499451776321
-3.099072393048866
-0.28432663005085534
-5.477408398583654
-9.808260017135272
-1.1571570677658571
11.834733129342817
11.907484992324884
-0.908692270394073
-10.139227229079207
-6.195444481702254
3.204745906380365
6.161597414896836
-0.1073066543707779
-8.004475268040146
-5.669088777374206
7.822613417455239
14.413611001922384
1.3140284567524778
-14.303906922193319
-9.361124837910745
7.133998012154177
8.638461004144586
-5.437359003945027
-10.450205671457459
2.9349603616350532
16.072995629601497
11.036090551515871
-7.645341879128163
-20.020768580740857
-11.301038526412082
9.54657626582644
16.47089293126331
2.132275019205927
-9.740058537574749
-2.187871955531046
9.52992654125912
6.084694233864823
-8.079265249221631
-16.57321683500059
-9.331765594204738
11.158188051247048
25.595663854877817
13.341006675376875
-15.735457135312995
-27.475741068759024
-9.296164848573634
14.570373410994753
18.434553232089442
4.90823168032735
-6.915844838615921
-8.375477621060899
-4.805209031197164
-0.16210692877825034
6.154571858685599
8.876816770393974
-0.716268772520905
-16.20038696390956
-13.586543149611378
14.632927736750975
33.621006549228134
8.374884845541539
-34.10725679483405
-33.77707726792037
9.618034428903883
31.597555978518198
4.646211021153141
-19.22317185378437
0.7643945796091014
24.24220726882023
2.9648482252904635
-30.704133366369106
-17.90730857145121
22.800083695224664
24.68330603141794
-13.276169104418681
-25.247846500471205
7.957872398772723
28.336417075345334
1.8579771673406131
-28.1539126209597
-17.35016844091116
15.174072100618348
26.82294650656586
8.05072772696914
-18.803018783293275
-26.000318934248806
-3.600714957897979
24.81753004479238
23.245833401622278
-7.086635486404975
-24.590212088863744
-7.406908779650743
14.082210522258098
6.061007065113254
-14.386921592178888
-6.755655348379608
24.04442156226284
27.90394483785511
-13.137765231829404
-47.48834288002309
-23.09368766836661
33.26264339714684
48.27513598771828
3.7542901362488963
-39.853677421209476
-28.252571801904406
16.774722184012724
32.59723543602401
0.8755887179103303
-30.610343263810268
-16.26574391836184
23.338676475306368
31.926049356395556
-3.3220697882596744
-36.35708954629975
-24.354434652510253
19.155972083068345
40.88926275001506
12.281901028255865
-31.78127579300096
-34.35404576112878
6.514990593484246
33.684311489013425
12.586436900168595
-21.281106004095165
-19.57149156892423
8.61253505183043
19.075872816409998
2.2772975586499733
-11.077311034595777
-4.524664898854668
4.559732229592206
0.46489184410368095
-7.9854288281674615
-6.037514264770353
5.600185873584035
14.258679696297882
10.329775787578294
-4.507576127394372
-17.31200366466703
-12.544129348988132
8.068655831369902
18.245248002179498
0.3706217487571832
-20.7240927951771
-9.424066692336153
21.510764560161665
25.44655648386347
-5.56059073313058
-28.406931663809413
-15.16921704137253
10.629046781638555
15.567073373942804
1.0245630616273358
-8.178254358507663
-0.3672616527599
11.81276941445797
11.135205377301407
-4.088336032891523
-20.968540981948316
-23.72834978061921
-4.08655998225232
26.549381562110412
37.48798957109613
11.033119861176987
-27.442925771537958
-35.07900685762427
-7.334155913802137
17.900301230469374
15.142441787557534
0.6275637922344444
-1.9248173289469694
4.4298407072395936
3.4678037829109143
-7.280736456283285
-14.880497130301361
-7.469008196094189
10.31495596161122
18.687045489406845
6.380244347090358
-11.86385911098123
-14.285706318927115
-1.72490254944204
7.83722190786246
7.07635076018624
3.232069707215541
-0.0733427937970253
-5.3047246348005
-8.505565473894665
-3.3328844810833544
4.774698429987261
6.263228041194354
4.0867354668235985
4.08206647151591
-0.5704698979108418
-12.658899394425934
-13.959912618856125
6.965086991065406
25.351184195869372
10.75621167420476
-22.523589515942774
-28.960402194751918
2.6169274894029173
29.380682694121774
16.494584269670217
-11.819435994796507
-13.91920156975019
3.944480570212838
5.849778977426991
-10.952463044151378
-15.752834591411638
3.6317977311105696
23.583871827445595
18.180619371015965
-7.8190851688229275
-23.680879790578608
-10.255852749088783
13.279559327121786
14.115618554535905
-7.319694314341855
-17.95820442450608
-0.9241707182807475
20.722728541305894
17.947906539411402
-5.634401497365503
-21.902476124606647
-14.329349355721074
5.767688222020225
16.082189170788197
8.459381848524117
-5.77174715569675
-11.699537793879966
-5.439227191561725
6.247641178805493
13.629343398013209
10.343854418943215
-2.9481557583952487
-18.113108404525022
-22.092766065165673
-5.580788544313144
21.839053965629926
31.627157814783896
8.273239768118604
-23.488819231317905
-25.686742351946272
0.8430692966664869
17.744764672148424
5.770976661521199
-9.301376107031231
-1.8574730468731722
11.007738592250629
1.9055469306114536
-14.850424375954802
-7.489168575600202
13.412425214073576
11.972829083450911
-8.119161336713615
-10.872866456793446
7.318922794401675
11.899477435975538
-9.262489510558261
-22.328544061608667
-0.5288911117096865
29.595939890231485
24.299004205873015
-12.849007602608713
-36.52882681363681
-20.795173985502878
13.811935858605814
30.706661980336573
17.615226693877524
-5.546960600608212
-14.717204557558238
-9.472559657577696
-5.005406028084364
-5.389805324857734
-0.5577651823222154
11.818886314325285
17.28453527752916
5.625715754479148
-10.8659768346249
-14.66860650794576
-7.411930457763206
0.20867667527561065
7.225577393223146
12.88527648493504
8.639439932226741
-4.693268103885301
-13.019765516992962
-9.74270739880068
-0.9544729587048462
7.4035920912788455
11.103389953212249
5.651797280145328
-5.027678346222294
-8.742755266477108
-1.8251337481088585
4.4279827196981705
0.5963415520627245
-6.66507077997521
-4.769586219723576
6.662204701815168
14.276833002491884
6.615288163698468
-9.759204877682107
-15.398592032088587
-4.625025355969508
6.069951461262236
4.99184591223377
0.8836627912756572
2.959628065718811
6.505954543560916
4.188789236669252
-4.212190607459498
-13.05973961247687
-13.108688536819436
-0.2439289846778672
13.83555069492335
13.249356303882234
1.5407686593734724
-4.366252549213166
-1.7526544596296527
-1.6307374123929372
-5.492277141828148
-5.623335306543283
-1.8365375452829673
1.8964272492452738
7.261188860320566
12.119677935549927
6.104394160047758
-9.725343736537116
-17.141675786519762
-7.530305794513229
6.154830905089897
11.640768051817776
9.093817234425547
0.7947409612923655
-9.017704477071419
-10.122875946785776
0.7381398193604313
11.373926584489803
8.735685786769695
-5.108727478880232
-15.78481955755877
-11.068214135092338
7.365500408566218
22.233504408647608
14.191108183272133
-13.021954441592179
-27.036901480085884
-6.0100245837522435
23.463100145106562
18.457518990652083
-13.964382734905604
-23.936255635430744
3.3746738874659874
24.77599652050584
8.78471449570533
-17.739309849320794
-15.94714525894105
7.44200337504138
16.06997554033487
-0.453880600362766
-14.83253784653637
-7.002432438889633
7.757810391143923
10.311715016152352
6.317203912323698
3.115779376394298
-7.019426546053562
-19.47015167457702
-11.443726777360274
14.894826579213962
23.132770490547497
-0.07766517309447149
-18.84931743535276
-5.7398494948843695
14.906313061934728
10.663997443172876
-8.687438597854916
-14.748317851858538
-6.073083963778596
0.14875360799019077
3.7050961568573912
14.556803254408749
20.260186130663534
1.7781703206688761
-23.23726333936724
-20.49414817294524
3.040994038222104
10.40228434828435
-2.988632165529378
-5.230425406718274
14.71024134580205
25.244645711139494
0.8029795525634629
-33.21850129690798
-30.596052529656376
9.034088441732814
35.97518325894016
18.931588932325
-14.341747246212124
-21.927296576433516
-4.733075276341153
7.391516426636552
4.303946422141406
-0.07282975797853637
1.550904032139409
2.4818824599651292
-0.2829817744990475
-1.2011780528357652
1.508144993636299
1.2851014558147116
-5.821175601467804
-11.498162068540111
-3.4076922449053884
14.386883440582473
19.0830133629131
0.09737688139131934
-19.299000228039432
-13.18458129610213
7.946530380209326
15.662858201136281
4.5945965177953445
-9.688923050867077
-14.876368948112358
-6.597940241389118
10.731588421108816
19.712002752989843
7.149236124008627
-13.82240952408986
-17.81947370727491
-1.1266362316630776
14.147518461416064
9.578198343453389
-6.287317238204737
-10.464677742965847
1.2251977777202372
8.26892582271248
-0.3469837144317914
-7.573363499470887
0.7820756598773345
10.252952786983519
3.1573157997618404
-10.917329626997235
-11.11974127790191
2.7688863826571626
12.731837886163957
8.416188935050076
-3.1470951927335555
-9.267449605335011
-4.800084902830378
3.0642609136895542
2.590450697647415
-4.8172161351184535
-3.8002762894374205
8.556460135918586
13.326857078148631
0.9119059586372273
-10.981691231406232
-7.086133330911844
1.3148990441272894
-0.06146215858031229
-3.46259491396093
1.12424673486959
2.9615031090797053
-5.361274882608055
-4.95619419128972
13.522311704304718
21.587779361174345
0.978323939514512
-18.592440900160355
-11.060864869419508
1.845925947987148
-3.9370641580225927
-11.65932229095359
0.4898841656658558
19.427929349764007
20.458745543731503
3.96343936070809
-11.38714391958763
-15.606963614918797
-11.974699694369276
-4.313808396299374
6.031231688718892
13.893133399690464
12.496613535041016
2.191504466593686
-9.192111651341289
-12.979560549539665
-5.473000487163639
6.019980944245403
7.02526498584365
-2.1566505498136905
-1.7572715566373724
11.391776709158522
9.50989864067385
-15.87840565715626
-26.63037291715249
0.9754088464001182
29.704159842791693
19.14180926029892
-10.832290154424161
-18.7449802657254
-6.668497818747107
-1.0104191883357225
0.23709608522001574
11.94877528162168
19.07142241101411
0.9605425114046752
-23.021157059007827
-20.377692557375592
4.106509867685847
21.449575450495704
16.792492646120717
-4.068874615837884
-20.799381375261756
-13.029924590776327
10.691182198376126
18.694731908551596
2.935929763948789
-11.731663997056193
-9.468879078087447
-0.7326728497258487
2.913677763697329
2.8947650031076573
2.948724108707068
3.2521407519945447
3.659234536865797
2.545022047443859
-3.400759218391434
-12.001581456526983
-13.518463943564168
-1.6055300181758363
15.737060448838397
21.394775587880872
8.218812021476403
-11.118598339003396
-19.069565726630824
-12.497010852573236
0.2166699264519033
11.874386325436085
16.45484315927649
7.30289212097806
-12.168059615730519
-22.669495611366123
-7.018853071006882
23.691858007457203
32.43950672774275
-0.8331087711742509
-42.01745642701408
-35.177876974274675
18.22031446235956
48.978546627491
16.21740627952416
-29.822717038749246
-26.553368544569455
7.067369015299281
15.536042886387346
-1.4340157298761371
-7.478952450059226
1.4636942645468107
4.9697328248989345
1.2078257247088717
-0.4792388494890684
-1.7786579094905037
-3.4889565166515557
1.9894136159852827
10.482850517871947
5.034217452062073
-14.17117326904882
-22.88952354813886
-5.135557474537772
22.728504822168436
28.54553291709577
3.252631124307438
-24.122262015758892
-21.01125396960353
6.308529975161373
22.21806572914218
7.664873825888795
-18.751283660777272
-23.795428632999723
1.2088108823791246
27.34040042712459
22.363114731445386
-6.797798426152591
-22.74089481537893
-8.05288707192641
11.616696680357617
5.332751103014233
-15.743357328194167
-13.835319564993602
14.73468261146614
29.481787057253072
7.519608710229106
-20.355012211638943
-18.019141029477108
1.4376310063519238
3.9906210339384764
-4.786813184157462
3.805088513942457
18.942122181710545
5.655118413110152
-23.79919921901704
-20.77093604037903
16.58277028040657
33.826813322195086
4.499696847719315
-29.241289892479845
-22.72942676266707
6.928010657066171
16.715508808242646
4.054246898980133
-3.358996144235583
1.3994644928680837
2.890983608064741
-2.7212476946059443
-3.8776371122013678
1.691042484427749
2.5235436896665067
-4.626602333717388
-8.213961606382366
-1.548280126388952
8.2008401748548
12.363371892014586
7.691298481621901
-5.156470698201191
-16.99251159231211
-12.781618387623968
6.497945201638617
16.851377196823012
4.477809545945711
-10.086972630991788
-4.372556840191908
8.705416258929048
3.9283619851886193
-12.137919257030575
-10.617094505629225
11.005038231809964
19.973652194238586
-1.2074348487782145
-23.378523078433535
-13.212601603059449
15.663004064373645
22.563445947760325
-1.4241774467324337
-21.47952329677901
-9.695797357551674
14.197932843462103
13.850164461954785
-7.199727973096397
-14.006876339447631
1.834718775670374
12.054948533567547
1.4754690489037872
-10.07328246836612
-4.355685506909805
9.20500305722815
13.137725873992679
2.6906306049304054
-14.679827000823236
-22.832578830666105
-8.45067842891413
18.00169856183708
27.152885300557642
8.017242334534462
-13.87921121781779
-11.297174770297831
3.0026801283629023
-2.4714110536926746
-20.020462972669616
-10.772656607332513
24.76823669858116
38.609498703508336
9.887998316230316
-25.54481955863408
-32.37730084431629
-16.399606191364544
1.3251700170228067
14.071627035027715
23.275532141045044
24.18601540304756
9.238798866998769
-17.182120410209134
-34.036562302916145
-22.4234890920228
7.748621472854679
22.273761514153
7.536673335508806
-6.0992357346715025
6.994875982497733
20.463630905501798
1.344894392303717
-26.55506804752154
-20.862142877077392
5.535140421217669
9.454346582273699
-6.20717349881252
-2.422082665260751
22.54367596380125
28.00073250463059
-2.117486022076425
-33.96332487705479
-31.204177284158206
1.163845278144231
26.746799616275776
20.358466689148223
-4.885036565426673
-16.372090677288554
-3.6989002086784764
11.421409243640122
8.2480195877051
-5.815313437317505
-10.751539151861788
-3.292087652968892
4.217947783222765
4.075867755561414
-1.0798740283333434
-3.773213213307782
2.4285385676713864
12.46671383502418
9.782786485719699
-9.911340614135685
-24.301976364099602
-11.578984536197497
15.262824459911068
22.817690019665264
4.273868071707241
-13.110095424612886
-10.257396382693708
1.7128154107358204
7.094396376954889
5.983915668772691
1.946146288356507
-7.318506883995387
-17.16589459567088
-11.444665301106946
13.960551405314352
32.738531922595726
15.61874399050804
-23.451510699555666
-36.21087731117114
-5.362113227734027
29.061221244173602
25.228834130153274
-8.10026052619374
-30.885939823215118
-18.15171724226491
18.328112411000816
36.88764690050617
9.935991553514658
-30.069014376275636
-28.200418205616025
9.026761910288176
25.825779391282932
6.630926240341786
-13.258425453757724
-14.72794898687224
-8.116168894141303
4.232689537532653
21.8735599415989
23.440925352025808
-2.105070991143505
-26.446744691807424
-22.42978581256603
-3.485085368657004
6.6987286855041
10.254450870640989
16.941887197557016
18.560872572719532
2.5567849828252354
-22.433356624372543
-30.438331202264536
-9.79719211408671
18.04147162551551
22.246252499439723
2.090237279048817
-10.993696976608737
2.7649159573585536
18.558017085124792
1.708645111421948
-31.176495114082098
-29.027999709266613
11.440367101598
35.73682792004162
16.530377913301102
-10.607558083002301
-13.069014764477737
-4.9920823276735025
-5.525575951302121
-4.647494261035334
6.881477413134163
13.350224574888736
2.591858337516506
-9.890998763616983
-6.74704732495293
3.563879331539154
6.40109498601993
5.1065300433978384
2.89051008255436
-8.517655563062693
-19.31998990246634
-4.488254887858925
22.821056308842756
18.016603654125273
-15.67355390505535
-21.98574803183287
13.25363396660268
31.903853751110653
-1.6004065073485376
-38.87499940500432
-24.1219543630897
18.588729866640936
29.42272071421043
7.247536489862265
-4.292394810475036
0.22179526930137916
-8.7961514967564
-24.111120801767388
-9.870937018313166
22.888841127327904
24.874631860676207
-5.8232259996500835
-18.623692017216488
3.2529138601326704
17.560237626386336
-2.7207082121381974
-25.7872934492765
-14.444021659150145
16.965222694817644
27.121353220432955
5.8531559330219025
-18.085600947852985
-17.60959314010359
2.1488968889648077
15.030540487395637
8.076835858768545
-5.72776156746304
-10.584250458490969
-6.8155064139129555
0.03993536474673992
8.956888839839126
14.550957910136614
7.601832110923625
-9.001504483122613
-18.987982757628924
-11.757683870662177
5.2761350328699566
15.667748592028225
11.68489243839582
1.136982137733301
-4.205368965551912
-5.147734376746186
-11.422016169394228
-17.842909447254083
-3.4294902958290567
28.379180429185332
35.894479432946746
-1.2565994914202425
-38.58057090017086
-26.58610483812321
14.656037103199656
28.577343545298007
4.745525326975166
-18.450023955031245
-15.93375508115934
1.3157319785844572
15.43275342161937
18.453151721784167
5.745571008868585
-17.576444351987444
-27.360181703780853
-5.920196949712021
24.065211548391677
22.825166868217423
-6.013233349780867
-18.54922350959068
-2.435904171897249
7.230004137962819
-3.48671934717856
-5.899730668192539
9.307348416378856
13.546016662496386
-2.871923179639712
-13.58331235605335
-5.548114298332578
2.475010983074841
-0.9538223333771547
-1.363229908085338
9.681183069111928
15.244356345079863
2.3222757495831368
-13.860696461262975
-14.826177065113995
-7.161145421759486
-3.346582914867875
4.025628484756242
20.980939737904777
26.758481433805233
3.0196633060293228
-28.6084282918621
-31.031900079542684
-3.477394254589325
18.744933120732565
13.880244299855352
-0.22878029117344734
0.5883893595265814
8.117399097234554
0.8386665147237016
-14.264724130156125
-13.078348224919234
3.367878794320811
11.680742367695158
2.87634677230381
-8.465195983050444
-4.952262627442847
12.301709796507259
18.13474310722702
-5.960519480819812
-31.4430758102717
-14.20511760926482
28.107415581011704
32.457077192187874
-8.5590128050258
-34.48077910227609
-14.203546834264811
15.864555335268145
19.978977229437866
7.2032237601282745
-3.0922271773756083
-9.915206457773865
-13.012305776099442
-5.228479794495372
7.314659739454385
9.189537018552448
3.63776355548202
5.023606204098803
6.825251193795373
-6.770760211198374
-23.020984525439857
-13.929546716373778
14.355875649891386
24.38276967105142
4.2656756795969875
-14.555723220745662
-7.33871081665209
8.883966754888359
7.175370820367716
-7.723059563551058
-11.545033373463937
-0.56785339729089
6.176138465044099
2.501979098238381
2.130773526207347
6.057354381650837
0.32766558987622835
-9.36490137395307
-3.548089008859189
10.205699193591187
5.98764532429
-13.349548300847454
-17.638902449027512
2.6277641943519363
21.722862553546204
16.45407247580265
-3.8318141856610324
-14.28897336510479
-8.565525209540764
-1.761545460085894
-2.5096007868334724
-0.5331092589036444
9.999436592653257
14.406265810820516
1.0123373432577076
-15.043362813004144
-10.92469447764547
8.173607973758559
13.22604594795146
-4.012739849592557
-15.455083217309571
-2.829418807712474
11.813833154628698
6.963410146698138
-3.315574084804976
-1.4999525027789984
3.3429328085964842
-0.6244746045514853
-6.680897173073337
-5.942920925521302
-0.22067718310650258
5.749044018851285
7.673620769826071
2.6739604236374115
-3.3353374783899294
-2.368147170653354
0.34207822906575097
-3.632485559107558
-7.0301362690995255
0.545522173730066
10.07760907396384
4.844822107799263
-10.00751216423686
-10.662868095154117
8.699498192760267
22.817883795089987
10.916726488507177
-13.994748570871037
-26.486713870371492
-19.99846166045606
-2.3695570422711376
18.79948009484072
31.827944341505685
22.631765068874866
-5.122130465417692
-27.18491834239157
-25.421022406946392
-7.333795270746402
6.035943771480258
7.343939233711227
9.274721080034078
17.53070028125969
15.210798518806344
-6.417905501153382
-24.420133231763916
-17.336092533089783
1.4843027995138451
7.837821345696833
2.8934771128942987
4.214334095801737
13.931815182290249
13.65223255340588
-8.329508758181413
-32.018838675331665
-22.027877181248975
20.410798991332467
43.60820343907999
12.377898794112129
-35.15728808178358
-37.78639694024438
3.4303592873451696
33.02115345357392
20.388857088831585
-8.353976841134767
-16.91334182756753
-4.845365885808874
5.297620775968373
3.4267001695307338
-3.4717981173631696
-5.983021936596537
0.6716312726392103
10.2725586665045
7.654274340589279
-6.554623473226603
-9.939612821815658
2.99734895142697
7.155377795209984
-5.603360989543006
-8.276688425033006
7.904781294530325
12.658154984226561
-6.0820246406522855
-16.60526231138261
-0.29320270102483564
15.694947355608544
8.112433032384365
-5.755317797884589
-6.311898171554235
-3.291039930964899
-6.084806786469927
-3.4270175665843254
8.811875603433966
15.112612552355396
6.353326961740574
-7.8051513262203756
-14.38414505219397
-9.154897411583068
2.021227866132501
7.603961233704194
4.403766385206962
3.690230396138544
9.486668860991557
4.372510455501376
-17.83208842169458
-25.940892768430345
2.710754403162523
32.77460187104355
17.878035779001664
-21.59673692900164
-25.343849709635148
10.884208599533691
27.502646173495304
-3.033690492944589
-32.4409777510326
-13.983312732167347
26.0357083877368
30.83852588676417
-3.806406743889391
-28.101039429802505
-11.944601326084538
15.206656570810742
13.246474197834072
-8.815915772157393
-13.72938561361515
3.584023058779965
13.82613707178487
2.4928035740066155
-10.744192299370841
-5.063945453458564
9.937098075032548
9.982052734329372
-5.92990878882728
-14.337534768337722
-3.686384367036135
9.832404445892475
8.397552668255011
-2.837690590342259
-6.886762478122497
-0.6127928533492469
3.126792955450605
-1.7482609107616538
-2.8178496450821084
9.121356899325345
17.064521035276197
-0.6854563979195796
-29.395610841668013
-29.14779656490907
7.237390947868771
38.33250866228734
28.215901321300883
-7.962048725174758
-28.048123393843746
-16.819985298928582
3.0211899800561968
8.844482353239815
5.230245796813684
4.752408911047637
3.0416449307640008
-6.2068970479499335
-10.029305027371512
2.144941827689578
13.806505136382844
6.803192004179345
-8.92304809269943
-13.733137072801611
-4.930403069905707
6.755582744322757
9.74731963695856
1.6546705178361467
-5.208598121947137
0.14949584458227946
8.725535108986818
5.382340728944712
-8.149505365149194
-17.747763988505678
-13.125432214463274
5.1241435385140095
23.228094406642043
22.73716453751686
2.144690114455462
-18.342381326567534
-21.623865565469966
-11.234745687416437
2.2335891579409726
15.378569966121605
22.146122780521612
9.781807115693734
-16.564261325474014
-26.00983736942666
-4.282930094643382
18.584689555030955
12.411656134441062
-6.4263484034951
-5.910013534390836
7.529964016194249
4.276213775201065
-13.387442977921156
-14.047463929758935
6.397243486947474
16.195185988054302
3.874646419797215
-4.672252053663543
1.6769376434962862
0.584336400480936
-13.4076416781783
-11.748085524194503
12.620838917923603
22.79526712144876
-1.0523426922086336
-24.099168761599095
-11.966313392234932
16.277498616835828
21.540517170168613
0.07742980652110473
-20.39811765027884
-18.369122101905933
3.2830037323681034
22.461919726983457
17.827875291362336
-6.367038514364055
-22.365389165208867
-12.931308709205778
9.167536000639341
19.10765578239966
6.536796070806983
-13.947116165389492
-16.179194024855562
4.636903156224264
19.660423274051126
5.018089236199733
-19.106209000680774
-15.253222565983423
12.790602645601787
23.151447375241517
0.7129768258773229
-19.766928900631473
-9.714576267620926
10.601566046031769
8.711719501435057
-8.72092642459226
-10.719931377286388
6.653564680269
15.974972414464084
3.3099351202916822
-12.346271257908988
-10.12996175139125
4.043989175346822
9.36542713943439
0.49946937457575075
-6.822806048238734
-2.4002809687422855
3.496504001109856
1.4519505557509638
-1.554641349262429
0.6265176365049365
1.805546921274772
-1.3201432480319166
-1.3135313487642004
4.224130771276785
4.8501835459028735
-4.082052779794838
-9.545965255852956
-2.8229294363660054
3.216442983477658
-0.9617657537138864
-0.6292563680105947
13.201288676321491
17.87750061690782
-4.128162315668612
-26.931308844664905
-17.493479119555687
10.517558205680482
18.948339264846513
3.75020891422927
-8.211712812928
-5.588651261409484
0.8621017959355639
5.060181149645469
8.787828097702079
7.429678076019185
-5.8177575758713695
-23.07014414441871
-21.884070820581012
6.807951114989565
35.32969908666387
27.56097382596757
-8.51215757199756
-28.89943937549785
-16.12705807831428
3.201889417464414
6.411888008069648
2.9569493686382917
5.914524816432218
7.798708093495399
0.451416082841917
-5.852178278338878
-1.9079124141402528
1.7829827066027615
-4.65391172667449
-9.456659681403671
-0.1054042823506442
10.639557457186736
5.37758350621219
-4.7924762090890285
0.33241878320129237
9.909394544221449
0.5161155131113108
-16.476876628675015
-10.865545269231614
11.535148845915094
15.908187649481123
-3.9072891634244176
-17.15268217287717
-5.850198254680988
13.177591034338919
18.39850703186707
6.695910886689627
-12.819850090853333
-23.83955385768131
-10.826622025018482
15.569888504544336
21.114746643156728
-1.8250085679958836
-17.000212686314878
-0.6248022726472009
19.949366724463015
10.273210810694788
-17.84365606476081
-25.335040576199773
-2.8112896983266684
18.825713335762035
14.816392675841282
-1.2534387944646928
-5.029502649966464
0.8641349800259416
0.2295607595203347
-4.48966377172591
-2.787611971888288
-0.6195849380836037
-4.457869587636181
-3.497450521574255
6.449247500470489
10.489091472548713
2.9638288761489813
-3.965564321767447
-4.083400346432605
-1.0401826021163885
2.6630626829999167
2.2668665236535204
-5.770508844244598
-11.097782399856387
-2.5907833122796107
10.210709017238617
11.55990922153283
4.4473690371339885
-0.27993027624542904
-4.274101269443636
-10.563778440333047
-9.725927646295348
2.544920309336367
11.078058251762434
4.07130424446788
-4.907042127996209
1.0579339931596625
10.517919903037992
0.822838101058933
-19.108627487150972
-16.20143148623124
12.674021806459201
28.304509265134
6.030801278312272
-24.223825250185374
-20.28859806649103
9.328863079579309
19.110257651095644
-1.792116959507072
-12.747069685093496
7.9853734380685575
20.88946969496584
-7.13947428534579
-36.2418767342612
-14.578682661355664
31.3233120065202
35.26291884431853
-6.3239572281623655
-33.56109584323954
-13.017594278019898
20.56826517829586
19.894815957700295
-9.318138089353848
-22.98457536046608
-4.197601638885636
18.266932032176946
16.356736779887925
-2.1295411730206113
-13.729391643033447
-11.372863527475257
-2.3120346297915746
7.3896066029891125
12.155564140521111
6.685155184520824
-4.31147177189955
-9.119675783363826
-4.440160502485231
0.8469343722917333
-1.0517503531879158
-3.557740894724063
4.30609266862674
13.678141626546527
5.077946609698711
-13.611608246817484
-12.687859299116672
8.863168017586073
16.93824470187325
-3.189490586271085
-22.364436997180352
-12.4820583488388
13.83737228331348
24.759180081565315
9.27236697597397
-14.663228460515828
-19.885563752084575
0.21286216107476974
18.70765664733231
8.029317697662064
-18.24763260266242
-23.00536256787194
0.7739620040566035
22.364962956063614
17.57493601158532
-2.0169407646961237
-9.923897391434062
-1.002045973265153
6.962499926717747
2.181161885976151
-8.862289228736037
-16.044936974988566
-13.631688481881408
2.1215114938066377
23.23276569964962
26.280211908879668
2.4540912908646244
-20.001809324949374
-13.121897391601529
4.851670600943932
-0.044327431378164694
-15.565002731735886
-4.1885624594282955
23.43334330667848
20.218961739109016
-12.310739408853017
-21.87602433413005
3.3827691540737708
16.191412980656164
-2.8203064905567685
-14.743401042075135
1.7757404996613002
15.449437711317906
3.878081387460635
-11.241379393116283
-8.997971037742776
-0.3121001678060949
1.1615699775740098
2.731307934060758
12.081878951766303
16.08046508768345
-0.6449391519337959
-24.683295139621794
-25.471076445812866
-0.5618373989651331
19.10495353237299
16.480424655993698
7.327417060737344
3.7711830382718823
-3.086057757240424
-14.561535374464462
-15.215770294800897
-2.4232875692286666
6.84036470728854
6.301706115286206
7.105138159297478
9.675324610725234
1.5875908022048346
-12.582492829586084
-12.522084789684543
2.8269561513499837
10.593633659951612
-0.7571061021036081
-12.700696107106253
-3.4265763207035995
17.206908237699164
18.475714943867967
-4.497294415695336
-21.141177755380596
-11.965942953732057
4.804459598945696
7.172451339835757
1.5110554891837016
3.456238781956647
9.272635221458241
5.2672947449634036
-7.934236026518863
-16.43520009095914
-10.8318965952249
5.512806846541943
17.974264047284212
10.809211695033913
-10.351397736068266
-15.619429638038865
6.546691409786261
22.200716221677713
1.6866539042002193
-27.01531311873962
-19.474862492549075
13.095213174420955
23.3972292086491
3.1754743142190724
-11.780860035806658
-2.9554023716928954
9.462514944165287
4.614730724329512
-11.527498892694155
-17.95788806252364
-4.052573224162279
16.715885520364456
20.63307884848564
3.3532884415105
-14.346773423499476
-12.61853039980148
3.830700774229299
10.953439902569336
-3.615575956515395
-18.994856714303403
-7.118836350111696
21.78523267963553
27.401938499302705
-1.2874454021443322
-26.609116906649273
-17.842906144408058
6.548572975721461
14.900268255927376
6.435327445873664
-3.7210916030305974
-9.649023952259403
-7.8726780078215475
4.561891605334344
16.98927232146026
12.716123386535466
-6.877963100964123
-20.1400681784744
-11.371931479200063
7.660152960055383
11.177999339859513
-4.6150497341663685
-12.28753859614554
6.905358833449921
28.2575524824934
16.031625205559298
-20.241874673366674
-35.98896013315539
-12.635136435446828
19.76992015156061
22.408207473049373
-2.2339719864849314
-13.519610631423587
6.022235384275852
20.55182164890882
-0.44270634162793165
-28.91585787584344
-21.737398329826433
13.339518686545901
31.58227751520373
12.851115003178924
-17.60544061058572
-24.60460801630475
-4.164366578231324
15.587206682206634
12.422454901275385
-1.9982332955735491
-4.439732091381149
2.186558054169924
-0.6395125449053306
-9.112531681646562
-4.459755380672756
8.316292370134544
6.8247661667715525
-6.794414495082079
-7.641632025121686
7.990380757388839
14.878766636981558
0.011684933247905913
-16.72081197223092
-12.882145649316541
4.961902363999378
14.134271740868565
8.14299678924143
-1.7917940281133207
-8.692305550103871
-11.652316607125583
-4.678438718966854
11.693904306952371
18.20626048342998
2.466740361057363
-15.913461101727924
-13.059183039429232
1.7576078823191854
5.929373740802989
2.117334363280318
4.7400862632207925
8.117923676892103
0.7348113636708932
-8.54901261805312
-7.211416174404406
-2.210700159974695
-2.508879038513736
0.1896484630013382
10.305549302518424
11.388289444628757
-4.378339702041581
-14.524057754976207
-2.044917009783323
12.523882419698577
4.033396606205283
-14.667836642293803
-12.364547478921814
11.80680112391466
25.910588486230367
10.035389291013889
-17.48846929510257
-26.59449985952781
-12.603650144017115
5.884548920068671
14.823160493256536
15.413810418987614
12.027201126856486
3.2974169419068615
-10.698156943779644
-19.99814916027402
-13.877234282870695
2.5028609724373148
12.17614736489836
8.400544654491412
1.5970240181986732
2.2380844092284677
5.868459388077429
1.1933901867148264
-10.417052032971878
-14.663430421237265
-5.721393171390847
6.327661512660779
11.628303876634401
8.75280636734382
-0.08460747342925885
-7.504104915195796
-3.801080818993079
6.9336074299344395
6.702560061053835
-9.676995491651022
-21.152210606870476
-7.382317008264684
20.023350707432115
29.460261485626308
8.630793508277971
-21.41810457213003
-29.419264712303693
-6.150462892609767
22.726580612445595
22.291053370114287
-6.425667197963594
-24.08075803027664
-7.895917384580733
16.189167311251122
15.901719161677239
-1.0099904862089049
-9.095924855976568
-5.936733808164131
-2.662026281284019
0.20537867695174558
4.0958019127706935
2.737780056510717
-3.1497593578766194
-1.7505750768371926
8.060046611373377
9.041882781790525
-6.71112826018483
-19.062492532005535
-8.25988378560939
13.021860597941878
18.549496319550215
5.886538074456268
-6.735158789974711
-10.043515509894535
-9.165654079254208
-5.036338309580479
5.650956031505727
12.248630201198106
2.2144609098159918
-8.901275658532144
1.0745756721707653
15.26005377267924
3.2694926235555353
-19.28157248714296
-14.881331046443895
6.921835485804524
7.6960039803325895
-7.006343962646422
0.7796872859009656
25.656220166801052
20.96148062795336
-19.75165704458293
-42.71405620348511
-14.260598332619535
26.72385195535063
28.869844742363803
1.8620296458571242
-12.137407491013706
-6.490393772822262
-3.1286317863275186
-5.616136442123759
-0.7540316932278015
10.264142250669348
11.322972002107708
-2.1943070207004087
-13.049961290317155
-6.285794760499749
7.205789550022555
8.10887302762013
-1.744904951908789
-7.3885161898403355
-4.590897711267839
1.7719443107229864
7.958199491406868
8.747623264228183
0.5177018940844386
-8.831961199265505
-8.974740353085949
-3.0645100509085297
1.470004962578791
6.772299266698129
11.961939727830625
5.30316397461121
-11.871573165403495
-16.753082268938563
-0.7852431526801114
12.599401555476097
6.415892566876966
-3.0902819200855456
0.5327147329141384
4.926679025713497
-3.9967280610851654
-12.795908348141065
-2.309651310813147
16.747542291349852
13.791088547947725
-14.167726406747839
-28.502665239865355
-2.977377039180931
31.00102089881536
27.268628627338966
-7.573158489352815
-28.33126797448281
-16.850737283989837
3.6716905410283096
11.904470902930587
11.50261786267371
8.284078629985288
-2.712039933608981
-15.329664263708036
-10.359677242115941
9.296585291858994
15.43901738488516
-0.35972885934952387
-13.410343354059618
-7.77276980140528
2.9006346980626834
5.6081014471964075
6.579379501450045
8.867533677861832
1.6645223635802362
-14.235004033703387
-17.859677426345055
-1.0766302755064903
14.672293871623383
11.717809723910541
2.1435202627860854
1.352263046687008
0.3149532915640869
-11.64651325656188
-18.87377215479616
-3.477334926453634
19.113611944452977
19.646961029058374
-0.42737488976814275
-13.98159793300385
-10.075999478058405
-1.1977961506589772
4.475084485777215
9.00372338671255
8.530148180958646
-2.7533874834000756
-15.372538210868766
-12.278779276522691
5.297725898750144
16.438563285178155
9.211969885570053
-4.647221407154945
-9.328021347313726
-4.05180766301294
2.019024398349391
2.190561509367989
-2.0096267396111416
-2.977397076194607
3.001385254213161
9.648468685728588
7.422222645412498
-5.7481244624959285
-18.623140581573526
-13.759206331581389
9.34422780231206
24.8824891597492
12.34140968335973
-11.866102246969612
-17.445184089886833
-4.093275301557033
5.110246814100188
3.1054117768223857
1.4946172885076707
3.6027411722531397
2.5259197058471465
-2.5551466237637226
-6.6693113794574455
-5.690971556877483
3.2739529519035373
14.003216798411652
9.852820150100468
-9.862688688578325
-18.363929857039448
-1.964339302686469
12.023017812262138
0.35386538997329775
-12.065147779228672
5.161198870291946
27.637693534527042
10.798087589272914
-30.208403265970023
-34.85871288273895
7.278808791387434
36.44659311023803
14.781655012598936
-18.70995681873709
-15.791130831571397
7.501077486854571
8.714850437253887
-7.365254334400802
-7.227339171449521
5.799827660883732
3.685365222935162
-7.815181605532413
-1.0721673925489503
17.110368467474398
14.105736549785126
-11.16330362610095
-24.761385637366637
-11.721735896178915
5.971782272117212
11.822500888931492
15.275135176844334
17.317883014069047
0.5329815692133195
-27.494540207389544
-28.847285492975015
3.6347458439032603
27.535917946661836
15.427992127154543
-7.919780080877064
-12.33535270065191
-2.996949794974703
2.917955617591855
4.417684443187176
5.841262762080978
2.6083643272468824
-7.725476595865406
-14.126584463383535
-6.174201654476107
8.218040357966734
14.51431698780529
12.122886929716591
5.7140489376408
-8.198555478973862
-24.560353341621507
-21.50155898942768
6.627581740551787
29.976444810920814
21.07285498873216
-6.321252664689195
-18.578443606353805
-8.755008723073045
1.8229369413777587
0.9269249188196462
-1.646296945757334
2.2090537012116864
6.40701824158119
4.656187893134499
-0.2075269555719279
-2.1234623832686808
0.7576234167794287
1.5268835648147558
-9.013033355340104
-21.01382484452404
-7.380734576065009
29.79033389930603
41.57624016134621
0.2140789773477068
-45.61570334666947
-34.149491522817385
17.21616471079478
37.601475051720996
5.432860935173148
-27.050475831567432
-15.44036750834328
16.60007970854612
21.7430058342062
-1.4890312483482575
-17.4102762335528
-8.914429442845853
6.72020846731828
8.122713826352173
-3.0282572711472384
-7.2833681184752
3.4433318220661318
11.767916646239104
0.8107311756312126
-15.532109911076668
-10.159439044888217
12.242196420660513
17.71696839126201
-2.8608059946728566
-17.678771536418093
-5.776779119117263
11.942821276524704
10.254346421300253
-4.1472402306930025
-9.883430812715332
-2.0836946487205403
6.222572398359882
3.8434599779446073
-4.731810142597696
-5.839954401687327
3.5196903055217224
9.625171610616203
2.3487182008326366
-7.805675212076079
-5.492567116575329
3.9455192610322856
2.412528018906775
-8.504245537619866
-6.079195029033763
13.032238954582068
18.856884685585687
-3.433206616988888
-22.42721641209167
-9.939576659493992
11.16948328066112
7.889660231165716
-6.015034036106653
0.9397604660063088
17.884888081920177
9.340837222055143
-21.078121518349146
-31.245613828211006
-4.2531001537200614
26.55798503805962
26.07932633518033
2.5202077163776053
-13.035502864762472
-11.425727149694723
-6.3787962407319
-4.0461306946245195
1.5654325680907393
8.661290198111583
7.925508944341424
0.5798730794560943
-3.694985959130937
-3.5893260177639337
-3.4916497708134724
-0.2486542786172689
8.292931415567107
9.146365072886363
-7.704786346991059
-23.226055887089316
-10.570775844922661
19.868593420317218
29.789937211302597
8.873108863230122
-13.899121303379177
-18.494835439016622
-15.684461530160243
-12.941700049285439
2.148194722689702
28.172812569543474
34.991318183653036
6.67822481425372
-27.522400568550303
-31.280691373088693
-9.484275924116824
7.6002700551259395
10.637188065191552
12.015111396284711
12.644341772011124
1.948685871519131
-12.959764314102662
-12.374103207028366
1.1485534226807639
6.208138567975987
0.5651973761750637
0.20841812458314057
2.6395873866741706
-7.132230156481719
-15.902230765532503
2.235389784942378
29.378339861950785
21.341178603178598
-15.112267513653675
-27.217105528550217
-3.474352448036278
11.80458127837815
-1.5561059833544764
-11.945014807297865
0.4826666167877519
13.151238268122457
9.063625583376583
3.4497348383901594
5.385264735879439
-1.2238162792076082
-19.216052901186234
-22.269453373547503
1.3445994591347679
23.778121362241556
17.238224450954597
-6.605490372637192
-15.759787824697508
-2.2503161025214884
11.187827546036907
6.406073983219561
-7.220826546477036
-11.703800930768613
-3.798371966924211
8.693793571653996
16.566029350663687
11.015414750847112
-7.639935404000339
-22.8574410836326
-18.37245473783635
-0.024053439076826666
12.618149832110142
13.430129368998761
12.300782832288165
12.103346713707435
2.9211340643897685
-16.309048780012613
-27.552161703295532
-15.897944517274341
7.04049890497852
17.47379844798902
13.87759409713294
12.934626931435519
11.352549557600769
-9.337880333485257
-34.33485069785897
-24.370314790465677
14.552075066910753
30.45763606250736
9.232134610868421
-7.259806387226138
-0.7730878793817717
-1.894271258602953
-19.60151660894122
-17.887243540330786
15.16134667235335
36.426040855663885
13.011563873444764
-25.854229722713463
-30.546959800128075
1.7647099613849986
27.369588571013256
14.270832746844926
-18.277345169742194
-26.22123568215757
-0.08881443685222482
23.946297179692326
18.7415924623176
1.1175843088425514
-5.229974073615118
-7.812726951188008
-19.018659844039767
-21.734881518206876
2.8058290787072226
32.63809177904053
29.308644093657346
-4.441339350808314
-26.55201228560347
-14.447154372646386
7.77711005213563
9.232273018274238
-4.393231120126135
-7.040724359805979
4.173408399319329
9.314842073731176
1.3068844025503505
-5.828047802197523
-2.020452753773051
4.709504333184155
1.7742813089901661
-8.263406275448999
-9.307776638284667
3.6972072824023963
13.598087055634291
6.502591993707315
-5.083667915235901
-3.4992976347614375
2.698059302872124
-5.385821305418611
-18.54873950947962
-9.076390322301256
21.40832829549945
35.49784870750794
10.405570530118537
-28.215553736365642
-36.88941871582573
-8.308650949410904
21.647750087670442
22.33695027708725
3.934978737173336
-7.137511316888122
-5.461280558862327
-1.39335595292129
0.23538622223207334
0.2520167543005994
-1.2783051043463338
-3.41246214405388
-3.0757552133648454
1.6132396091520425
6.22894215079673
3.5773945968960343
-2.31515132540953
0.49846402924228694
7.806763693420134
1.3323268616613477
-17.09958809696418
-20.135419406002846
4.033790541297735
27.898178635577654
20.5045425007263
-8.218022143826628
-22.293718730481302
-9.370041077717271
8.281840792007404
7.7909149145477254
-6.6253344357558746
-11.16809102425593
5.333400596211651
22.267024423276073
13.633245926014874
-12.461752443298558
-24.24935057333866
-11.34334952421294
6.7693803612348935
13.375885259565766
11.047841739757637
6.141048343497265
-3.042038147117072
-15.738530211997102
-18.072878518983593
1.257960739827621
25.751852274250847
23.33032124995567
-8.62532343015096
-32.742196185461275
-19.14714280154518
14.256289797528295
26.790388713621088
9.868340894505543
-8.12165109410242
-9.180692613628151
-5.02139396902566
-5.508368144921376
-3.195842965583699
5.310165494272169
11.021924869644335
6.901266359573225
-4.614882901486938
-12.929371918655821
-6.764131183044436
9.157641574871196
14.13802412706774
0.5697674322975202
-12.750889938493112
-9.12214579124923
2.5943884037827654
6.430088378873521
3.3565064754322735
2.3539903102170716
2.5994103998024576
-0.9654543094198657
-5.559671875582577
-5.678295942785515
-2.0200679902635277
2.0496220101127722
5.519171763768834
5.801966333773691
-1.4508071164238785
-10.276517790379023
-4.408084602757091
14.563480837200007
17.025651887230723
-9.6014798438471
-29.18264775256401
-8.462736265957755
24.754201360539625
21.590092612800817
-10.596051640117595
-22.076160955876194
-0.12089477340293872
17.68585980232762
8.232993905871657
-8.24638490774219
-10.754243629760747
-5.501480792211312
-0.68591232261539
8.673248971523684
17.518668767900937
7.1853643033281775
-18.282602002261868
-25.09929420847888
0.665030391468095
26.075527342469062
16.52468982753036
-14.37300009461818
-23.871501154455764
0.24732452265376048
23.229714173724457
13.585193850279794
-12.63871838874374
-19.032262869058254
-2.63681039296958
9.192037319436684
5.4268103145629585
1.239764679801643
3.8382500174974226
2.960602954574676
-3.313128086708376
-5.820640004820293
-4.683664949432827
-4.628808810085537
-1.5478599420486274
6.049665096959535
10.06352028999897
6.741466024663666
0.054797011104546337
-6.759316683525884
-10.31710794985537
-6.547681397807699
2.3940110671214865
8.578941934916294
6.578453884066262
-0.9937819626793772
-4.558713915505368
0.5012070664508366
3.6240120720907303
-4.208571557438266
-9.346766388446085
2.905245145415538
15.9282861975386
5.7855350699037995
-15.098827668407864
-16.36035757789239
1.1455966707278917
11.365523158440146
7.018984485949489
3.6966212549465403
6.3194765631032075
2.109111527616723
-11.42232174763116
-17.228996879231776
-5.944209949948858
8.219364528482735
10.459615092133602
5.604740317453435
2.7424539319414922
-0.16028176265687885
-4.067925898040587
-3.330905597778175
-0.37284840308327716
-2.5015008386828907
-4.2428321681941865
1.7768626329873225
5.565238704404246
-1.2187923955591542
-4.210472234243839
6.095437726396853
10.043906539284874
-4.867778645679015
-13.809544160811198
1.8243595785162885
15.287904466331813
0.0363864931657885
-20.923599483966697
-13.445562344219935
12.128732210451984
22.90575355358743
13.083628036066713
-1.7617228742824074
-14.409157267882074
-21.61170510577971
-13.604653981957332
8.090505605578354
22.09363167424807
14.192528275302987
-2.743254776382243
-8.717479864877713
-4.056594964972241
-2.7773182580620377
-5.551981285036346
-0.15110047485048414
9.89264603308196
5.327693063347658
-11.147156238203731
-11.380764996143416
9.73556657226475
19.83009442072839
1.1287276271737707
-19.3210180412524
-11.957612189935205
11.150769710082479
16.16597740312773
-2.780958817914478
-16.453662692940696
-6.095014116610395
8.950613798990643
7.591200949668652
1.1927975895516392
3.3175996133856134
0.9840405967854091
-11.942841693436936
-12.124134419902202
10.18177912877344
22.968557518773924
0.14454896427680872
-31.13535335632581
-24.74085011224957
17.20690188417246
44.16171726610853
22.92448424062106
-22.870223275879436
-43.95872347026062
-19.98420027903979
21.354192643682914
35.469121970590955
10.936201649017509
-19.43316590601223
-22.385953140432132
-2.3352043173434933
14.438036245745302
14.59090239915945
3.176699847288346
-10.270985934433723
-16.80741812276545
-8.787753296596271
10.476930412558142
21.909047919249954
9.649341419672504
-14.676092730770524
-21.1198297566675
-0.15268497245001827
20.975237023318464
12.217333604665734
-16.41444140132317
-24.298801048655143
2.979096256123793
28.27348202205078
14.881976343574935
-16.791307264871122
-20.64051531145866
2.7614453029445554
13.092664977853103
0.5722338550003748
-5.2626791616118505
4.6709370154011225
5.790313333133974
-8.46866244440323
-12.711409154122725
2.5878911905928623
13.75237976567157
6.617400363668149
-2.7873632906473507
-2.666145208605866
-3.775849452605424
-10.583720783226005
-7.810050174729511
9.983803855994788
21.63934823492608
7.966057253390257
-17.61522721436661
-23.345369047402112
-1.0831511685622848
22.171209361121583
19.184552806819767
-5.878201157069414
-25.614764572313508
-17.31148775226517
14.858475328806108
36.18459839336853
14.824981715437607
-30.340343520873343
-42.467296423710074
-4.27812797222707
33.2097650423725
25.294029094746463
-4.005363017169757
-9.964033630302215
2.529679671731267
0.7789842622426076
-14.598835008360897
-15.574810668495148
3.24365815241529
17.89441288241548
12.573979246478478
-2.215391543833218
-8.752310647879018
-3.612328149794365
2.351777049177788
0.25852490024254837
-4.69680537140366
-3.03333468728865
2.42803780878262
3.8867821007858856
4.3925451429864735
7.1838434016973105
2.0845073309542355
-14.101903044448601
-19.897276661695027
0.4607796507252101
24.443639862586195
19.307816294951497
-8.743902207317175
-22.93609460564543
-7.950481339266156
12.02821587932955
11.116286239194304
-2.15614329347118
-4.0104010417428695
2.69497782749165
-1.6745283695318216
-10.566380095898825
-1.9440568833177023
15.073979786388042
11.652745691718405
-9.54819109771188
-18.053872271060033
-4.066459023944503
12.359134667781047
15.019704301190043
5.7962134639585425
-8.730991743036773
-19.596973668300006
-12.905300844475407
10.487869486837667
24.86588788436803
12.2416743601327
-10.951310115466523
-19.05755977767077
-10.044987139822792
2.200061744398905
9.830165875132883
12.347772216663563
8.298784224881222
-3.3608681294414393
-15.579279953100748
-14.879993117747487
1.8645060151906208
17.198963778273637
12.341851196652945
-5.996912060535596
-13.014088235497422
-0.6257517291555725
10.727135186366816
2.5566831913084456
-12.72710598121225
-9.544058826257242
10.401441811390107
17.39071730711437
-1.1731377537388887
-17.665679431385307
-6.02275003125472
13.642057574542434
7.009399362115849
-13.748153381322439
-8.758706909346285
18.217402855321335
20.82868039107017
-12.950431343600885
-35.53352509609859
-11.360544711514573
27.528098067013403
30.598763489959676
1.5548875578165726
-18.18074047191618
-13.644046889513698
-3.2278097195295636
0.5497197099603326
1.9891490629939583
3.71295231445461
3.37570399791026
4.43618658307485
9.094717271476542
5.115412238191519
-14.384973617909294
-25.29361619667265
-3.866182427406079
25.13914468289151
19.009057363519087
-12.732486484748653
-20.939746915440107
5.32004844643158
24.715441164480662
9.509843275736909
-18.290904080271982
-25.40440036731606
-8.885590861807142
11.790196199788914
20.76627343984728
14.388268514810397
-0.41757747202454226
-10.899259283146524
-10.566653618326091
-5.542995360885822
-3.277805251496376
-0.7843855530798706
7.795174621788436
15.347654572954953
6.866966730364212
-13.950484478419222
-20.350299262060986
-0.04302239851866216
21.129227825648254
14.014007403376029
-11.091613236243456
-19.04088747531752
0.5599782280586273
18.8175509369657
8.059032060624956
-17.211077774449176
-19.16919803295118
6.5611652038802735
21.610619645014225
4.263726985443002
-13.893042492328888
-0.9783279176394895
16.791941071766775
0.10833674160637241
-27.210293144119813
-14.6192211218913
22.617696748506017
24.453868731884583
-10.614998940130702
-22.285059532891164
7.8055456593423385
25.149424497417787
-2.652948066625245
-29.731623983035544
-11.41662477663185
21.103185099023882
18.39818536385273
-6.290424207387486
-10.429861401631777
4.090386934158293
4.733361147269024
-10.838905441739128
-14.229141797010072
3.579215509595178
17.360975274972542
8.465911547473995
-5.8968858921739224
-3.4090467547127465
5.153834249781878
-1.253315087463315
-13.727162230406435
-10.601409736887302
5.746059432756427
16.919047403124978
13.359681330032513
-1.103627428207349
-12.875779104335676
-10.42807098633533
-1.1308003320736448
-0.7267387906707745
-5.780956995677971
1.2232083936308957
19.09326234266769
22.077070517631746
-2.8812844860852924
-28.54338326248826
-20.915431551771228
8.39965740559155
18.65614505094157
3.0120667991899737
-8.307988514426027
-2.440214318437886
5.4932486016879425
8.203834963468966
7.62887377362205
-3.821586703042598
-22.56007848119559
-20.49489860104008
10.10858814195371
31.17011166721736
13.204057435017042
-16.98283177340503
-17.008909562918298
7.8211432617224155
16.9524098279144
-3.2501258562126636
-23.50630929953721
-15.869322301257368
11.327741793134043
26.63013986616905
12.969646432925414
-11.364532320159512
-15.777620562401275
-0.8726156399798968
5.02826561800894
-4.242484646382281
-5.03854066845939
7.657561879904923
10.518590199634872
-2.704781614588097
-11.044639278006043
-4.025068068950217
6.783194701496834
9.451216086084347
1.8202349354086609
-9.421214660344502
-10.738828266940711
2.3573013692048725
13.12614833104635
5.292867857184058
-9.459557773963487
-7.689629014963982
7.13963040681175
9.345920022601135
-5.774370039735514
-14.59253745367255
-4.562834449277401
10.751987867768268
17.522145108431808
12.150932146571641
-7.4154403463050995
-30.102833637761318
-26.319783827193394
12.108978369594372
43.72829814690917
25.892680233902965
-21.28684797914611
-38.36655569972504
-9.51660190663805
19.70098457812946
13.8333487829711
-6.344662077673581
-6.854847713254057
8.26825541808579
12.800365998510046
-0.3643580350605471
-15.164681856615172
-16.13792329129465
-2.7978771587406484
12.966480841181568
17.36531550333227
7.076231598450315
-6.95375725809935
-12.206391891923174
-8.58231920606516
-3.417234394212913
2.112761150249471
10.601075812781092
15.288334363532947
4.761321381461504
-14.194947500624643
-16.777535567883913
1.8587500868318416
11.468983996931964
-4.612997010864761
-15.374221863463234
5.674244320952213
29.444731108670698
17.845857071414073
-14.605951269055087
-29.038306884868494
-18.345342760075887
-1.126603690617936
12.05967425032285
21.38168972091959
22.791944059318524
8.081964325644098
-18.849329831770394
-34.68030886018264
-19.725897734104436
12.60707385984016
27.868410088307314
14.721066071929057
-3.133544548559402
-5.101666390847157
-1.656836948627943
-9.37962106654247
-17.031043834728546
-3.444933695055017
19.795488763713625
19.714818044063527
-3.635718325507088
-15.808399397881063
-4.760270567536991
5.350756783270136
0.4274359610471037
-4.523119308623294
2.984610654920689
11.157638536988818
3.556703218766773
-12.219131859168385
-13.826449707480311
-0.5080303130817497
7.59414114619437
6.391011959770593
9.007309080558038
12.491818450164875
0.29766697332031605
-22.433689483712854
-26.68972583762248
-0.2845478524709738
27.801379029135624
21.109332810639177
-12.004980378545529
-24.68979338700525
2.7834698538871874
30.809800852175233
15.039302212410806
-26.972614397494524
-37.28352659874589
-0.8821760036265511
31.872239642979455
19.775196003560797
-10.487606497472283
-11.890625089767196
8.153260330957318
7.444508960778432
-15.659195834699265
-20.328459314381675
6.515405959509126
27.300772964228543
12.295670436984738
-16.10724651501764
-19.28107142047379
1.0618650365717401
11.61602419441937
1.9993127249716955
-4.0512077134326
5.703823078920723
10.280184549997326
-5.712023923471321
-21.423949288540577
-11.243552297386007
14.595691781224975
25.03185979937682
9.470909900053888
-14.365129631891406
-23.58393066180934
-10.7344973472853
11.260314301999365
21.378099784206753
11.429838211557557
-6.844708478584151
-16.265146660906726
-11.490433186137015
0.1780497357463381
10.793157633677302
15.360624688341614
6.392284779547775
-15.257788976750327
-25.609960356624278
-3.3793990573837407
29.727377710732142
29.585514764948687
-7.239684796938812
-35.2913453191354
-21.989106479122917
12.012029825041413
26.35159633925705
11.193595764845787
-10.936654292458138
-16.345327756114212
-1.5732660309750743
15.664707313734496
14.318692522294432
-5.087154329244701
-20.127061614282923
-15.328642654600868
0.5051501536647001
10.54692700053441
10.54694754690899
6.3509336880398735
2.7850109386544792
2.551463439423552
4.5359390153579815
-0.6534572382166539
-17.351991893843238
-27.250061413024344
-9.135872662857599
23.03549356377002
31.59302358894689
9.248820493062508
-11.478198386656947
-10.213247328889096
-2.7303197444938863
-4.251825661952884
-7.91390459120324
-6.5336972094566965
-0.8505089213613622
10.662866482882297
21.326069296149228
13.083513211714921
-11.547217220538032
-22.27654653254482
-6.962880354458455
7.616647937725666
0.6496393916664046
-8.399357120692944
4.974182580733463
23.691540601625555
12.476877531687048
-20.236660558980063
-27.523764896332874
2.207796977411914
24.196255471923337
7.755172300626815
-17.30470681557013
-11.343162237339255
12.889200024377342
14.35756349939543
-8.350677221294951
-16.01202349857766
5.038418645796082
20.46572477421967
4.831467273238628
-19.015734389169925
-18.374740354939746
1.5202671081199375
12.42130027393797
7.566222822805046
4.673721677249677
9.262771855412993
2.9528635420538976
-20.097469283090458
-29.45497498731504
0.1043702341072117
37.37076266183067
28.351037305335474
-18.886680108584223
-37.39049879261782
-3.3573610969676113
27.251184300110257
11.5384702462057
-15.69459335962814
-9.468905451053965
11.855101206872053
8.029501895408723
-11.57323915819434
-8.83180372296561
13.74784079480816
15.758810690238917
-11.417334212400455
-26.936805071363295
-6.012057911799964
21.363637342190614
19.591058989363486
-1.138440510749674
-9.298680380869307
-2.269847889131466
-1.3379598339931575
-8.981659580601441
-6.397705709473738
7.316106229243837
11.247035292773283
1.545275910473178
-3.720200326344418
0.24669851791303576
1.1427407987302407
-3.019450753833839
-4.151965450994773
-2.701596454699384
-1.6489662948769264
3.908906202795519
12.013727670050354
7.067615496739382
-12.654635029990791
-20.154462771300782
2.180128134778992
26.08329928190647
13.360259759183139
-21.415242767743724
-26.906866748704257
6.05641463033618
28.767411045028595
10.02255361931418
-18.33727644181568
-15.185421861413714
8.31072837092306
13.770393242403564
-3.0930900828157397
-12.981917817522449
-3.022654375228622
8.43872772184483
5.9574784541451224
-2.481050418314178
-3.643745911747334
2.0273060127440945
5.159545688276377
0.7059212438237413
-6.821361160415054
-8.763067591714849
-2.064052693312752
7.666510575757731
11.807447478657926
5.720493515064996
-6.708483717244746
-14.091574306146091
-7.646249048696883
7.195008412098415
13.720516710555911
4.152922494939711
-8.202303887661746
-7.335137868965734
2.4883888004192825
6.019962871907168
-0.04633839524646435
-6.251290371316395
-4.547062341853814
3.0581338597513854
7.056332132238067
3.258492620298297
-1.2212887892586484
-1.6540020280133898
-3.4819641486213895
-7.515171712745723
-3.940578425246651
9.184275630313634
16.44114621308173
3.941038563530432
-18.512242587389334
-22.748180766793087
3.1323230935274564
30.506954489319916
21.3021616024912
-16.152336877536744
-32.81136752324806
-8.176501525157969
20.92304096996197
17.193438577340203
-5.353288275773759
-11.800685784209907
0.4421823111543517
9.163386414404542
5.399397021401458
-3.3905198033570887
-9.773778955326616
-8.620529812881532
0.6223444863584198
8.383322843874005
6.105530203671196
-0.6200847040902759
-1.683264275265331
2.3125955777085716
3.534942673801012
-0.57310055815203
-5.316380410908713
-6.825831122644205
-5.87894269199431
-2.199089515629795
7.042626244089014
16.240331320014935
10.163307375962217
-11.202405093351606
-20.16741747398642
0.7346543920215497
21.97194887644766
6.051285342040626
-26.832894642101994
-22.809294612372707
17.75553711829769
35.9489113832102
7.103426912538781
-23.761610902927732
-17.527561309026922
5.095858722204963
8.907565143380534
-2.9234000028482945
-6.080662992797937
4.976143719182205
13.716136006578019
5.523224065800697
-13.175591378354117
-19.874952460377663
-3.794941651743019
17.309748250645807
19.2884667518429
2.8325046727629353
-11.762929777319952
-13.208555085951884
-6.31613157168799
2.2462419210495392
8.037409564941722
5.925131848418436
-1.5327198709231804
-2.737592865590994
4.459763849095778
6.972886751224181
-2.2191298233488483
-11.98711182409776
-10.29070918496529
-1.3692770953593565
4.454421493361697
8.6394677531474
15.468323258543034
13.559283634177033
-7.5496576609351465
-28.226234568306747
-19.678058612926687
8.160846299429108
18.020245838124712
5.566636721958603
2.390719613825076
12.86377840682724
4.552185452584789
-24.026816292872294
-28.924327801867847
4.203248793467832
31.247842615809454
19.719271892018615
-6.680188233655315
-16.166573437519414
-12.651824713312301
-9.055487930046402
-0.7445694212101415
12.577366204984246
15.969886949173244
6.186466032934499
-2.275739417578428
-3.6946085343103494
-5.5275337153709625
-8.932861845343831
-7.835798386601294
-0.9909805299394359
8.062747544055819
13.73913745688129
8.90957806894045
-5.15546680250702
-14.279454213430888
-8.86300248040994
2.7452376375511993
7.344431714190137
3.6075022179971064
0.386948924048087
4.162219309481865
8.214878957417254
-1.8622989439705242
-22.104615204498398
-23.677078660030965
6.249383120164433
35.67467013092186
26.896176284197246
-11.149049782702232
-33.28494196517674
-14.671941734123239
17.914149916709732
20.528117341785176
-7.428171426231797
-22.96871005891387
-4.147553835849631
19.800604590226893
15.995418817627703
-5.29736734581776
-11.88828419444859
0.6292016155107281
7.034057120911109
-4.268285238846169
-15.065388137966695
-8.229758516276513
9.510838384620566
20.104636009718675
14.109844050943604
-2.9971518997424353
-16.93225244967611
-17.087584508766245
-5.325375595012537
6.995086275527051
11.029960885487018
8.921097237158978
6.82526964915916
1.885094532238463
-11.299044459068849
-20.78534105533286
-7.440624261262058
17.857351824234097
20.529232563825925
-2.1797510833657734
-14.290626387260891
-2.266408590589565
6.440939324298559
-2.2735371932329613
-7.82242922156159
0.45476506995433197
5.409381443112499
0.4633035812216225
1.6267112926689098
9.831628379791319
4.842881583916342
-12.36015227555396
-15.144325471350104
1.2356871308565425
9.79922765200577
-1.6989321656714398
-10.525418372973995
3.724091553662998
25.35554665439691
21.20289103656056
-13.049330206825822
-40.189139497990666
-25.63347340849409
15.492698334793591
35.77152304837956
16.662712186623246
-11.919764543697571
-16.638761404403603
-2.2545994299501486
4.245793361164611
-3.779480391133852
-6.811167467577478
4.893505567824522
14.097654317271724
6.65481751115809
-5.712720318686477
-8.991673230847955
-7.679065603262458
-6.0447622897038755
2.794255466249418
14.856887948298294
12.35585212618215
