Theta
-0.0001591514042901237
-0.0014873733982375158
-0.00677567162034771
-0.020422593471720405
-0.046598677797811024
-0.08672484038716577
-0.13697799960240511
-0.18631455757683824
-0.21675350891665185
-0.2075224294221674
-0.1422099762361136
-0.015953367399538107
0.1606196622612509
0.36270174344869827
0.5575849150517775
0.7135705026967065
0.8081842999873704
0.8325877813121135
0.790867796428464
0.6953651809817105
0.5604381680284972
0.39684086380695405
0.2080632360318125
-0.011070254899715543
-0.27362744459485505
-0.5972255479819554
-0.9978914927974175
-1.4819833880700677
-2.0378563594481567
-2.629784791826718
-3.197099386918882
-3.659336408349764
-3.9251544755310386
-3.903290755045589
-3.5158620530901676
-2.7129842013370506
-1.4852060610553477
0.129391324054241
2.044926261713069
4.134760126191771
6.245823030572334
8.219918381132917
9.919092610072662
11.245867945740322
12.145673115014644
12.585255965763087
12.513873640248931
11.823865503596158
10.328891968688568
7.773894285186888
3.883646723319694
-1.5533790790962678
-8.581460981397944
-16.97962882056235
-26.196081309698076
-35.336260175939245
-43.21817364439765
-48.499200716894116
-49.86379125615001
-46.24477463986148
-37.0411142613711
-22.293556528309992
-2.783527621005716
19.970095474349048
43.82640333751849
66.24158584646143
84.56579197789527
96.37821959025024
99.81338841955137
93.83224095561363
78.39997936979195
54.54360049506264
24.27532769962016
-9.61273405069832
-43.85603319252325
-75.08558736714855
-100.20887277490375
-116.7559263812771
-123.14860225712339
-118.86118818382573
-104.45430137146472
-81.48108809176094
-52.28324100726415
-19.708810193065215
13.209696303028345
43.57811207498662
68.92783840085427
87.43621549657557
98.05860273231265
100.56418791564369
95.48109708292458
83.96645442979936
67.62301507726146
48.288034549748474
27.82186250153277
7.920782196013496
-10.028078109040651
-25.039037283660974
-36.563256222950436
-44.46937178670356
-48.976968020944675
-50.55578759639904
-49.80872147055303
-47.35850515554644
-43.75429346832422
-39.40794671504709
-34.56507693618804
-29.311663148297068
-23.611442183713244
-17.36422361321286
-10.472709184852135
-2.9053950342099903
5.254695168281028
13.782764648817162
22.310872532535697
30.353075813227385
37.35348031543406
42.749772297527095
46.04210909800112
46.857344728917745
45.0007745025915
40.48903086750852
33.55918139368334
24.65239818470736
14.37447836272932
3.438824306456201
-7.400265535307447
-17.416310462089687
-25.974993786911455
-32.58762042828014
-36.94682465098043
-38.94024435760538
-38.642785581432356
-36.291266357677074
-32.24536086830226
-26.939474237331908
-20.83236385229597
-14.361451693268082
-7.906991823627892
-1.7698169862923778
3.836025856717254
8.777681025922918
12.98841498923379
16.44702266405874
19.15609435724134
21.123319707716295
22.349418099220642
22.82479609828507
22.534263164123633
21.467448914369065
19.63244196809144
17.069579396519394
13.861720537321814
10.137861772306973
6.068097800743591
1.8498957741943285
-2.3115808462641456
-6.224211725303946
-9.725654365120652
-12.693111308356295
-15.045819800209165
-16.74085931647347
-17.7629843389423
-18.111066324214534
-17.786904450814003
-16.792988629531514
-15.141426238603703
-12.869316699336586
-10.052800226722558
-6.814553813471173
-3.322947139911386
0.217857044366607
3.5866284703909037
6.569290443202657
8.983125237350182
10.697733840090425
11.652712956369294
11.87059656104925
11.459678103654088
10.601214084308937
9.520287829957994
8.4449750910091
7.5619784555750345
6.9793384116880794
6.706326063780868
6.65479609729145
6.659170147817691
6.508805361705033
5.9860672015193295
4.9044196934186965
3.1423415073297827
0.6690509516538619
-2.441930430634027
-6.0136214950788816
-9.78132821938342
-13.422100226954337
-16.593809043963606
-18.97770122392135
-20.318231816821868
-20.454327071355532
-19.336894440746036
-17.02938046763943
-13.69161355169669
-9.551316251622866
-4.870383885413144
0.08671832934435438
5.076016134789945
9.884392331524914
14.327509131221447
18.23961223371665
21.460685484109685
23.82609215399579
25.163779936161724
25.302810890190194
24.093910401917412
21.440043840324407
17.33237940488638
11.883406110528696
5.347512389181234
-1.8784554417218224
-9.27863355763956
-16.264947264241044
-22.240789555196525
-26.67134510972833
-29.150058807103903
-29.451691558525397
-27.56394552595678
-23.69263730590471
-18.239360300564343
-11.754224351329897
-4.869367854270196
1.7777759048404032
7.619916804058895
12.222946098250393
15.328640608259695
16.87254101622506
16.9753552320877
15.909383790374452
14.045214381863376
11.787248699384726
9.508583596126714
7.496008125594073
5.91357697042523
4.7890143007179224
4.023860673635319
3.425774328955081
2.7572655118493055
1.7909311386358726
0.36065159151678483
-1.5994068774006633
-4.03362034171775
-6.764818349454786
-9.515491591128468
-11.947417618447394
-13.713938659210056
-14.516383962230995
-14.155340004838962
-12.56900007013679
-9.852241963092009
-6.252135595365982
-2.1400118738643936
2.0358716659101312
5.810675167048801
8.76717437048696
10.593972595471376
11.130121114976166
10.389440374351365
8.558888117599874
5.9706207060741825
3.053159622399661
0.2689921856350541
-1.9537860354815282
-3.2865697903014692
-3.5507672461398996
-2.7437387105797058
-1.036014969342402
1.258601344828651
3.734872903997528
5.960561155956481
7.541355096567901
8.176471372156058
7.698875884431292
6.09550758399845
3.5045711141343685
0.19134558510378516
-3.491418537334771
-7.15078247977275
-10.402000613313811
-12.913001508055368
-14.440423037346825
-14.852296861636352
-14.133515278487929
-12.374325111607655
-9.746696817528012
-6.4751343470597815
-2.8082035174194346
1.004187793112133
4.725816637354469
8.142857125535752
11.069105816576801
13.350721557665743
14.872372352901264
15.564602353108835
15.411310878212351
14.4555862577428
12.799882009823495
10.595626788750401
8.020377080566023
5.245382361163837
2.4011810701802463
-0.44746831176826396
-3.3068672396123313
-6.2359245125523755
-9.307494415040262
-12.5575562676317
-15.933506650416593
-19.25583043612638
-22.20656133923911
-24.35161395312744
-25.19583073455358
-24.26228338993001
-21.182278588669657
-15.78118809788347
-8.146099404240077
1.3379488927323222
11.993588210923049
22.90232998859332
32.99657507503984
41.18005903673506
46.46001053739458
48.073474359833604
45.59098661434933
38.983629917844134
28.645243281255105
15.366466481584105
0.2603751639786533
-15.354548940736434
-30.099147202287163
-42.68429554135772
-52.044754589261046
-57.43658152569736
-58.485223561688855
-55.18247712282239
-47.84382606690816
-37.04554417089436
-23.558863512181734
-8.291058808248845
7.763870577592752
23.56750545700778
38.07747053152446
50.29138415085944
59.29855326340432
64.34082804863506
64.87953211175598
60.66166624718743
51.77623465242725
38.68954574441434
22.248034593819266
3.6403909960209773
-15.683281506282214
-34.13088391487623
-50.11568879019046
-62.21576945703438
-69.326052507505
-70.78295506141133
-66.44448072963021
-56.71410054226758
-42.50380159138503
-25.139769095509656
-6.221849375598633
12.546005031516321
29.533262904049977
43.34664103214211
52.961105193289065
57.80355464954576
57.78170636209226
53.259251404976965
44.98476332684859
33.98510030178551
21.436972040871176
8.53323202974667
-3.639425303614782
-14.197976498220347
-22.52692543814466
-28.303841616841307
-31.4866452404506
-32.26863188679968
-31.01230884102686
-28.175085379946715
-24.238960459987076
-19.65358311418514
-14.797925302505679
-9.961448047334084
-5.342574219946562
-1.060724684645779
2.8229172961130375
6.281417081224186
9.299613809172019
11.856725794914373
13.917360573052825
15.432650095522614
16.349266483750323
16.62191127534969
16.226162510167452
15.169726915696332
13.499738211369934
11.30338159639543
8.700007834544818
5.826089931496245
2.8183951406964134
-0.19879662183443714
-3.1200721642363685
-5.859902871377997
-8.350598628059116
-10.538570127234465
-12.378240030677159
-13.82306944319908
-14.816248384683094
-15.285819998054015
-15.148163502647213
-14.321182673739026
-12.745189943124426
-10.40585645458631
-7.351780302496966
-3.701403824608146
0.36104745072042244
4.597738321314616
8.734832730095842
12.483501554987118
15.562610776733534
17.7228473876964
18.77229278415219
18.600446819641743
17.19549123004757
14.650999877174858
11.160335629403503
6.998216079424366
2.491453257414608
-2.0160706334255534
-6.198124678073835
-9.775510314635952
-12.537182468084136
-14.352298584225377
-15.17268658497483
-15.025327915542283
-13.997638693046536
-12.221320689502457
-9.858174317186025
-7.087243347282181
-4.09310185059645
-1.0572665816648141
1.8467691911706805
4.45764931100014
6.63227499140612
8.25387449121585
9.239894304701
9.548047149253076
9.180538615597104
8.187313766466291
6.6678842068081385
4.769412791455047
2.678778435506733
0.6075912724679023
-1.2296918805352426
-2.6418281340378673
-3.4857692453501503
-3.6865810484139234
-3.2506675803984963
-2.2698463307427104
-0.9133452413613775
0.5922878928470082
1.9925760892189026
3.0398341506397655
3.5281316943595127
3.323413860478087
2.3849851261759496
0.775267725733818
-1.3441698510003646
-3.7298832731407767
-6.084986745399179
-8.096170560223566
-9.475713934226897
-10.002790094896847
-9.556425092668896
-8.133042099059848
-5.84555039221032
-2.9059411910240733
0.40343671521714786
3.764126910183162
6.857234805544562
9.398045057836606
11.166348890213992
12.028040409777597
11.944750472747312
10.971096645065442
9.241442848911811
6.9488689839294775
4.318917708167338
1.5817052746031108
-1.0520211385159812
-3.406195640039072
-5.346550153747437
-6.784221911508224
-7.678709530968442
-8.037985268298122
-7.912806151327811
-7.386259993628255
-6.561821189599949
-5.55146158003839
-4.463200763045443
-3.387553827887858
-2.3848907321055592
-1.4780847008165379
-0.653291149227766
0.13178876935685843
0.9338440707032666
1.8058212710567279
2.777785144459379
3.8407923899402676
4.9382598125742945
5.969045909036075
6.802646800701796
7.301844787605923
7.347160543084242
6.8591039176305895
5.815275603524273
4.260416446430945
2.3078854422868167
0.130485260915051
-2.0600712539830885
-4.0423348030577575
-5.6173894091297445
-6.637370616478833
-7.024530356261595
-6.778794874078189
-5.974702164163344
-4.748993670460188
-3.2799371495034317
-1.7608381939211002
-0.3728582500991421
0.7369570165338609
1.4697574532479605
1.7823151109517494
1.6894561604123821
1.2611730132019452
0.6131946408351914
-0.1089660543900619
-0.7502780912868072
-1.1671890763397461
-1.2465013830723428
-0.9210697278079055
-0.1810813257238503
0.9220477107027442
2.280931350230633
3.7446291899846944
5.135024418077754
6.265452125722545
6.960863842623069
7.078912660133049
6.529980307211475
5.292151516283018
3.4181167946061013
1.0335509491723642
-1.6731927321059041
-4.469645084955447
-7.1027855780431
-9.323267504085432
-10.907924787758578
-11.680210688128316
-11.528300050751396
-10.418559232512811
-8.400726273785628
-5.603729215080981
-2.2251084287763314
1.4823432951167232
5.225645041712989
8.689897236476602
11.56189480239399
13.558932284392142
14.458544335374222
14.122825575815332
12.513398377006096
9.697956364878262
5.852060765712596
1.2578597740468416
-3.7034970821295525
-8.57151777480986
-12.841358014670456
-16.01317523867928
-17.65208078341359
-17.452026282908253
-15.293571533827903
-11.284113379604749
-5.769977182116733
0.6872606094180491
7.370445706522296
13.493201295510165
18.298660619092686
21.156723620848318
21.647773643890613
19.622917976879116
15.23364688444505
8.925976298346093
1.3963480749541584
-6.488745084674347
-13.800618177323564
-19.668541949428842
-23.39346052498481
-24.537640319593383
-22.97763140721242
-18.91444539927323
-12.84147210661075
-5.476408990195323
2.3325762938203582
9.713570860072709
15.876069083859448
20.20075433338685
22.303278056737703
22.066327098222043
19.639202679113662
15.406695571518052
9.930792105992237
3.8730592338663885
-2.0903181709730005
-7.348855529857639
-11.423326846639059
-14.008652729360985
-14.990405795139248
-14.436289120964986
-12.568019438940778
-9.721563724048512
-6.302769191489344
-2.7419725355921365
0.5507932257921324
3.228361817590547
5.04410173994331
5.8798383513567645
5.75842334216799
4.837419956279972
3.382865222591291
1.725438157833038
0.2063127272447146
-0.8777677666786884
-1.322248078538528
-1.0486886592147462
-0.11869284767193237
1.2760522569519543
2.8474717408825656
4.263733685562434
5.2112942185637765
5.453535970647052
4.8738467599196555
3.4961463404460162
1.4812462406101148
-0.9001366033365968
-3.3135037977933672
-5.415841970792647
-6.908584307472782
-7.581234646504331
-7.3417288273637284
-6.229495163513961
-4.408334025197894
-2.139911056032571
0.25707762712905236
2.454305433930305
4.160354259976513
5.16060726043736
5.345607217233155
4.724558193701071
3.4229328473135814
1.6638716235621744
-0.26604224514292363
-2.061739060972565
-3.44557985764212
-4.204638506895085
-4.215015596101461
-3.4539629095132116
-2.0018347132009806
-0.034384220900666784
2.195019249540055
4.382919264067514
6.211653959017527
7.390931330543504
7.699813520974657
7.021935688425063
5.36787645574384
2.8803353601469395
-0.18031123621675563
-3.4679376494817666
-6.593935311400093
-9.17586832772849
-10.886264075582893
-11.49552255581054
-10.903237157282069
-9.153121310923122
-6.428056611138363
-3.0254011985038227
0.6833163068355471
4.301857232006346
7.459525326951152
9.853580229036847
11.278398561252871
11.640044317819328
10.956906952578095
9.347976119760142
7.011956758277706
4.201355005162739
1.1941304987319539
-1.7353096433911892
-4.341946858590861
-6.429155797283794
-7.861405604420726
-8.572622304620744
-8.56896288856708
-7.923150907910897
-6.75993143145725
-5.235451575673203
-3.515238802214237
-1.7551163028645866
-0.087207383521693
1.388533173608482
2.6071361244132283
3.536348287248831
4.171215614251307
4.527657687900153
4.635926065700856
4.533921210168404
4.260811719476083
3.8521198814206574
3.336766234004808
2.735418199055902
2.060039641399847
1.316105208046948
0.5088455042333841
-0.3478043777116846
-1.2238545683982263
-2.071388637904055
-2.828637779447432
-3.4283032414685075
-3.808088275589456
-3.9210116267891078
-3.74359377947301
-3.281223887378766
-2.5702885418602803
-1.6772716643247783
-0.6957999405934722
0.2589620108142686
1.0611536872533336
1.5919315535138943
1.762530970123315
1.5380043574602629
0.9550755958311379
0.12753354891177818
-0.7651603542900463
-1.5059318876407302
-1.880154929960083
-1.720192959528613
-0.9451759377522823
0.4130803920289797
2.204056207794868
4.174473715322028
6.004404474686901
7.357873192654499
7.9399067810791895
7.550687113284951
6.126413695314296
3.7581524024671547
0.6848487577291219
-2.738192416336064
-6.08971917337487
-8.942759020440151
-10.924850763037615
-11.77037839722181
-11.358575804667083
-9.730951993064155
-7.084374907444794
-3.7418125320634803
-0.10683145727420593
3.3913031390609203
6.3541544181505225
8.463794072794599
9.519366003630724
9.457285522118163
8.353558019694594
6.40877454649436
3.918736621104975
1.234320400262246
-1.2856084858965984
-3.3222626416021432
-4.638290075039665
-5.1063720651929865
-4.7218281227324015
-3.5982051910444746
-1.947521262076648
-0.048621158541469395
1.792735233723003
3.287089997577416
4.201131416376561
4.388591786410186
3.8090376354942403
2.5328232221326563
0.7315987846653028
-1.3450360375033137
-3.404562044047415
-5.153520178451173
-6.339600703294753
-6.786877937999559
-6.418588200443814
-5.264659108998669
-3.4553383534797337
-1.2043806010075089
1.2165978722190571
3.5120403356555836
5.40093990115206
6.6534684308312775
7.120522280000596
6.752946671784497
5.607769484779745
3.839673349241815
1.6783764601800895
-0.6043615383147883
-2.7322820401649914
-4.460236516154452
-5.602253196615446
-6.048948333713128
-5.773749685422041
-4.828860528039628
-3.33312715585032
-1.4546757881292056
0.6090300844737371
2.6509169452567045
4.471553101564764
5.893771682400328
6.7755401745333925
7.0212837378584325
6.591010680087623
5.505707861032334
3.847709305263555
1.7557494528539515
-0.5861252918027289
-2.9663750160419267
-5.168067444416845
-6.991259747143853
-8.27306760300883
-8.903559183206685
-8.835288276005874
-8.08510429796439
-6.728832615925893
-4.890944138672781
-2.731300445502714
-0.4298580543975008
1.8305695716115358
3.8822078069621675
5.58715948103885
6.8458611946067816
7.599976808227976
7.832832110569035
7.568569232286011
6.869284032516583
5.829237778143848
4.565441856188217
3.2047749690807414
1.8691138623179786
0.6606222171271359
-0.35028679563145115
-1.1316465924780927
-1.6898420338565525
-2.063380627492293
-2.312178257364424
-2.5040490665379376
-2.7008515392839665
-2.9473697385208726
-3.265076851021382
-3.6515034435602223
-4.084530861377179
-4.529357641051805
-4.945485702377008
-5.291704290452663
-5.527578549585051
-5.61157196262204
-5.498311664257304
-5.138051273126202
-4.4805320115724365
-3.484321305344591
-2.1298463387696853
-0.4307943284456555
1.5610717197703896
3.757905923391889
6.041532952407364
8.271311990282845
10.294637192719149
11.960282520764675
13.133541463594705
13.711440158012321
13.636777845563728
12.910824623479487
11.602332435876907
9.845167244367474
7.816206567914613
5.692241593308628
3.593433962026687
1.527475305672664
-0.6468399117393767
-3.217423914923668
-6.565517152918179
-11.062248332576843
-16.932821719086377
-24.119108958517636
-32.177112758604494
-40.24289829385728
-47.08779449651944
-51.26327132670849
-51.316733439202004
-46.04734167150407
-34.762751521955934
-17.491328580276704
4.894457969734043
30.675139758570584
57.413501750939126
82.20614010061938
102.02753181618988
114.12122082631419
116.38407227356544
107.68779889231315
88.08754645733096
58.882498666036724
22.51626980437128
-17.671367196012408
-57.8095410247553
-93.93106184181848
-122.42185191510103
-140.4295640711551
-146.18155232566426
-139.173575088936
-120.20755525546097
-91.2772258726498
-55.32017695581958
-15.870497120710514
23.342527951498774
58.798628881827156
87.5453412857258
107.47235327408197
117.47435499793006
117.48967360061516
108.41856016164523
91.94002175403833
70.25704482506207
45.8071649395301
20.977503411698518
-2.140979883529556
-21.93478976198057
-37.370898624707
-48.01851832846531
-53.99631617361663
-55.85984051027338
-54.450340423816165
-50.72975541573892
-45.62611713904508
-39.90964407188375
-34.11377259811435
-28.50751421191857
-23.116994979967075
-17.786987648202704
-12.268369128788088
-6.31441979999242
0.23173348003430216
7.373555091434929
14.930874032573712
22.545924349098488
29.722526694114162
35.89001926557554
40.4803191208922
43.00611723946533
43.1290027332755
40.707579509656675
35.81926992934842
28.755327597797777
19.992991772405787
10.149667031753134
-0.07608122414076948
-9.970417464040866
-18.86913619038317
-26.214461301054072
-31.598606558734012
-34.79021274430688
-35.74109896261229
-34.57359623536771
-31.552252721698466
-27.0456648808915
-21.484072835607858
-15.317593124100833
-8.979043034940487
-2.8540540717944056
2.7398353585305846
7.564559800070704
11.464625887759839
14.364117211742792
16.259443072582474
17.209357685700436
17.32278576709388
16.743243387116543
15.62956559304601
14.136407209912946
12.399473907311684
10.528044655530874
8.604374494596092
6.687561260710502
4.8184886087018235
3.023604519295927
1.3176117936405913
-0.2939282066843654
-1.8116616314519232
-3.239488972684038
-4.5821828426632045
-5.8438280361241475
-7.026671430532522
-8.12947702396176
-9.14444917141322
-10.052640464306048
-10.819221850543686
-11.390946285114573
-11.69791100725414
-11.660197212920071
-11.19795166579711
-10.242657510808074
-8.748243076370914
-6.702013478508591
-4.135070073900592
-1.1295480906323856
2.1809143735616696
5.6187185982875025
8.976832083604855
12.038300749861179
14.597261157374378
16.47756576173057
17.546880755804374
17.725579437296506
16.990643360928733
15.375493290595738
12.966057299393963
9.892905049382346
6.320398194909592
2.4346643969603297
-1.5679528565615375
-5.490648571919335
-9.143556834398481
-12.34950242910419
-14.949820004357838
-16.811542330219
-17.835276289040756
-17.96215497020426
-17.179360722744754
-15.523925118913644
-13.083568634126989
-9.993937803014305
-6.43272044235058
-2.6103706890353564
1.24373756603752
4.899393464235854
8.144851459272491
10.803661552026126
12.747142195744138
13.902399142792575
14.255897147346234
13.851900804746764
12.785133605566728
11.18821772986301
9.216050183531022
7.029663429038441
4.780921441798028
2.5988121588355986
0.5793597924630468
-1.2184890317789001
-2.7708751490511694
-4.08246407830816
-5.176396524985123
-6.0819208647674765
-6.822374476426513
-7.406927506244661
-7.828364268562505
-8.067081986863966
-8.099295072832149
-7.905216174286302
-7.472708043768507
-6.7961182008351635
-5.874909109328363
-4.715807612238413
-3.337583975893919
-1.7756478023587317
-0.08463180884100545
1.661989860810986
3.3758189848496643
4.960863102438028
6.323255357924319
7.381839299788558
8.077785167303078
8.381146365576107
8.293434924204515
7.847348509581659
7.104446345253517
6.149243535912145
5.077850649528972
3.981685449202231
2.929583067315381
1.9532551748097824
1.0408097868346393
0.14097362378550377
-0.8220179586034689
-1.9254013055711545
-3.2221660943620285
-4.72011980986249
-6.371022950995353
-8.070022618698665
-9.663863502869004
-10.968031199497322
-11.792079966862696
-11.96837409338422
-11.377688931648562
-9.967656239344178
-7.763299050666599
-4.869298683357984
-1.4629000846146256
2.2220031254478667
5.916580390754184
9.341431253116914
12.231824209928874
14.362754489192675
15.572124266115779
15.778323908638551
14.987361435897668
13.287350871572235
10.833267419142226
7.827598165260206
4.500482920045499
1.0893412953799335
-2.182428641154806
-5.125387969603244
-7.598727990902302
-9.51738134225539
-10.851641484456927
-11.619547086125307
-11.87214394189961
-11.674598373518284
-11.089106472677981
-10.16389538594441
-8.928971768059455
-7.398297051946661
-5.578430134851828
-3.4824550340926206
-1.145636618396816
1.3621439446499408
3.9311394706726484
6.415409535972105
8.645662623163766
10.449883583508287
11.677461639590549
12.220815075571588
12.030050079535965
11.119071868350243
9.563383872425172
7.490729354538347
5.066454083166607
2.4756545889353037
-0.09584272911345412
-2.4790662670620702
-4.535593204139035
-6.1668222328124145
-7.31960577743727
-7.987899776264919
-8.208653438362877
-8.050978795723138
-7.600538884230999
-6.943317567316016
-6.152233293417744
-5.278320044723202
-4.347827781085985
-3.365878946325529
-2.3250189245105215
-1.2152790077283733
-0.032767180134165755
1.214108852183536
2.5000846223320257
3.7805996082675333
4.99344591843725
6.0648519624985555
6.917719760464323
7.479431789056251
7.688453626230233
7.500984427217486
6.898482802982029
5.894169939352013
4.53582478342676
2.9038976065631776
1.104782295630404
-0.7407000945419988
-2.511956908068112
-4.102590415817395
-5.428920596569253
-6.430314433984879
-7.063387756395203
-7.296351340314194
-7.109775503205368
-6.505203783599918
-5.516799595061324
-4.218809802605905
-2.7238127195145037
-1.1703813463183332
0.29728675007608096
1.5522255134653176
2.504378828306639
3.1129309682059345
3.388761048816466
3.3872503163599568
3.194429420604004
2.9099779996487816
2.629647244695372
2.428948951734708
2.3501195757015325
2.395133433330751
2.527009142281107
2.679109613005551
2.769843426992264
2.719423870138931
2.465306871864436
1.9735150956782606
1.2442783777650468
0.31161509267393517
-0.7623145643633817
-1.8964065547637046
-3.0017809498560997
-3.9928930222191124
-4.79563183677242
-5.3511958770048045
-5.617697373515826
-5.571197235429052
-5.2056588466314775
-4.531598647091735
-3.5747104029766064
-2.375535171805166
-0.9898774460954749
0.5114658300537472
2.0448603818568123
3.5174605366307747
4.831325395842246
5.888448776459416
6.597995570575161
6.88586965214948
6.704711916653999
6.041480842225261
4.921193991305881
3.407546329279819
1.600953634611314
-0.36662627761665795
-2.3401979114789357
-4.1532811881695215
-5.643161651592894
-6.669082791885808
-7.129055228467675
-6.970653849765091
-6.195103516181076
-4.857531535234725
-3.065948701795015
-0.9777501437200007
1.2102776550596914
3.280424529489016
5.018366544355769
6.238159625243352
6.803356364530044
6.642141375116095
5.7568842413493035
4.228598953195584
2.2143730533186115
-0.06543716443022013
-2.350902156205521
-4.373699458943742
-5.890606493224367
-6.714945725679527
-6.742627469167468
-5.969222656104206
-4.494180342266337
-2.5101445030809906
-0.27886116285630824
1.9026847578387516
3.741952816096896
4.99200200338524
5.489054566059902
5.180902260874707
4.140658150182911
2.5615473417464214
0.7303874549712196
-1.0187847247390205
-2.362468149337256
-3.0434294904402033
-2.914082661646082
-1.9633431403767851
-0.3245953347225431
1.7379787035676693
3.8653084536053193
5.658191279854032
6.743109678265853
6.8367362879299245
5.79538318915924
3.6406586301731836
0.5601187057094635
-3.114318092493448
-6.947092728017539
-10.455112060283648
-13.172391809969128
-14.713031289935845
-14.822617961807731
-13.411707706456877
-10.567958443896456
-6.545431036548269
-1.7325226190812035
3.3965241117120883
8.3392589409567
12.623754457174616
15.860431586735881
17.7800263443596
18.254167322128705
17.299031796784835
15.0636151206571
11.804195550193329
7.84847917621206
3.5546757908019124
-0.728523211798017
-4.69477820945076
-8.101716861883373
-10.781833774478741
-12.6455091081502
-13.677734986822761
-13.928290291596447
-13.495403241813646
-12.505114342213409
-11.090217327519822
-9.372666178226089
-7.45197330081827
-5.400041384671521
-3.2617545062930824
-1.0606941172658706
1.1910597376640975
3.480447624632412
5.779872781369627
8.035672330615121
10.16250811619312
12.045492340774418
13.549392985038008
14.53273990893906
14.863686825162732
14.435668288150202
13.182889687327236
11.094569010159152
8.224393185785583
4.692509173695641
0.6806189584760911
-3.5778786409447916
-7.812110748560606
-11.73276113847843
-15.055101353970224
-17.523588918729683
-18.93551738493419
-19.161525727701438
-18.160454553640655
-15.98607447070304
-12.78444679563625
-8.782616974636477
-4.270531696931971
0.4224369673242267
4.955530559485516
9.006929527341525
12.302102580334667
14.636115464941001
15.888078108380249
16.027971331099955
15.116527394786733
13.298362038671721
10.788200036337779
7.84930440823941
4.7636834589884165
1.7982624210673253
-0.8243412155505777
-2.944653788706821
-4.4754906626214055
-5.403936474432308
-5.786718152070318
-5.7384083770932515
-5.412077466057945
-4.973475127255547
-4.572819462694086
-4.320329827798795
-4.2706674737541555
-4.418605233784655
-4.705373817975894
-5.0329971291503
-5.283209954996166
-5.338083125707061
-5.099426190604076
-4.503287216118659
-3.527285250060314
-2.192051633561069
-0.5592598034233451
1.273612458276242
3.18307118565284
5.033233042224507
6.690276256116588
8.035080150453451
8.973043919875558
9.44071862517774
9.409023606148434
8.883325378714556
7.900934240271712
6.52632427206928
4.844406611748671
2.9528134080270894
0.9544304109847744
-1.049182955787654
-2.963243395777036
-4.7034794424800666
-6.197491996164301
-7.3837410458880175
-8.209427463533025
-8.629808059425194
-8.610816575860635
-8.1344332450439
-7.2055267081660945
-5.859890787587555
-4.171910962141142
-2.2574295631949988
-0.26800047415519684
1.6232271367178768
3.2411390392444033
4.430757600316777
5.078510577809114
5.129035807196488
4.59451343150529
3.5548065056769484
2.1489786087933296
0.56077900263709
-1.0000839631192786
-2.320417786733198
-3.2083169160771803
-3.517443404943214
-3.1670597633110344
-2.152914234021913
-0.5461690218944582
1.5174441029091967
3.854154726075158
6.252208309895946
8.495377886312314
10.390138166752383
11.792668443107083
12.625000141843872
12.86902954956165
12.536475786170369
11.623956089318197
10.06795007493776
7.716042787361499
4.330666497522871
-0.3633846039059559
-6.5883965200462224
-14.395926516913704
-23.549523410853396
-33.44127254300853
-43.07257825030765
-51.11788463231375
-56.07298238383732
-56.47211670793016
-51.1428087589976
-39.45599101296709
-21.525293907069468
1.684822366141798
28.368898144212835
56.01737740070207
81.67065166205998
102.26241498326779
115.00958653739809
117.79582841187337
109.49236221654843
90.16533264657029
61.13441717124518
24.87047314687019
-15.256091849086639
-55.345182021769645
-91.40919308548877
-119.83127147423184
-137.78035196241873
-143.52961695391906
-136.63933868887892
-117.98454206423669
-89.62781962756314
-54.55576062333666
-16.31427414798634
21.40793992213564
55.19186426811979
82.24440854003731
100.65813418903
109.54920601711491
109.06448739905352
100.26607820114754
84.91779610097366
65.20923897221545
43.45779372450501
21.828847670654376
2.109866793029986
-14.43723625808037
-27.136826008087212
-35.87753852113743
-41.01928286039281
-43.24808965364782
-43.405054140758864
-42.318660472383975
-40.666132439965594
-38.88101516072232
-37.11445187751717
-35.249582201740324
-32.962808950182115
-29.82061639310853
-25.394746269502754
-19.374144671452456
-11.653386264360137
-2.3840247743229974
8.01683872217531
18.90003431987286
29.453950916093607
38.79989374057471
46.09891286611672
50.65465042330577
51.99915413556554
49.95185180913589
44.644265290521496
36.50645748346616
26.216868656075658
14.623603623381284
2.6497305080840885
-8.80387080294426
-18.946099679466144
-27.164109981358045
-33.06642278753042
-36.49804144439123
-37.52778997496139
-36.410999786047284
-33.534681984316656
-29.35572032188155
-24.342337394850937
-18.925147168576892
-13.460463536141043
-8.207768828471957
-3.323284115007373
1.1299568896421939
5.157794006262713
8.801745093184744
12.105039232148266
15.085712956871376
17.720522931012333
19.939719235753625
21.632336172951458
22.661734932813523
22.889028688620296
22.19963196826897
20.527599357618563
17.873466029853933
14.313226517482972
9.997843856822541
5.143737136846723
0.01567641885718815
-5.095770208677158
-9.89985390496134
-14.131072616621301
-17.570556908811746
-20.061113093927588
-21.515246778219844
-21.915338418244488
-21.305883139487378
-19.78019874600511
-17.465289672641603
-14.50767507962364
-11.061260088990966
-7.277468217967568
-3.299291316283439
0.7383221491149626
4.7032835287936585
8.462334359870031
11.882264697386056
14.834804890841294
17.200657693572683
18.86985272343434
19.740106044456383
19.718136192166703
18.727853576017967
16.725793923316974
13.721241737355035
9.79652519883895
5.121767199128346
-0.04140608940292595
-5.350670110196539
-10.40834642016503
-14.798248747555263
-18.129623332272203
-20.08290697432411
-20.451089772185355
-19.170881636811558
-16.339281900594045
-12.212048491846959
-7.182064720721548
-1.7391210567938764
3.583321735192629
8.266322203208519
11.860429873186122
14.031758476703782
14.59667437729773
13.543211280129565
11.035671736162953
7.39877980661057
3.080723118278002
-1.4009387045839738
-5.522148198733032
-8.814068609067522
-10.91559092180045
-11.611029058074012
-10.849150017177971
-8.742475343980658
-5.548744894856787
-1.6374013201383486
2.5554011624221564
6.57784442726352
10.012765911467392
12.520622829395837
13.869877997405014
13.952857818822803
12.788498971241383
10.513508978499088
7.361989751272662
3.634927303130006
-0.3355180367724833
-4.220467823984638
-7.722726737694096
-10.597082398181103
-12.662781603051975
-13.809900543250556
-14.001194470570706
-13.269629504389995
-11.711171221858935
-9.473340251847985
-6.741251024424445
-3.723100872795312
-0.6358672614126107
2.3095225208023056
4.923185010771096
7.048106800852477
8.566035264604707
9.399867989956654
9.518308204450014
8.945366612274894
7.771017879131445
6.155636929837941
4.32142600333465
2.528006224174857
1.0351399213910846
0.060167075135162916
-0.26119052553750177
0.09630306325418017
1.033544144148588
2.3315662833125192
3.6767043334161063
4.705666706193748
5.064354486084097
4.470508618745493
2.769501149034209
-0.027053289738092835
-3.728038361286663
-7.9780009747187295
-12.298313091759823
-16.148034223686775
-18.995035304434403
-20.386224068153066
-20.00742043146553
-17.726983077810385
-13.619518891110328
-7.966963404701282
-1.2355237677621
5.970870289847267
12.976215333245237
19.108580322907315
23.776270459099997
26.534176126490397
27.1320433086808
25.538944383018475
21.94172939630642
16.71860543740672
10.391754489845297
3.5648822069500956
-3.1468693008143886
-9.185193630758214
-14.104598016156187
-17.60848211808618
-19.563267172879364
-19.99233769169804
-19.052953237692417
-17.00097413781823
-14.14975476625777
-10.828824103515242
-7.346761309165736
-3.9625439440192967
-0.8685597060472918
1.8140132604913917
4.0290863277349445
5.772284115979847
7.074223851142671
7.983197078514016
8.54971614219782
8.815812787965998
8.81060564713126
8.551500563595024
8.049486862066308
7.316718162826266
6.374010927726855
5.2553163732115875
4.006906268983837
2.6818577596155975
1.3331931534666122
0.008782353373631991
-1.2512193467890653
-2.4152052168234714
-3.4603189811775894
-4.372915280713845
-5.148916381145547
-5.79174730561945
-6.306091396278123
-6.689350676083116
-6.925151758902958
-6.9821514885372675
-6.818068926004679
-6.385791439641456
-5.6393136856628425
-4.541568288456782
-3.076941119669316
-1.2665983979448776
0.8192274173266011
3.05743474686637
5.278725731044577
7.283569048800514
8.8657320845616
9.841314650171066
10.0782786497188
9.519324641747883
8.193118589334327
6.213185277801882
3.7666574905667205
1.0951940806385443
-1.5307148385721745
-3.8424666507584035
-5.605582906999373
-6.6488074087908675
-6.8862296948554995
-6.330220099048997
-5.09339435996953
-3.3775356607691607
-1.4488889937871152
0.3977545561088136
1.8814398444117895
2.7774620964744234
2.95209840591172
2.3827279871360556
1.1599099353813547
-0.5276088857815809
-2.4211521589773684
-4.229084708550856
-5.667274395055135
-6.496844816379343
-6.554140114818003
-5.770708829969574
-4.182450708473433
-1.926858029891131
0.7720286646840827
3.6296727451457222
6.334987320876415
8.587381471622045
10.131941241553902
10.789030667743416
10.475377374121418
9.2142447554752
7.133381913618735
4.450375322288276
1.44654008479702
-1.5670419378230207
-4.2866343261140685
-6.451941937463778
-7.87707319923234
-8.47195386486455
-8.25048882135931
-7.323850680939937
-5.8802240838134905
-4.154854852191397
-2.3955925945639613
-0.8290309407330834
0.3689036476861667
1.0941639821376812
1.3230873217795736
1.1067365292447198
0.5553451315483823
-0.18121737604225846
-0.9335253758804143
-1.531774650350002
-1.823490066308171
-1.6896340489768122
-1.058527293409503
0.08324807894162091
1.6832075556910917
3.6196962674605437
5.70663363644316
7.709330775719448
9.369509519563769
10.434922242996832
10.690738840572301
9.99022581271161
8.280190688151142
5.616761478787635
2.16865712812175
-1.794374947540133
-5.928523349962704
-9.854322496510079
-13.199002838560464
-15.636044036012695
-16.91818575312607
-16.90204691800917
-15.563120483793293
-12.999478278322034
-9.421795549129014
-5.129240065700283
-0.47514243861051847
4.170616748654418
8.455585286330908
12.071440288483041
14.7741350514441
16.39869387824301
16.86729146436293
16.189067974771223
14.452421091601275
11.812510434312077
8.476807764184889
4.689274039649158
0.712717306391742
-3.1891206533520102
-6.767502630398243
-9.801330787553852
-12.104913396806886
-13.530850507567562
-13.972113425543332
-13.36890502484196
-11.72350493790654
-9.121557600352295
-5.751806624939263
-1.912363572790505
2.0054000653045567
5.55700743069269
8.304126559037734
9.882762819145423
10.066849719243073
8.814459304885668
6.2879233272613835
2.8429951934294757
-1.0137561698771274
-4.694081174166405
-7.612927784905801
-9.275663102247782
-9.354091040329429
-7.739684886734566
-4.5660235299433936
-0.1968609851706925
4.818388551964281
9.815094826169565
14.100465934606289
17.04620521301989
18.173936036869343
17.22086696691603
14.177060697175536
9.290201626882872
3.0367872730342538
-3.9370592847154007
-10.895623533588305
-17.101198689322697
-21.89714190103612
-24.777774736146423
-25.439443236630456
-23.808277546219717
-20.041851038994704
-14.506152315346567
-7.732596543162873
-0.35998804347658275
6.932997602419293
13.497581623771431
18.77945462877673
22.371089881016
24.04566216997161
23.76901340422734
21.688880132622668
18.10375918743343
13.417977246462758
8.091260822235904
2.5894198154866785
-2.6587026815380153
-7.2940477620621635
-11.0485990201366
-13.755280549655668
-15.34604771789694
-15.839152248815868
-15.320726364455922
-13.927060019740022
-11.83081699076907
-9.231704117909112
-6.3503801772674215
-3.4209718165470218
-0.6759247263057405
1.6783152273347741
3.4894724027216033
4.683993528471073
5.28181630179771
5.396217856441799
5.215636043146424
4.96868437623653
4.877983977248269
5.111639482471201
5.742776523564055
6.7262157933181275
7.897783635384455
8.997433139267203
9.712257559820006
9.731232390053362
8.802266462749097
6.78300879855241
3.6780850760934083
-0.34379121085554176
-4.958078401710611
-9.718949461174217
-14.114955924190841
-17.636689998911326
-19.84534294177363
-20.430712069141013
-19.250526366005182
-16.348149142834266
-11.949165985618327
-6.438859168695787
-0.3227221647996743
5.827709455340908
11.438995977408554
16.001334962213942
19.124997118600913
20.578980259508405
20.308172414993496
18.429690529636847
15.210309344589627
11.027792884403176
6.321488567173964
1.5394047105099677
-2.910976868939858
-6.70196847962512
-9.611050541202811
-11.530721666659698
-12.462712476281434
-12.498932348261263
-11.794861259474628
-10.541162905186956
-8.936087323652105
-7.160445770702306
-5.3589461793729845
-3.6306574373665854
-2.027385031134101
-0.5575358837324694
0.8049592267235904
2.1062684441919424
3.393883495326485
4.696232820221413
6.004975344562029
7.2659632792783775
8.384155183918795
9.241787262097857
9.721820859579513
9.727203863248203
9.191328704066336
8.081138170511274
6.3974434590362455
4.176118724758357
1.4911156635796607
-1.5417745874798974
-4.762612895888251
-7.968716852231449
-10.921316342460106
-13.359240235597728
-15.02106759023264
-15.673876996782614
-15.144088348126319
-13.346868467249745
-10.3114977950904
-6.198510770385138
-1.3027842637505422
3.9623917324210103
9.101515055809115
13.590108712246186
16.938682384005087
18.758697229368636
18.819691981847438
17.087100376820555
13.733812227187387
9.123361839448982
3.7670289762029805
-1.7395602451529042
-6.791960440558243
-10.85390848524764
-13.524814833387314
-14.588447417609872
-14.036184817644788
-12.061758251211815
-9.028190432340482
-5.411341788638933
-1.7287911677124665
1.5341085387311828
3.989838539598005
5.397740478942807
5.690692908800853
4.975982193956525
3.510205080923968
1.6518871758361702
-0.20119199065806811
-1.679753924124325
-2.5026396454920734
-2.5164596039076446
-1.7107537120536225
-0.21098361291646792
1.7462126307046866
3.8509475591268574
5.766837421461038
7.182183527380623
7.858552962075634
7.666598944606555
6.600775700133046
4.77118399105708
2.377200997559145
-0.329241603515871
-3.0823339840218478
-5.635313787464863
-7.782394382340574
-9.369065022389238
-10.294139043575232
-10.5078601283035
-10.008746430399134
-8.839553042593039
-7.082113774801656
-4.851685620085345
-2.2907292420998
0.43926494644964853
3.167885064841066
5.725916949497831
7.95442797609659
9.713189372076762
10.88864774564102
11.401248332712528
11.211906870442423
10.326865553126689
8.799003312687919
6.7237704886108105
4.230364420359986
1.4709763520915384
-1.3894336556596485
-4.181880564161119
-6.740848401820158
-8.911483105880412
-10.557008086079499
-11.566165299973612
-11.860773189736303
-11.403482314202567
-10.204785599411379
-8.327675930796826
-5.888498856706854
-3.053256039888114
-0.029137537361922476
2.949663643095747
5.643039464410818
7.831553390661537
9.343786843574158
10.078766999353828
10.018983583217647
9.231378437912799
7.855904766709251
6.083782049924735
4.12957967115972
2.201755356407407
0.4760823768259582
-0.9237965430231573
-1.9362147373721086
-2.561861320672733
-2.855273066101895
-2.9081088865752758
-2.827817859264842
-2.717664825039819
-2.662181538049797
-2.719150404878862
-2.9181524420004985
-3.264442046740033
-3.7442948299834513
-4.326865926908868
-4.960487159179521
-5.566324600085819
-6.034885053663392
-6.229584999392141
-5.999214155295265
-5.199260928276958
-3.719839245412952
-1.5154870043596276
1.3693517685908874
4.7852581306446025
8.477599025991166
12.102735293169589
15.259523886814254
17.533082899239098
18.54667622109964
18.0161364865822
15.799116098237262
11.930600585063694
6.637938953907345
0.3313778052197953
-6.431459543937855
-13.004705227295956
-18.72876570368169
-23.00832608143639
-25.38303594276834
-25.583315530920583
-23.56540150185986
-19.520136371330917
-13.851904487129602
-7.129048684270525
-0.013418762321848202
6.819273069850408
12.756405901321271
17.3128120117774
20.175615669606668
21.22591536619323
20.53628491513645
18.34572048608456
15.016840619484169
10.981985418066449
6.685497151346083
2.530571395065912
-1.161300607851489
-4.1740855060707425
-6.404465271482967
-7.855107377546576
-8.616628508124027
-8.840591674120528
-8.70627059186774
-8.385721323737169
-8.013560031230949
-7.6668338820790884
-7.356675097420823
-7.031403795819378
-6.591407265692511
-5.914789539140461
-4.888475738564881
-3.437499578544152
-1.5474946094563866
0.7222307548239815
3.2373836837488263
5.8008695109287505
8.17753419480085
10.126984054739895
11.437363249050255
11.953100663787048
11.593059433356677
10.359289511832317
8.337897914689616
5.693312274235892
2.6563424090827255
-0.49514742195658085
-3.4642272600772688
-5.9698566329150315
-7.783581751264454
-8.761060577628209
-8.861769466245116
-8.152555111967052
-6.794806503987618
-5.019027711106849
-3.0921787380408157
-1.282230314035474
0.1765351921412579
1.1136370270903728
1.4442004277824665
1.1798333628348698
0.4271093164430315
-0.6265053208753028
-1.738365767538603
-2.6463732960303687
-3.110435071386408
-2.9517594283459574
-2.0826143786972064
-0.52321244343122
1.5955905957705037
4.044781453973066
6.523915764500927
8.698620736519953
10.244149365881935
10.89003176177052
10.461249857932053
8.911142367431783
6.340060872044736
2.9939412839790926
-0.7606301459045899
-4.484601966811966
-7.732207594802373
-10.122055715513712
-11.39804724517078
-11.46757712744204
-10.411225954759264
-8.464010612055684
-5.9721306949810105
-3.3327979863814043
-0.927589699914527
0.9398453431136824
2.0918031156982764
2.5019703204444874
2.2937363685158645
1.7114711636980413
1.068811008841897
0.6823341627095911
0.8032874141694936
1.5615443416735337
2.933922965552334
4.7435279184446735
6.688964730963234
8.396241881014435
9.484225471594572
9.633627066161962
8.648234797294062
6.498013167720832
3.336793921031194
-0.5097794508018377
-4.586627266131697
-8.37641646254713
-11.380163369134607
-13.196854983355434
-13.58737135085136
-12.510808536794837
-10.12779929343337
-6.772467355665701
-2.8988744068068795
0.9894833907447838
4.415592101432166
6.997334861880313
8.497449065219294
8.84814990662384
8.148045628152838
6.633245734566737
4.628563543811233
2.4881124462488198
0.5362099302085165
-0.9813918312351504
-1.9288056623278427
-2.29036743785099
-2.159393407495172
-1.7070697895287459
-1.1379347831638729
-0.643252736673279
-0.3624391313059089
-0.3575456246830246
-0.6036480604627349
-0.9975565452103639
-1.383752999515881
-1.5919209102618066
-1.478357577661267
-0.9628612204453182
-0.0527696636046981
1.1514373382402416
2.4694793039507297
3.669799148894323
4.508107647411684
4.770771963297686
4.316360230660912
3.106494630214316
1.2188440269135312
-1.1590642290601185
-3.7520657867677385
-6.232015831256448
-8.261394057912968
-9.54028673182872
-9.848663677410169
-9.076434630528912
-7.23818109653827
-4.47380950853708
-1.036616676859467
2.73168380242666
6.438354327746498
9.684697633440736
12.112202456855025
13.444864516509343
13.52326435709155
12.324651267562974
9.964677595673225
6.680736267809222
2.8008292948228934
-1.2952302423776505
-5.21520368817409
-8.591500390155336
-11.116959210983595
-12.57748775477219
-12.874046474478902
-12.028139525945244
-10.172610899817052
-7.5321518377483745
-4.3952449352386065
-1.0801526309656253
2.0989237829327045
4.860069213223109
6.974700733413145
8.28252035549007
8.701823095354035
8.235564887488753
6.972432483974333
5.081349131346367
2.797929884295068
0.4029880446483749
-1.8058744484302274
-3.548747165812029
-4.60080608019648
-4.825841928628134
-4.1992100366275595
-2.816667906731519
-0.8878042164027351
1.2873351798707242
3.3586292216550864
4.9771952704817926
5.846983283659432
5.770113441239708
4.682624861587882
2.673530414782995
-0.019431823426272206
-3.0373367149444204
-5.948189442877932
-8.311399615879287
-9.748121558678145
-10.002637125819849
-8.982689757097845
-6.77325894720307
-3.62493802305697
0.0785326053257876
3.869194516656744
7.255453150416336
9.787604742201761
11.12047767351734
11.064677801651747
9.617657413537406
6.967998135820306
3.4711912866912864
-0.39952297679752696
-4.120375627656736
-7.193050382363725
-9.216543150584625
-9.941052078560583
-9.295982097584998
-7.392145389799327
-4.502086768958171
-1.0227888528745779
2.5758754662770253
5.813185205037371
8.262487179755672
9.60782369949293
9.682702779174333
8.48640038701324
6.178211597959224
3.053439804517681
-0.4948471482901207
-4.024936614621973
-7.101331163579711
-9.348223160332637
-10.495536105588839
-10.413230043386069
-9.128879255981632
-6.823420266874131
-3.804363494243437
-0.46158179092292645
2.7866471061980063
5.54984166918983
7.517243189583314
8.498612736379146
8.445242293955268
7.446368636854569
5.706363826969963
3.5112009895596943
1.1870237228841558
-0.9464480756256193
-2.6192896032579247
-3.6437541555705013
-3.9338132178576544
-3.5126572203074393
-2.507494563719521
-1.1298824484399534
0.35752001564425095
1.6821449938546786
2.6030218682661883
2.9461430934178323
2.628590156296372
1.6679471260327405
0.17701392011584566
-1.6529216929175803
-3.57707812045896
-5.328371621070968
-6.651159034373896
-7.332527511709067
-7.228146975454256
-6.281578254243912
-4.535413133089459
-2.131850546619771
0.6995537482388366
3.667055538110103
6.45092835780118
8.741354237297013
10.276069151976117
10.873274225247156
10.453495667130845
9.046309070007108
6.783494669384413
3.8833149968345095
0.6287644495052696
-2.6600994863985834
-5.658903244053567
-8.073462009201611
-9.672207157798406
-10.313132201566226
-9.961199293678428
-8.69234493534113
-6.682608175064898
-4.183455782355925
-1.4867858186117289
1.1136158135124812
3.3562358224251345
5.03737498858246
6.02821953092002
6.284150035594673
5.845837640396517
4.831764516495313
3.422096615252742
1.8340303647514102
0.29107477767855994
-1.0075366482830195
-1.9106386444322085
-2.3296764853463126
-2.2456225886289856
-1.7096667070322744
-0.8366007433122206
0.21069334609163107
1.2450422585474907
2.0834494758092705
2.5747132234245425
2.6211229174286115
2.19143841210465
1.3243829284210529
0.1226547085837781
-1.262235807421241
-2.6524824066476977
-3.868792652979138
-4.7513402962064175
-5.175067755721448
-5.062072831419226
-4.3924637551311605
-3.21124026729859
-1.627738160328411
0.19423090373465762
2.0549529899329277
3.7436113149646513
5.065967430440267
5.870760510065029
6.070887973520074
5.657197492746846
4.702507283954102
3.3516972571153794
1.7961696407079013
0.23763331257292228
-1.149073287600719
-2.2444178416040774
-2.997725863461118
-3.4247056214197023
-3.5917582844082596
-3.5915592810583745
-3.5152821126837455
-3.428039084928875
-3.3532716070603574
-3.2676566732945274
-3.104914198188951
-2.767971701067908
-2.1505075576000956
-1.166552669374059
0.21799810936407216
1.960822427383968
3.9327469616657122
5.924807547334217
7.672741771721013
8.895499827240256
9.341100282767663
8.831787565811446
7.300556627089606
4.811871847648643
1.5624111978726487
-2.1375548172110537
-5.898799299205029
-9.300320480643684
-11.944007917798352
-13.507689579381973
-13.78624715183278
-12.715103060912634
-10.376062003970635
-6.987445990174042
-2.8801459816341173
1.5383896778322232
5.828895771459128
9.569180490453267
12.401772794479998
14.074279818957235
14.466153915693857
13.596884205739249
11.61392714868501
8.763247334532567
5.349822580572811
1.6971062257663359
-1.888200334243898
-5.143149647037151
-7.8655690480249865
-9.920270727209356
-11.23554165113487
-11.792210288777266
-11.608814024335208
-10.728320681074777
-9.211393319550394
-7.1375023277099965
-4.611277525836266
-1.7688934293254739
1.2208500190387142
4.162779312960351
6.847545291458678
9.068009926931449
10.638612919534248
11.41606754021422
11.319121135232976
10.344160569910803
8.572322160286834
6.164536078876905
3.344095894365243
0.3699939061222112
-2.493456627540076
-5.005167425516377
-6.97049367426533
-8.258152605148426
-8.810694708677538
-8.647392680626188
-7.858096199848317
-6.588059049143808
-5.01548428008437
-3.3250646328748377
-1.6821491394538388
-0.21185616204845797
1.0142223057644997
1.9818249738822717
2.7267050978091043
3.3164783798539546
3.825219503626464
4.307269606938878
4.777397899095324
5.202105953498353
5.503296584143899
5.573336351672917
5.2992890228057234
4.5918889898394815
3.4123184735303327
1.7896606153239563
-0.17512192715178984
-2.3185478410712723
-4.4339457361463515
-6.296502950761191
-7.6910430543045445
-8.440639778545737
-8.432945110658073
-7.639006210382726
-6.119840048937719
-4.019607183356899
-1.5478753157356127
1.0451352556237479
3.4966945214092378
5.5600643877693425
7.031031358262046
7.770534389601305
7.72100792200354
6.913822228394099
5.466154535390013
3.5670355686974045
1.45374914836336
-0.6187143624716265
-2.4115080305236174
-3.7346631585690235
-4.472686365123492
-4.596736624621827
-4.161098726068156
-3.2876628414610334
-2.1446388905167497
-0.9233241242273569
0.18645650002795278
1.0215322793118071
1.4681232178618717
1.4780941623834114
1.0758575213765216
0.3546187961753744
-0.5377693897787514
-1.4214626970617736
-2.113166566039733
-2.457100427459604
-2.35245827899171
-1.770570151142725
-0.7592612773684572
0.5630566505360629
2.0212747542635836
3.4056523117292645
4.5012347866562585
5.120900078896786
5.136882923032245
4.504920946150165
3.275551906175866
1.5899387174300823
-0.3394412217300192
-2.260844420811156
-3.922276691263623
-5.109308320194307
-5.67559179784947
-5.562792329654765
-4.806699922730545
-3.5273594816666605
-1.905731170159523
-0.15395341956322936
1.5134931659001962
2.9040394905751707
3.866086633895523
4.302568559017637
4.1787650696290966
3.524802924927856
2.4326853492078477
1.0468847515152837
-0.45157042814640236
-1.866459596051378
-3.0114153546350253
-3.735273908382112
-3.9428830238150376
-3.60719379887674
-2.7708800654088845
-1.5381998548323033
-0.059366168294936614
1.489510369511231
2.9276857938898426
4.090043144736584
4.8452336487250935
5.109782600564839
4.855217477124464
4.107030929544962
2.9373174472403596
1.454118440000383
-0.21018838958647054
-1.9105034398064356
-3.5003249142319883
-4.841779727426785
-5.81382499456416
-6.320324628840028
-6.2993937893519805
-5.732169001969201
-4.648194842101766
-3.12652135716392
-1.292999973171306
0.6857157230399977
2.612512218663774
4.277686681325557
5.486072756096321
6.089389221742511
6.015078039476351
5.283257741684604
4.007750403902955
2.3818854303281642
0.652100933871739
-0.9176520209010671
-2.087437225527416
-2.6828997429789836
-2.627746841017875
-1.9587991436169654
-0.8206259191576073
0.5580902918602715
1.9017618645249565
2.9322074872603654
3.4124721801945204
3.1836792061629944
2.191097445339375
0.49718039860826124
-1.720824590929038
-4.1903428220917025
-6.578419061077947
-8.536969201921336
-9.751325622674319
-9.984964621821868
-9.114459303007045
-7.1503901148988165
-4.241575365618251
-0.6613943815488276
3.223841348567798
7.002173480766801
10.271994102306273
12.695378521598887
14.03732341503703
14.185240195556549
13.150738829192461
11.058276171105577
8.122685330126039
4.617963200341189
0.8439738467315346
-2.901825578884566
-6.345671511707327
-9.254384449729839
-11.450008139898983
-12.820293035809689
-13.32106505802102
-12.969862123446129
-11.834870727717265
-10.023650748868087
-7.67325080828667
-4.94112655183973
-1.9959664047613903
0.9918006556975469
3.8587884839518356
6.455089637219961
8.648280672230591
10.326608992160835
11.402287404199717
11.814919419480411
11.535611379037668
10.571827418171559
8.971253833018787
6.8225503202797535
4.252141592294933
1.417850667818534
-1.4987243891791096
-4.300222876341267
-6.783974853453653
-8.757840902058307
-10.061147400291443
-10.586573419045427
-10.297733898216979
-9.237700185730937
-7.525326408556281
-5.340345356587125
-2.9018495183625173
-0.4442018196841023
1.8076815766378291
3.6617739865529977
4.978658467484287
5.685437284858969
5.7820363282402125
5.3383362114526784
4.481678613144622
3.376350126581825
2.1986774085918697
1.1121009841331737
0.2458008976134653
-0.32075172664078583
-0.5654737713861573
-0.5217964035724428
-0.2668322694245576
0.09746965602241828
0.46523305422182626
0.7461387476486557
0.8810159634404896
0.8498139570491061
0.6694683464544641
0.38353429464192046
0.04729744843223922
-0.28851299826863064
-0.5911569596360703
-0.8519264931563924
-1.084086709348385
-1.3154722850321996
-1.5781729416263286
-1.8971760655958334
-2.2806272162503465
-2.713301516661035
-3.152709351692698
-3.5283815876924223
-3.74762564374105
-3.7098625246148638
-3.3271970704679297
-2.54595239372112
-1.3638390367745714
0.1611059860680513
1.911771782781764
3.72372550472379
5.4059977469943075
6.767194267557227
7.641951272085587
7.913761063150268
7.532130516407977
6.522132685063482
4.983023188240121
3.073813417030288
0.9885420262910765
-1.0720793127497554
-2.9261812644349083
-4.430001042471983
-5.490526445679513
-6.07184988393635
-6.194331164533672
-5.925718952450495
-5.365781528809734
-4.628049586698504
-3.822041923234031
-3.0381661197701693
-2.3370194864292766
-1.7444616665212098
-1.252889845727752
-0.8280462647641966
-0.4192688032904089
0.029766315502941808
0.5713219422092258
1.2446278829588568
2.067834850704412
3.0319419865604162
4.097551126193361
5.194968857203772
6.227844993925745
7.080548844257867
7.629617462000896
7.758197832982701
7.3710398823508125
6.408735279690935
4.860830658060648
2.7758286260799605
0.2647484729033477
-2.50386824446103
-5.317257607889788
-7.938160622638215
-10.12839565484635
-11.67348421533567
-12.406129666306624
-12.227084106573056
-11.121046984398848
-9.163729135736972
-6.516924068902404
-3.4112630220227107
-0.11933752012045087
3.0760070469477276
5.913013591852592
8.178168306842466
9.726513818945117
10.492362788309341
10.488622421374725
9.796303004974876
8.547944044050936
6.907576071870463
5.049141595749432
3.1364280953531627
1.3074086768617468
-0.3353954266176839
-1.727550622440032
-2.8389434801529534
-3.6664445007863766
-4.225809512523441
-4.544357815459066
-4.6558644108366325
-4.598803604396482
-4.417242069266764
-4.161554139468624
-3.8851655402628738
-3.6351549166964405
-3.43902928387414
-3.293714511390591
-3.1618381545417695
-2.9762508424181338
-2.6510792097493905
-2.097844661824086
-1.2456930531201182
-0.0632872222316317
1.4227316037655824
3.119138402627761
4.8720206844867375
6.487175204281723
7.760337940003649
8.510545816063118
8.60996647372443
8.004526417484504
6.722214175976832
4.869398146176211
2.6175244669645705
0.18258620907708678
-2.2005026551382043
-4.30584321280751
-5.943143245029512
-6.979271054707709
-7.352018891076081
-7.075028551155414
-6.234220779582637
-4.975975910507871
-3.4873055168224627
-1.969993770569958
-0.6124631747876296
0.43629211951672214
1.0865397474635954
1.318818975500063
1.1852854389500265
0.800141216902143
0.3180462855303789
-0.09654659411069526
-0.30168354969775174
-0.20406007803518336
0.22597664156953384
0.9525373052727876
1.8838561409198893
2.8887223447823422
3.8155610589599207
4.513802792405049
4.8576990421834
4.7686701109706595
4.22951727509079
3.2863043553498206
2.038755435673707
0.6227445129260545
-0.8117837231337992
-2.1239379228534645
-3.20138083961119
-3.972080012658837
-4.406694465131761
-4.512928899302511
-4.32548919969387
-3.8959733917948354
-3.285740735807476
-2.5616222697458677
-1.791443594051813
-1.0377393158324182
-0.3519088599154745
0.22891123804201136
0.6827907679490451
1.0030050302440805
1.1978509967521764
1.2907041737740614
1.3189119423286415
1.3287844078515503
1.3661438265203873
1.4649799239229104
1.6373501317408061
1.8672459569045443
2.1110538962100427
2.305752712062924
2.3832211397539793
2.286880623462599
1.9858947283741908
1.4833594621825947
0.8179940760670934
0.05987858931567948
-0.7001868347028436
-1.3671157459620698
-1.8608209414996113
-2.1338587519780616
-2.1819914023529567
-2.043586428793537
-1.7880486311346389
-1.4973704602481064
-1.2465571771055728
-1.0879983730422622
-1.0421912620606844
-1.0951199495676758
-1.201908132763236
-1.295516332129177
-1.2989133996363131
-1.1399582431074649
-0.7682919503608838
-0.17167954339770988
0.6133847010381057
1.5019937114787125
2.372868299956843
3.088631679262771
3.5203337699783437
3.572201066308641
3.2011887773364682
2.426728985603192
1.3295793761971142
0.04125655732644845
-1.2739232284735793
-2.442026283877561
-3.304934705352222
-3.743810410143393
-3.6959764778515916
-3.162231153924309
-2.204212665935497
-0.9334007085270263
0.5051041199699342
1.9501633597644383
3.2413183352113224
4.234751231437409
4.818451371569972
4.924633328034055
4.536701591933164
3.6890751793742242
2.459824444212339
0.9580973496126282
-0.689518816395716
-2.3499837253893556
-3.8925571721951324
-5.19824564967312
-6.170056716451259
-6.741035454569346
-6.8778763568709795
-6.58004049578694
-5.875303780618431
-4.8131079493640145
-3.4572189957846504
-1.8787704078784015
-0.1503524859783061
1.6574511904268008
3.474646779285428
5.225245297484569
6.819993170043773
8.154318937099184
9.113974663223667
9.587333538566455
9.481856585186174
8.741512679421842
7.361610288288351
5.397964016561175
2.9684582934725516
0.24647933271703618
-2.5531131790487005
-5.193865984274952
-7.441531426599852
-9.090313380823838
-9.989546363401749
-10.066680243916188
-9.341598740253641
-7.928578976097631
-6.023627827363078
-3.877337385282559
-1.758074928746539
0.08620157581079423
1.4606318337094055
2.2481473872080753
2.4257517017707735
2.069722244182542
1.344860859947312
0.47603525374165645
-0.2929604393963692
-0.7438466556737228
-0.7221627467104489
-0.16176453727180257
0.9089478532890479
2.3780626597295162
4.073112890085707
5.790686390097367
7.3284112060648114
8.514132670701112
9.227837554908325
9.41510704116067
9.092180884800356
8.340877480898927
7.289787327753691
6.080218497785239
4.822195317842533
3.5515676305228014
2.1994021977975717
0.5832916665083796
-1.5710740357949393
-4.574665415924712
-8.69051541580366
-14.031611384240767
-20.46129389449593
-27.522565288840994
-34.42180780351241
-40.08339800000713
-43.27705580681847
-42.803223483828084
-37.70874612731129
-27.497938091534543
-12.30101339599274
7.03668110874095
28.970984171140092
51.38732559118609
71.82597428412157
87.77408671670418
96.98671289839041
97.79434632072676
89.3546734876925
71.81257924274958
46.34310221169876
15.065953489095369
-19.162765399125693
-53.05852777358158
-83.27800040850993
-106.80221049113527
-121.28190489202936
-125.29868341178347
-118.50937399519312
-101.66075587176134
-76.47962302486768
-45.45665136928876
-11.554637653756172
22.119319716306215
52.63703225047701
77.53246837007481
95.01707012472477
104.10802837558843
104.66114842354574
97.31120099221927
83.33343218693268
64.45040652754096
42.61595061771319
19.806921986105863
-2.155865525074255
-21.745868442065802
-37.82209995177359
-49.67145508861218
-57.004505529125204
-59.91232081863868
-58.79680463586945
-54.28852514378748
-47.163096793752025
-38.26295260353099
-28.428056256581737
-18.436891665986586
-8.957912993087593
-0.5118688984397226
6.552823208564093
12.068170004613746
16.0362870760632
18.60212139373472
20.013062596639855
20.57038574704089
20.5780360350602
20.295082883934025
19.898867327932592
19.46487945456233
18.966505694824324
18.293710515133878
17.28528212161065
15.766981772611844
13.589188381761776
10.659772247413079
6.9683780652703025
2.59817487781884
-2.2767023674205715
-7.405517276178111
-12.482484130065869
-17.172415195552308
-21.13891290690727
-24.073719539394308
-25.725762732569127
-25.92743160341559
-24.614616165361355
-21.83839125532718
-17.767756653032396
-12.681537269702487
-6.9465282510071305
-0.9828442786457642
4.776805209482758
9.926666506710845
14.123041043688954
17.11350883981779
18.75807465323399
19.040174591784204
18.066551910518783
16.055921792243087
13.316501475356656
10.211938416006753
7.116881409584948
4.367859472776206
2.217460512030651
0.7987254877765757
0.1053656107315545
-0.007487927377153731
0.20095120091475466
0.4041111120115798
0.27075597759045744
-0.4695526619136086
-1.9714762888650106
-4.237820163595805
-7.106862476885323
-10.2666490595279
-13.296879667387826
-15.732358550366996
-17.137062152320528
-17.177026161685014
-15.680574687252578
-12.67601904626499
-8.400737924348403
-3.2789473293220253
2.131513347300993
7.217584408032576
11.402220466672217
14.232350328008877
15.447956307005217
15.020912293692492
13.158037666298004
10.267216382239418
6.8893369645698606
3.6057594272654545
0.9388894953389665
-0.7342549117183683
-1.2402215641538588
-0.6310873946981665
0.8314787122865743
2.7274021799754773
4.557513449966421
5.837417557112206
6.187197023971283
5.398831731469693
3.4688832999883363
0.591551695835801
-2.8845043480333423
-6.524202269234523
-9.883123199570466
-12.579145640063407
-14.347761291965554
-15.072612313613048
-14.786530820492137
-13.644844554324136
-11.877805843001266
-9.731891445726532
-7.412529668518297
-5.041408158941228
-2.6382880188163473
-0.1319242560643543
2.60231307663431
5.687382132135239
9.184252530427106
13.038477676644064
17.04564976093863
20.845934892471874
23.953265164234516
25.818726046418416
25.92025698760947
23.862884272140143
19.46962556551704
12.845177856184616
4.399846809510456
-5.172907399458558
-14.965243732825487
-23.96183060975684
-31.169080786382157
-35.7473638274682
-37.12761329187606
-35.09622092327202
-29.834977606287868
-21.907455699327407
-12.190972738645181
-1.7631249255190824
8.239575125913667
16.769037700525082
22.99710322513988
26.413168432279406
26.875510570743963
24.609969768387522
20.157689627975863
14.283158800519091
7.859280599672299
1.745881028148174
-3.3233757036607825
-6.831466828516316
-8.534080470627758
-8.474082460537971
-6.9532657707841325
-4.46734461902422
-1.6163170739499049
0.9952258559076907
2.8538858647020313
3.615611072451802
3.153332397826968
1.566791128153116
-0.8443135106096282
-3.6368158800029415
-6.300736932472059
-8.345769889618506
-9.385537146960287
-9.204940896818982
-7.797452280071403
-5.365880830050838
-2.2867721150605895
0.955302703321449
3.8508085381574655
5.950840432018894
6.942532131259922
6.702525995792338
5.318537116897776
3.07503311216646
0.4058701865894775
-2.1782709091584147
-4.17550268884388
-5.176391529455465
-4.9317119469259305
-3.394796938376927
-0.7333060502744524
2.691480749299904
6.37534226028886
9.74437786891757
12.24014853431457
13.403952904536894
12.94738421576477
10.799143854899786
7.121497001432537
2.292920436251188
-3.141187635822628
-8.541601247463
-13.260587255859775
-16.72742510361466
-18.522988867527044
-18.433978278636044
-16.47952718950063
-12.905865161000134
-8.149626423706005
-2.7761770399373615
2.596746084300472
7.378561992743634
11.07773506307037
13.35717969452003
14.067167803395698
13.253514624278093
11.142367336651917
8.104006360796976
4.5982101292288915
1.1071960008545265
-1.9319766735000945
-4.181835832148127
-5.437604660453996
-5.639070708177413
-4.8653790160995465
-3.316611636346149
-1.2852987667797668
0.8799633130697304
2.818024741986667
4.203246542771724
4.791009806564898
4.452374439020754
3.192724583263385
1.1524115224036482
-1.410484941139358
-4.152959211711596
-6.69153962046935
-8.65362911691974
-9.729527001260657
-9.717583696909227
-8.555294392834897
-6.3311276713036815
-3.27522615703303
0.268865657517444
3.8871374752062455
7.1482500162541776
9.660911030958593
11.126761945722741
11.379483892612011
10.403083641934867
8.326403013162619
5.39678730287362
1.9414021690928558
-1.6739367628215802
-5.08183278759375
-7.943975569754408
-9.975357300286662
-10.962738649755936
-10.778753615899554
-9.393270962881775
-6.882566271002897
-3.4344251037147675
0.6552373584001026
4.998417312810319
9.144501508933496
12.621164845989105
14.983947082974753
15.870297372665808
15.05095502519588
12.47009940928564
8.267131642750002
2.775625331239567
-3.5021936401839815
-9.943554757553182
-15.870221806522235
-20.62250564136571
-23.633208126223256
-24.492900049809702
-22.999975961804406
-19.19095381394535
-13.34703003861888
-5.973624453947542
2.2474437286835496
10.52867522222725
18.061529420989253
24.104268055957323
28.062593794681124
29.553269366593266
28.443170918654513
24.86022394905699
19.175656890017095
11.959635449762121
3.9157955471751693
-4.1976208222602684
-11.65079885278503
-17.818259676184717
-22.237358615787826
-24.64372537711128
-24.981892844336798
-23.39208659709235
-20.177097978838272
-15.755062946071764
-10.604969612324272
-5.2124876620995675
-0.022868523041250553
4.5947313407347705
8.369828713517444
11.140981029033089
12.856164578487167
13.564704817299159
13.400813507627777
12.558404954503924
11.258980125922749
9.71752621789213
8.112160818946984
6.562081474410416
5.11763193293185
3.7644219189698154
2.4395353654736427
1.0554940972604425
-0.4718885725489817
-2.1956156672024054
-4.114967341039947
-6.163835792850301
-8.21291624220957
-10.08557670177735
-11.584115852895582
-12.519773470034444
-12.739196974851495
-12.143848852012024
-10.70297108366678
-8.461392791346178
-5.5416788441916776
-2.1384133526999554
1.4971143740571642
5.080877716526661
8.32571440401945
10.972904798313287
12.821363482915554
13.750318855592345
13.732790901685693
12.83689911925829
11.211502076901805
9.056641981658052
6.585926905195056
3.9914612202024067
1.4203586513214683
-1.0331441849303211
-3.3211798566862387
-5.425217344044355
-7.333727702983694
-9.021349316409168
-10.435902600380281
-11.496239180073415
-12.100371316493845
-12.14129393023526
-11.526905892810968
-10.20005772009944
-8.155614858095506
-5.453286646426509
-2.2247019327738644
1.3294807343418373
4.955608140239973
8.373224293803096
11.304695939390049
13.50343225403595
14.778692312527395
15.015657871254
14.188387157961953
12.362533967035278
9.686845160286202
6.375907319369406
2.6877227239879242
-1.100865440689354
-4.717997703034892
-7.917511303796403
-10.495377685052073
-12.300938650812355
-13.241938880958255
-13.284018475576246
-12.447236899977014
-10.801600104930031
-8.46239045219483
-5.58636305865427
-2.368350180593364
0.9652981483224314
4.168701442720685
6.991657249572696
9.195857801214839
10.573635908649992
10.971365369002372
10.316064756732498
8.639999446784843
6.096587640167722
2.9610004380221535
-0.3902145990431593
-3.5222153944847494
-6.001973073972531
-7.46425535351614
-7.67230692424711
-6.5636366608755425
-4.271837569658874
-1.1179844826554473
2.4287712984159877
5.815942028342884
8.488504632827203
9.97324160256673
9.952673367708941
8.31701871041373
5.186260265774046
0.8981854077173035
-4.035183100263703
-8.993959577982697
-13.329735992228672
-16.449304230815244
-17.893143472602617
-17.397917526718114
-14.933623993399534
-10.709835158508172
-5.150785357296593
1.1563978536028543
7.533235260783322
13.291667254357119
17.81519044903559
20.62979692508523
21.45732822914812
20.245427629227027
17.169831539569163
12.607050002742511
7.0801182338296496
1.1868692024902936
-4.475983225894443
-9.381773922341681
-13.128210554711893
-15.470979472538366
-16.333245798716156
-15.793065445649274
-14.054653797278077
-11.410122485022923
-8.197718824766401
-4.761496633472929
-1.4162240215744963
1.5789299484312305
4.035430971767263
5.839755840890765
6.950639509585515
7.392601349548767
7.246143753242394
6.633053176006067
5.697653800779834
4.5882525714826325
3.4422566284282192
2.37529592691144
1.4733909444206852
0.7878683859651766
0.333557855464456
0.09082238534732338
0.011280284834680795
0.026497302891829066
0.058450531829191014
0.030297790905274315
-0.12300511652145384
-0.4438160846667606
-0.9419984365398719
-1.589900207100988
-2.325057906707491
-3.0605151416124006
-3.700082164132837
-4.154563941175327
-4.355248771765444
-4.262567502819366
-3.8691694820263605
-3.1974293746275433
-2.292962930505762
-1.2174540932779305
-0.043763394239805097
1.1464035853374375
2.264824907936316
3.2219892154239513
3.935935637350557
4.343206415628781
4.409245706680596
4.135131091325238
3.5587145508006173
2.7508549045242843
1.8088227482317667
0.8478842492900964
-0.009947429999580976
-0.651285477945492
-0.9897227470444058
-0.9834970404632128
-0.6483971688281087
-0.06231921801938481
0.6414288818164938
1.2930671303549992
1.7151433788460488
1.7548763207493219
1.3123029037501548
0.3594182066895281
-1.051414365911822
-2.790783724495402
-4.6661984396155765
-6.442851335482331
-7.868708226033455
-8.70419887746537
-8.755408839333919
-7.906065008323389
-6.141954073548915
-3.562027843630325
-0.37264805744821416
3.1345945003220637
6.6166191075024
9.717668032592844
12.108663475330326
13.524521140267955
13.79625707208852
12.87315959598206
10.830187292136452
7.8585618591311945
4.242191805524028
0.3249719033670302
-3.5272434640814962
-6.96716416472367
-9.70459931945558
-11.536678836394575
-12.364116402703399
-12.19156806689135
-11.115005938258328
-9.301305740662222
-6.963965809505191
-4.337758331844004
-1.655729768294375
0.8687784974448883
3.055097266066298
4.764646121983752
5.90783026894489
6.448747537273992
6.407414073632752
5.858656824911258
4.926413719893808
3.771924524436435
2.575175918695386
1.5113677068245635
0.726502498613935
0.31688375044111017
0.31586168172964824
0.6887647399439168
1.3358407756207151
2.103152777755099
2.8011744426563454
3.2305118122082224
3.213193984614516
2.624909626720509
1.4209991946574794
-0.3495256268289083
-2.5440240557713474
-4.940176570558791
-7.262468340885399
-9.21793296040874
-10.536042244356075
-11.006770948149999
-10.510547056727162
-9.034991913426822
-6.677006933733646
-3.6320580392761963
-0.173163357967711
3.3781828193692753
6.6868208747181255
9.441536974765285
11.391028602030211
12.372936753741097
12.331494041419635
11.320504337111695
9.490891274234121
7.066502944625571
4.313816167779555
1.5091647496982814
-1.0940448479391143
-3.293929245616785
-4.959128859976387
-6.0347989805707964
-6.536071337761238
-6.532361316770598
-6.126920980653459
-5.436060931170779
-4.571785870071961
-3.630507698166802
-2.6892644360599864
-1.8088547410052214
-1.0407993087700407
-0.4335231925545421
-0.033595249609885774
0.11956470970358754
0.003962518370635756
-0.3727138494707285
-0.9620428068652139
-1.6687196252653538
-2.3534006860847243
-2.847330560870527
-2.9779076293571722
-2.600079162485838
-1.6265285861724694
-0.050430245952019594
2.043882135337935
4.485388677228978
7.036660676978905
9.427156132350733
11.393681827017598
12.721017858405745
13.27498844812957
13.018818433256829
12.005351391694447
10.34549027520417
8.162311774007634
5.544677547746791
2.5139347375739716
-0.9845496228599804
-5.056960769260949
-9.803432892240961
-15.238105862201575
-21.207740055903372
-27.333674053960085
-32.99726598285944
-37.379142971343164
-39.55260212896746
-38.6215885524598
-33.88343981135275
-24.989471979619886
-12.074294243058123
4.173149098489465
22.516317755862925
41.26262107052667
58.43312409209591
71.99173511532908
80.10529488526949
81.39848393387054
75.1647596656412
61.50009152422036
41.33830048570279
16.379795239100474
-11.080858471700834
-38.407333429005845
-62.91964341717035
-82.19852797041096
-94.35847851712262
-98.2570303680816
-93.61471255875666
-81.0299173110849
-61.88841148138449
-38.18391158126088
-12.276628678228583
13.378552749976697
36.50009291157227
55.21168053264177
68.2124168944669
74.86789684372782
75.21519332447895
69.88885556663624
59.9868871933529
46.900317004732905
32.13008618248672
17.11338331289926
3.078328393891318
-9.058322851617366
-18.74135813480766
-25.773850792041262
-30.267141754140386
-32.55701862046395
-33.10359804432483
-32.39361103786986
-30.86010601646402
-28.82842742224444
-26.491405316530958
-23.911436547390775
-21.043846126757195
-17.775539541880942
-13.972967274826505
-9.532028280809106
-4.421864272263887
1.2842633206446301
7.3962025841132135
13.615299218074073
19.562948319564143
24.823670354261594
28.994219195598436
31.72987390205179
32.78141039479718
32.02021774945708
29.45129016646802
25.213666684844704
19.568331090965298
12.874957837029207
5.559468058574131
-1.9242307333969886
-9.13220800952431
-15.662024073746174
-21.1753466673151
-25.412671791712317
-28.20175829447955
-29.459850869612293
-29.18884050411195
-27.464787328130733
-24.426507360043583
-20.267180544979595
-15.22796399658491
-9.58873965728211
-3.653033281768348
2.2703191336172757
7.884060994356592
12.916183234057046
17.13134139675983
20.341296682487584
22.414658067817523
23.284189813767266
22.949335220759316
21.473959570068462
18.98048009522762
15.640072324576916
11.659228909188446
7.2660170682748335
2.699726049744132
-1.7962927798327881
-5.9827070598519105
-9.637015293461808
-12.57093216921463
-14.648646233186085
-15.801072441210385
-16.031745568638456
-15.41229697604104
-14.06892011971966
-12.163463288654869
-9.872945609439778
-7.370675022918982
-4.811551147825279
-2.3231748746211647
-0.0027542891526859147
2.0815788071600694
3.8865084470108946
5.387522445055107
6.5727852433772895
7.4385505415241
7.9867543321506735
8.224749599301681
8.166817372624939
7.836041611510468
7.264490175127655
6.490837964742569
5.5564753273270115
4.50204481042362
3.365694026233678
2.1827805076622946
0.9862835942332323
-0.19206282499300117
-1.320600701310727
-2.3685234522215444
-3.308512817426124
-4.118357057800638
-4.780697474986896
-5.283303561089615
-5.620493428896685
-5.792958772745319
-5.804317068412139
-5.656059557948069
-5.343555371516088
-4.854972063049676
-4.1744930873925785
-3.289881312455219
-2.201614583060803
-0.9300599890838976
0.48015907460054474
1.958215050563885
3.4093509542222025
4.723475386295229
5.7885609573899215
6.504973633860844
6.798506941438954
6.632045967444088
6.014747503718498
5.00472021400214
3.701719960216236
2.231785227994495
0.7297880086560443
-0.6758536851627979
-1.8755875807829336
-2.7886737971766986
-3.3705531717547212
-3.616378743141242
-3.558579556637252
-3.257966229037845
-2.791118868353392
-2.2378543280393064
-1.6711616878375264
-1.1503335319983838
-0.7168543544384559
-0.3926255066689775
-0.18118157226216006
-0.07200613837903497
-0.04561667166752976
-0.07673547095262148
-0.13586858345610534
-0.19184039192794247
-0.2161686033001984
-0.1875801247849343
-0.09556270326659053
0.05684933543895511
0.25252855650267564
0.46409199746058377
0.660808190327883
0.8149289433845278
0.90520868084466
0.9172101272550232
0.8420281344537998
0.6768275778972225
0.4285926975693825
0.11912405847152614
-0.21069572655510815
-0.49874700623315693
-0.6645238111527376
-0.6199992042005064
-0.28859565896730766
0.37108383235503706
1.3429266953975418
2.540043015887953
3.806236210763679
4.933030808322204
5.689126687882717
5.857226061421148
5.2719236186166745
3.8526551200691004
1.627568123941857
-1.2555936299433579
-4.536034481006446
-7.865265512227958
-10.847785705819012
-13.091311598407955
-14.25984683098403
-14.121695834454123
-12.5852130020981
-9.717505343076926
-5.7431039159009964
-1.021598997267201
3.9928490298142316
8.803471136626547
12.927374997013883
15.951224586995304
17.58009249069335
17.671675423168917
16.24988245403724
13.496353534309502
9.722407617157362
5.327386420506709
0.7507816903678329
-3.5765623525635375
-7.2776163737568735
-10.064673256386582
-11.761787806429012
-12.315241679760055
-11.792617940722984
-10.369349157720404
-8.303579025816525
-5.9024661707936605
-3.4836834436648454
-1.336286771203364
0.3144591334504793
1.3334101415824047
1.6893565929014338
1.4557190229975285
0.798641537669714
-0.04785557694399831
-0.8183065856823357
-1.2589001041606362
-1.1702565491034693
-0.4423151943722298
0.9251086830268549
2.8192459308592763
5.0282530052090735
7.269259431789706
9.22701386184912
10.598611897115745
11.137762072648032
10.69128876360241
9.222361911785434
6.8173408446580765
3.675539636935221
0.08405378496825482
-3.618049408566547
-7.08089806771304
-9.984927228528862
-12.076964915966084
-13.197020804170657
-13.292659657760147
-12.419520303001581
-10.72843461895671
-8.44135893068533
-5.8190180825724624
-3.123900005255106
-0.5848352613343749
1.6296896262707512
3.425576433520823
4.7835522609724865
5.746805572676017
6.399897579198763
6.844234540284655
7.173127853085093
7.4493656139133595
7.690026915629683
7.86188006919389
7.887631203772523
7.6620376289262415
7.075667514450406
6.041292040403735
4.516503093653043
2.5180757218361896
0.12633694693349878
-2.520222674114691
-5.23794178256472
-7.815899115558661
-10.03722888961488
-11.702173166229231
-12.649818907878814
-12.775548973041126
-12.042274772337707
-10.484468980964518
-8.205182400455142
-5.366969799937849
-2.177907196682799
1.125893130038783
4.300155084574432
7.11363904257459
9.368641842310256
10.918065710158073
11.67648175101249
11.623738653694277
10.802335040794375
9.311393027702458
7.297939522368272
4.9439507580305575
2.4490658088531254
0.011185402966974074
-2.1923241493720402
-4.019878601244709
-5.374865642611889
-6.208799732448414
-6.5204028714107825
-6.351824575498458
-5.782160717945726
-4.918541744070939
-3.8852574604048256
-2.811340388013427
-1.8170417157469962
-1.0001255931128226
-0.4241650684583381
-0.1116370426731558
-0.0432858772580274
-0.16309031671121807
-0.3869935312226031
-0.6139327593831634
-0.7386641321076678
-0.6659372619232553
-0.32509225332791275
0.316256460406139
1.2420560295554348
2.3847186511250076
3.630798783939885
4.8343377521262685
5.835634823320989
6.482513646795152
6.650595422119578
6.260394632089723
5.2904057194523455
3.784169553307539
1.8483451585007395
-0.35857066632236073
-2.643437731007805
-4.797551840668001
-6.616230660565657
-7.919553268696147
-8.57380649102744
-8.510587287303556
-7.738900217576556
-6.345898284545729
-4.484921159233966
-2.354132339095194
-0.17131139087532724
1.8510416019801852
3.5282279932770395
4.722484499770847
5.357618262961639
5.427070669181311
4.993166525998535
4.176489900728405
3.1361326289677867
2.044389627844808
1.061458995518787
0.3139114001012604
-0.12172056304945424
-0.22820968450150067
-0.047355498119440856
0.3298856719172624
0.7809487961127928
1.1742755088583048
1.3928534400723767
1.3532615249330404
1.0164060229640435
0.3898486564065107
-0.47583384606555496
-1.494675589029355
-2.5567896604860505
-3.543736998227449
-4.345679546727301
-4.876071678355603
-5.08026322357033
-4.937480401153917
-4.45818868297569
-3.67896228462651
-2.6560254262061282
-1.4580516497824514
-0.15832601136720192
1.1735020512355827
2.478109143334979
3.708247846008674
4.824044681311915
5.78447380442595
6.539933034969482
7.029589955236486
7.184872894505987
6.939339460916432
6.243528238249634
5.0803866093515335
3.4758616268837343
1.5021075903934855
-0.7259268406844969
-3.0590642243122663
-5.326749669532837
-7.353013453716154
-8.973284656815078
-10.049249125697314
-10.479626583864807
-10.206673237446244
-9.220105960412674
-7.559678315412608
-5.3154033395843925
-2.623925675451294
0.33884888810027036
3.3681122534247905
6.243631982752148
8.746443657407058
10.676803725601333
11.869810877217015
12.206896366395423
11.624979124156747
10.125768395584672
7.784899474999822
4.757675236996484
1.2769793246044798
-2.3603066972639533
-5.819168294395958
-8.761784430983512
-10.887126339841156
-11.968910823007208
-11.886485285801669
-10.644206648065675
-8.37550672384441
-5.32940227482297
-1.8414149185667423
1.7052582835029668
4.922784095688637
7.462372297227214
9.054687418348246
9.541811741841395
8.895997842952157
7.222412018076632
4.745421987949855
1.7800956525633667
-1.3073155367601559
-4.144486197320807
-6.39824142736382
-7.81446268138239
-8.246704147154826
-7.669818819887625
-6.1789445531015845
-3.9748687858836202
-1.3362052330828658
1.4186737101382685
3.9739479218156344
6.055717570775856
7.461907814901121
8.07987216643879
7.892533291389407
6.9733635333446
5.469849705374056
3.578217899463886
1.5146641411203448
-0.5125004334962074
-2.3264996394953372
-3.7986812374957366
-4.856116759766731
-5.479837942976797
-5.695465138658692
-5.559566300637973
-5.144889706114728
-4.527031441272675
-3.7747615783722455
-2.9447551380680976
-2.0800799266294043
-1.21194692136306
-0.3637741251418051
0.4448114348887025
1.1959067890395876
1.872775917605335
2.459388941678909
2.939917474021488
3.299164750034288
3.52382756240676
3.6036625759792895
3.533368933920628
3.316410082438949
2.9689630517278176
2.520855465899564
2.0127102575751032
1.4902746520536496
0.9967600937064545
0.5645481188295528
0.20931682597554993
-0.07036503055484064
-0.28854836700191766
-0.4665444715305286
-0.6296047724890651
-0.8054508773872829
-1.0231359536700286
-1.3103707271606804
-1.6882002674013659
-2.1644750995617064
-2.728976537509641
-3.3518141459312916
-3.9853335181197216
-4.5693596309832465
-5.038833021015947
-5.331574922984322
-5.393715132598353
-5.182265050730606
-4.66647816439396
-3.8296068567734
-2.6713629466189066
-1.210668223321031
0.5120560648696135
2.4338727237941775
4.469879487440074
6.51567384653355
8.452839960324289
10.157957549360987
11.514067186853577
12.42377259709452
12.823629535034312
12.696145289641175
12.071232606783557
11.01038882929567
9.574924136282002
7.787937595455386
5.603640639695905
2.897097558444686
-0.5163666973133192
-4.829927736994464
-10.169402422876953
-16.5083481046281
-23.59391532601893
-30.903228906689026
-37.64723878046377
-42.83232702119246
-45.378210797831144
-44.277763271111475
-38.77555708499035
-28.537082232282454
-13.77839996510617
4.671198656541107
25.39174166925571
46.48506171966209
65.76734282912543
81.01896007440892
90.25931207933101
92.00901068620486
85.50224402775294
70.81897192974711
48.91798032278409
21.565100365829437
-8.836069314705453
-39.491673087460775
-67.51390118133016
-90.23087764630365
-105.47450673128068
-111.8128199496282
-108.69841386178341
-96.51542905716725
-76.52186627610946
-50.69699941270609
-21.514134789261057
8.332689463564499
36.2141391418734
59.82869404001819
77.41465446163679
87.8914572151507
90.9189729342465
86.87200887522097
76.73853467734878
61.96009370038334
44.23767858023378
25.328420482770756
6.858808670462898
-9.823812127082403
-23.747551927848818
-34.35467154846103
-41.48507207800671
-45.31377783683224
-46.256870592101514
-44.863886783284016
-41.71529171492694
-37.34021764425978
-32.16386137197956
-26.487606822146894
-20.49830303642502
-14.29807502919922
-7.945201660955608
-1.4981102271974738
4.945728834354075
11.225175539053073
17.111139113049404
22.322182129238957
26.554901565497865
29.52250161888372
30.994337905086503
30.829820265027973
29.00259787166691
25.612786589237878
20.885149864016263
15.152270642183291
8.824571728446712
2.351254133420615
-3.8230547424644596
-9.300765653258763
-13.767302776265698
-17.015734491671278
-18.957943341781768
-19.623138988461456
-19.145125802326454
-17.73924730459038
-15.671059105881344
-13.220606854010255
-10.647167587415625
-8.160262956782033
-5.9022810774847825
-3.944119652000782
-2.2912980859313925
-0.897307529438793
0.31885204329899425
1.4543749360374558
2.605920119785712
3.854760397167399
5.253502175147314
6.814750776116842
8.503224757420888
10.23384684931633
11.87767106734762
13.274591137743016
14.249536169542173
14.630037265022423
14.265353499566247
13.046941805101971
10.927834266463929
7.93753053303792
4.189691816326087
-0.11865529058449413
-4.716487439733752
-9.276965174361314
-13.444834387074472
-16.87133914626121
-19.252261337368175
-20.36400861190271
-20.09242477492032
-18.448473462119516
-15.567286190190636
-11.691941104388828
-7.145726035178671
-2.2963959968653436
2.4827469852037938
6.848587466435591
10.516179026016374
13.277224459782751
15.008556671135684
15.671380616530115
15.303487627799713
14.007152100330606
11.935465072991475
9.27904942180116
6.253076762392647
3.083530243735256
-0.007315374755394396
-2.815200516221406
-5.166886073121346
-6.930855473744865
-8.02489013409141
-8.42011913592255
-8.141025947061765
-7.260340060252294
-5.888957635798673
-4.164086928600355
-2.239730521614322
-0.28078282419606043
1.5414626964771942
3.05614116087821
4.104538250452848
4.556188083068248
4.327206503663295
3.3990484437767177
1.834355627632561
-0.21612006625846744
-2.520667276490245
-4.788897858779416
-6.706230295844589
-7.9749793216496645
-8.355973257430058
-7.705631739237243
-6.00335796826446
-3.36384456803405
-0.030985105701222582
3.6469623850015713
7.258817333636898
10.382795238704235
12.640717900900855
13.745762884653436
13.538594005543528
12.008348596199232
9.295207582955777
5.673306787639421
1.5167040797210074
-2.7457174473971504
-6.679699837844212
-9.893871177517376
-12.082701074903005
-13.059643286313968
-12.775161687742383
-11.316683705548673
-8.89194076102079
-5.799783541783516
-2.393161213814807
0.9611156527393153
3.921781877308949
6.208037120728669
7.626318712834888
8.085970506899152
7.602470125542221
6.28895999540831
4.3389924978814935
2.004265508046257
-0.4305212757282921
-2.676022919141726
-4.469593219135829
-5.605358302303178
-5.9565320758082665
-5.486453265024016
-4.249263390889142
-2.3827625915210287
-0.09491327103514838
2.3561218548934626
4.688417199597371
6.627211271400642
7.936776759343532
8.449323022075124
8.086535077055123
6.869385916674402
4.914363599428468
2.4182138688685852
-0.36506455695860346
-3.152452014976724
-5.662957857033461
-7.6477463115073565
-8.916437251541387
-9.357983903019308
-8.952922450610899
-7.7730540125757805
-5.968385697219094
-3.745632362545939
-1.3432698525297815
0.9942586210718232
3.042168662920217
4.618751166439827
5.603411948929506
5.9468370524881715
5.672027553829404
4.866536579014009
3.668152733595665
2.246509810891166
0.7820884015918292
-0.5553179063998224
-1.6250084407066883
-2.327473974706236
-2.6094791669910196
-2.4635041571266676
-1.9237608714321095
-1.0605591661343587
0.026841707239483568
1.219542534747325
2.389918010204721
3.412817040575306
4.175984053975241
4.588427668463006
4.5865188079784
4.13957570884905
3.2551336970443465
1.980737257487561
0.3997215600959859
-1.3780566880135918
-3.2272782686574875
-5.0164836730378095
-6.614339843136366
-7.895123989644463
-8.746599929211534
-9.08023035479473
-8.840155358485086
-8.007935093546843
-6.603724598568093
-4.686148512761846
-2.3513762211052436
0.2695852464893462
3.016363194957533
5.708348578257899
8.157606558530935
10.183952728981538
11.6299308455025
12.374627318841219
12.346195528716002
11.531906197042243
9.98288360466326
7.810980398717305
5.1774546106134
2.275572043330384
-0.6889391765467
-3.5158512297076654
-6.025870723184365
-8.074540038787607
-9.563750363246536
-10.44783565890818
-10.732830977568709
-10.4700695807623
-9.744920291012448
-8.66090044663456
-7.321953001468365
-5.817857702947182
-4.2162068921619404
-2.561761009875034
-0.8821975727041823
0.8026019055520962
2.470959568425825
4.091087987542107
5.615121144061237
6.9768258408106805
8.093058754074644
8.868994472951808
9.209369945792108
9.037042967965396
8.314907662571771
7.063763998277357
5.370188582771019
3.381975395447014
1.291540809023244
-0.690021743731059
-2.3633358275051433
-3.5701729712118904
-4.218030326233764
-4.296436603777074
-3.880733613537576
-3.120926207393202
-2.2177161107590857
-1.3906576509621031
-0.8435857908150564
-0.7323122428006811
-1.1392874698405822
-2.0587147907466306
-3.3941151980444904
-4.969048326692388
-6.549936021915393
-7.8775879706844005
-8.702462395716784
-8.819192386910226
-8.097222909463063
-6.504062516646826
-4.116517950948097
-1.116352020878953
2.2301003332689615
5.605416823582906
8.681430842929819
11.159097897286902
12.80324224527771
13.470443381106648
13.128191687664094
11.861812850748903
9.865070208221873
7.4130813349033104
4.82281717507275
2.411953503417895
0.4651248463679558
-0.7913157627000659
-1.2121531495959172
-0.7604719538134859
0.46063276163175687
2.180599812707589
3.9532594574495694
5.182868054733721
5.192572594533481
3.3334762655681693
-0.8785408492575221
-7.620531189205879
-16.642586100641477
-27.200200960845528
-38.06555817420104
-47.63208981914553
-54.10820791728197
-55.778323645031996
-51.29421034154224
-39.94934390743934
-21.886889397524588
1.801609160770422
29.115236159646976
57.32532324109833
83.27857071806685
103.78141874877346
116.0146784430267
117.92202288048097
108.51634093309187
88.05698820871811
58.06884468786175
21.197862477412787
-19.077264869975245
-58.83753084836098
-94.1685854792062
-121.60189493675422
-138.49734647147343
-143.32239328257722
-135.79785019575633
-116.89574464347683
-88.69191331428664
-54.09647515137901
-16.502152908605876
20.601844187812755
54.00235958358545
81.07797468946696
100.02402461972252
109.96635048614492
110.95855843205692
103.87330074697962
90.21191333197342
71.86605514774288
50.867441068244
29.157652476501184
8.40315030466049
-10.1272667756446
-25.615645471226006
-37.682604759804946
-46.32142477068069
-51.79633184070148
-54.52695949701854
-54.97987793383255
-53.582448130117754
-50.66791311168758
-46.45463518735303
-41.05709647891288
-34.52251726940358
-26.883701378525732
-18.215812017257708
-8.684277738841272
1.4263904011485535
11.70876024606774
21.654480348965375
30.69775223381911
38.271513886432494
43.86606706850676
47.08242315807026
47.676567803689274
45.59169899069357
40.97363518353433
34.16496842130954
25.677318341856434
16.144389489186263
6.260198300206207
-3.2912980040890476
-11.90674785219223
-19.12365585999606
-24.658785409865537
-28.416658606349795
-30.46852623125407
-31.009083368418686
-30.30075932496496
-28.617277498063345
-26.19845573349028
-23.223144025964707
-19.800793017506976
-15.979721586875977
-11.769243503336877
-7.170750136790121
-2.211413991421702
3.025999966886862
8.383348679500338
13.622424004548945
18.438587939538547
22.492249905310942
25.452385421059617
27.043052766664243
27.084328170868357
25.52169521497553
22.4414421562519
18.071236839185776
12.763831183672316
6.962760071670608
1.1532264147989006
-4.195301733749009
-8.685985266072288
-12.04071965117713
-14.128241615072074
-14.9721445549791
-14.738250694038333
-13.702066569062705
-12.20155412561499
-10.583527020876447
-9.151440444456318
-8.120973793566096
-7.588208175031816
-7.514384856162181
-7.732226630772595
-7.976821560431178
-7.936555496052707
-7.313101075962547
-5.878891062807962
-3.523188591096727
-0.2803041960157195
3.6651005886784502
7.997944357883223
12.314198781664395
16.17491678345181
19.162881021885493
20.93341876389495
21.25416352794798
20.032456706695925
17.32893643255148
13.353748385226938
8.444546540186224
3.030070976855021
-2.4163408321133355
-7.429098653075475
-11.601807179398653
-14.630132840835484
-16.341431357058923
-16.708955058242996
-15.848557242695412
-13.997522524487078
-11.478697204515978
-8.654743558364938
-5.878261064870937
-3.4455075652604084
-1.5609886692469601
-0.31640818531493625
0.31513492970735624
0.4687773524347191
0.36105740938576075
0.25002322390302956
0.3896519844319644
0.9857193237874459
2.157806991011689
3.9122051457705522
6.131134959395767
8.581643465597164
10.944607103931414
12.8614220342742
13.991433271822935
14.069017625837528
12.94942284275255
10.636321850159144
7.2878095806693866
3.1999576206488736
-1.2303661463942772
-5.558281631384665
-9.351322616560159
-12.248269158510373
-14.00710343519683
-14.534166536892235
-13.889949137258407
-12.2712010930531
-9.972624624831816
-7.334758660801367
-4.687995703537196
-2.3040711059323424
-0.36404996976236376
1.053934350881896
1.9696049663677453
2.481882887924508
2.739722150624091
2.9076346974010625
3.1334040775183714
3.5241809753364675
4.133956914037651
4.961183832598321
5.9514123641268375
7.001116124723169
7.964092794776656
8.664182285642065
8.916398578503546
8.555510968450328
7.467626860231756
5.618213048376802
3.0706246228936003
-0.008885032328017909
-3.3620996025065475
-6.666317184199491
-9.575497109943775
-11.76788455379338
-12.990978276790356
-13.096415703883626
-12.060803273427574
-9.991370290272233
-7.116060162266382
-3.7573448273583927
-0.2908658375767491
2.9057349251075975
5.504853038997566
7.271987501162336
8.092073644956729
7.976074401276358
7.049939890099141
5.5300830037201205
3.68854632167981
1.8113513607190466
0.15673234124618524
-1.0782954133911857
-1.7775478195573635
-1.9111760922053014
-1.5300696410396495
-0.7519993437383148
0.25896597182319386
1.3175015879968675
2.2428922849727178
2.8826300583004745
3.1309511128123937
2.9388388647287274
2.3139707997137506
1.3130960981092743
0.03127801945741748
-1.4081874164993813
-2.862091649463297
-4.17670473325322
-5.201426584277287
-5.805985788554313
-5.898551400756216
-5.442657842343015
-4.4690143069206005
-3.076712089895016
-1.421659993734474
0.3053388402976586
1.906723964197442
3.207784659646822
4.081836847229658
4.465318657893081
4.361281745003981
3.8347545920967385
3.0025221712146473
2.0153604768826376
1.0322811637827416
0.19226315976813907
-0.40968281323755734
-0.7374253177527734
-0.816041609143349
-0.7201155513630895
-0.5504654595612736
-0.4049253921548043
-0.35060729554162284
-0.40482477601493866
-0.528828117418476
-0.6353604813682315
-0.6098979411828875
-0.3439777288653327
0.22529336797915936
1.0806382567234822
2.1071346159312947
3.099670387143561
3.7965177107683985
3.9334970899156123
3.3065534135227557
1.827273990239136
-0.4412586991291339
-3.275471813924181
-6.312226039725538
-9.098223115623913
-11.160528330719178
-12.085947099008225
-11.594428942269044
-9.592148276528649
-6.195123400522938
-1.7218592395761008
3.342051845973701
8.403935886604048
12.843781708074205
16.103215212327587
17.767088593956327
17.62140228314145
15.678261245622954
12.166380686733902
7.491910228788332
2.1790819261547565
-3.198497589214145
-8.086860770928972
-12.014002160030081
-14.639623994887842
-15.786418564079902
-15.447938117792162
-13.773047345688754
-11.03308801621382
-7.579661869331932
-3.799066759109589
-0.06808159169344201
3.2839201464495056
6.001633936562114
7.917181287702019
8.95265521142495
9.11614618805704
8.492921643517514
7.231017175660658
5.521945557184885
3.5790246966229873
1.6147941482801031
-0.18086768961805363
-1.657776846480383
-2.7145141613310417
-3.300957462953886
-3.417082474481785
-3.1088759327337523
-2.4612736372171287
-1.5889329211057512
-0.6262600671482201
0.28391299000047404
1.0060214102620502
1.4318320525928758
1.4990814749764494
1.2026604536130852
0.5963120816487514
-0.21528481371260164
-1.0934337350072678
-1.8884528670371248
-2.463890713803783
-2.7172423742939573
-2.594648289966007
-2.099015896511868
-1.2910316518612779
-0.282012479740545
0.7813544631381585
1.7384064409320086
2.438830453052609
2.7661806101950135
2.657160789358314
2.114296061642637
1.2100201547150873
0.08013002061965423
-1.0942346822386804
-2.1144653620932035
-2.7976924207162046
-3.0082783577647954
-2.6809160495926365
-1.8321097774793134
-0.5592273254704203
0.9731137182399764
2.557543396993135
3.9745660930933115
5.023586588026966
5.549589784201389
5.462353793638581
4.74668808664622
3.463220599425309
1.7398529285275401
-0.24526307937667738
-2.2873161369018566
-4.181476865961956
-5.747440108181455
-6.847281836150942
-7.395479284045379
-7.362345380746772
-6.771026815267964
-5.688073697501233
-4.210633877665875
-2.45387912330416
-0.5394139772249553
1.414283869974172
3.295846993248244
4.998436567166266
6.415705295411992
7.443051275871768
7.986245951861919
7.974376540210334
7.37346674647419
6.198827381936997
4.5234581364367195
2.4783986443095207
0.2427524094622285
-1.9754413868690146
-3.9643082709462307
-5.535221596486396
-6.5474687619476235
-6.926412959064121
-6.6724800783448055
-5.860195614214915
-4.62722440506632
-3.153512734805196
-1.6329451862939226
-0.24335219125055593
0.8784642290052426
1.6517172901946187
2.0546555634381667
2.1180967008616047
1.914543117327079
1.5453964975136762
1.125737159474724
0.767356254517278
0.5626638188342885
0.5713646920417508
0.8110120688023327
1.2531707194366688
1.8267833927198294
2.428548789040892
2.938310069575027
3.2372548251314015
3.2273515974817046
2.849588697040185
2.0968636149053066
1.0178343159441168
-0.28909796871858895
-1.6895623050020574
-3.0312185273466623
-4.163121113850153
-4.954964179555776
-5.3144346831858496
-5.199596472609156
-4.623564038863626
-3.6509651683420303
-2.3880861710762677
-0.9694303090603001
0.45787228464919427
1.751711522946441
2.7934676344653564
3.5036654094011133
3.8506121353414287
3.8495411021024992
3.5526243882501927
3.0336486089060135
2.3731320147875534
1.6475664317267673
0.9225741677217844
0.24875982891854131
-0.33970069269063785
-0.8233163470436693
-1.1926816795456798
-1.4429780606894382
-1.5712343594106604
-1.5783290642009458
-1.4732464212847558
-1.2751510538772537
-1.011117861522774
-0.7114166210459847
-0.4066095371861824
-0.12797183579384783
0.0923330169445933
0.22508080238392664
0.25123061522764717
0.16916476855560642
-0.0015038407668707262
-0.221642882026499
-0.43955598471624996
-0.6006994384185677
-0.6571565575246026
-0.5753262190487454
-0.34200905065588744
0.031246545762606156
0.5064600370148624
1.0205552610845954
1.4912783486601726
1.8307166505953185
1.9646605921961744
1.8499667608137231
1.4842227606129457
0.9073346625872436
0.1953003884110801
-0.5533747540120479
-1.2350540995832358
-1.7572692444535953
-2.051312427655663
-2.08071563228255
-1.8457514498908034
-1.3839753332588365
-0.7662949506209805
-0.08724399286552253
0.5507103798106762
1.0555545322690376
1.361636539125917
1.4389684689097486
1.294180792459537
0.9651868561301863
0.5140768773383154
0.01959015770961745
-0.4336854279802814
-0.7702568003477659
-0.9383291920572909
-0.9180679730755602
-0.7214547507063782
-0.38653718741654947
0.03029637036284049
0.46223196405485106
0.8392175082034313
1.0946136560649993
1.1730491233446763
1.0400706646988749
0.6915615041052933
0.15993607941698382
-0.48564619794188274
-1.1466715445505975
-1.7097241842721906
-2.065691752920568
-2.1303477281138763
-1.862081614564456
-1.2725860418158048
-0.42776296560830634
0.5614359152249622
1.5562992815748389
2.4125426912505907
3.002967913304836
3.235767649371715
3.06584914573129
2.4997908590476023
1.595972244868986
0.4594949939233251
-0.7702703029966329
-1.9396283179759506
-2.903520865045243
-3.54557155777298
-3.7918715100744733
-3.6177285422971446
-3.047834413077581
-2.1510611044720247
-1.030994597860281
0.18708699965134926
1.3712988851369248
2.3975926145545188
3.1614542187974433
3.5869419230665773
3.633896678405266
3.3025765859895464
2.6339120153223865
1.7046940521157863
0.618575228825526
-0.5057992722625391
-1.5482618858324635
-2.400364168404976
-2.9762321380617167
-3.2202573529755742
-3.1123414318550617
-2.67058135562748
-1.9499816746853111
-1.036910156388194
-0.040613173679250436
0.9178593724608772
1.7203699436466395
2.2693150680751617
2.504049074962504
2.411262594378503
2.0266362642424594
1.4275348752089574
0.7184415787138725
0.012733701956311471
-0.5849991901006588
-0.9937667254915202
-1.1677729452450119
-1.1037126906704209
-0.8410535529909389
-0.4536723090063491
-0.034611657625931325
0.3218659124092119
0.536856470770686
0.559181167823219
0.3718262557282581
-0.007250802035941109
-0.5275272240300323
-1.110291817901468
-1.6569977493954566
-2.063366442137129
-2.2371819630170067
-2.1150389855187433
-1.6738463123222256
-0.9355014648749344
0.03449681799805548
1.1336513331394504
2.234446238533827
3.2013652552864786
3.9106321186647097
4.268621514717994
4.224657552772241
3.775481706054934
2.961161787994075
1.8547577225747243
0.5498910159326048
-0.8499919978541284
-2.2391576991460127
-3.5142165336485367
-4.5770020531034925
-5.337560923708008
-5.718689544811557
-5.662320000607966
-5.137984194671555
-4.152565029167508
-2.7574188322972684
-1.0485922385220314
0.8400584687473099
2.748100308284305
4.502023575222814
5.930273426088537
6.879617548243276
7.232295472118666
6.922198705475637
5.947475237140186
4.376946673201126
2.3484663052610313
0.058843082049457165
-2.2541530153285505
-4.337137005682263
-5.951994031956888
-6.908398766461435
-7.092909055157661
-6.489024937161627
-5.183114211502791
-3.3540574160852743
-1.2484139262186214
0.8546684902091299
2.6839114287361547
4.016102743757463
4.708771115698079
4.718414456062471
4.101530974981163
3.0000048877772896
1.6145193730577698
0.17159714595480502
-1.1096672917059247
-2.047838155911419
-2.5243153604592794
-2.4992518012429135
-2.0137779504514963
-1.1781616799371037
-0.14959954814523946
0.8953000898723104
1.7886036311469262
2.3955750392640565
2.632007460935833
2.4717865653050133
1.9440018249283144
1.1211453675541445
0.10244585133018
-1.0017655043023614
-2.080052236279725
-3.0240796694525542
-3.7309912792510413
-4.108754691971644
-4.086479345375363
-3.627239539995589
-2.738623369509566
-1.4780388003295832
0.04764188564582665
1.6890071471066024
3.269243381230812
4.606167422397566
5.536611942499799
5.939127922726158
5.752022423278119
4.9830855892732435
3.708280453583419
2.0601054483590113
0.2092661133499247
-1.6561831997002678
-3.3517650571285578
-4.716768622197433
-5.631987595178076
-6.031372969145367
-5.904852459530758
-5.293309849455824
-4.279229894238513
-2.975360795058755
-1.5119323321740978
-0.023423958918398942
1.363644709356463
2.5414432247013465
3.4299697911898366
3.983845197898696
4.195582877833068
4.0941713581193415
3.738726878211845
3.2080582698236735
2.5874300399526957
1.955267000631675
1.3736632104549877
0.883836779645174
0.5042038860809434
0.22917803369944523
0.029022413436680206
-0.14786342416960221
-0.368571820423831
-0.7041256660659643
-1.2134274927804327
-1.9257171908683408
-2.826110444782245
-3.848593690389125
-4.87882647863338
-5.766303431143052
-6.34335398476036
-6.448338684861734
-5.951185951022323
-4.778617866870937
-2.9346785868968066
-0.512337698906659
2.3062714441474808
5.2621855023938116
8.044594704775234
10.326301354675763
11.805496907754009
12.248883658669719
11.529995661396274
9.655557904799025
6.774067987951312
3.1637355910555502
-0.7998038961088703
-4.691614949319541
-8.093916524394537
-10.652308372459045
-12.122358970973174
-12.397380099192947
-11.513171274693178
-9.63284076251509
-7.018001044708057
-3.991344423205003
-0.894935002337283
1.9503896538120726
4.279744661075351
5.910541837843445
6.758501771609813
6.8409578181690245
6.266612227872115
5.213500760156646
3.8985626962681983
2.543330987723232
1.341002095896398
0.42983882106731613
-0.1230505748629869
-0.32487095179898645
-0.2469474448032094
-0.0036824673714676627
0.2745417604719929
0.46811303847338137
0.4885933579084972
0.2898511783236537
-0.12976183168030922
-0.7321671494422928
-1.4481747320392624
-2.187046396257914
-2.8463981763471247
-3.32392017412255
-3.531762101491243
-3.412009399322455
-2.949942832659905
-2.181620918367411
-1.1927965417426762
-0.10750706378749983
0.9319275870098755
1.7883739063368576
2.351436418444085
2.553731907730138
2.3806489619415943
1.8736129138766455
1.1265659677348734
0.27465177335863267
-0.5249632915831635
-1.1179286207344967
-1.3788138963406182
-1.2331373583757599
-0.67111795166237
0.24885840797401573
1.4071574787287449
2.6386241016009744
3.754533924971439
4.568000926133615
4.91996125606696
4.702859054709227
3.878949063714932
2.4896099084580294
0.6531053224612554
-1.449253556236591
-3.5967512947636338
-5.559180234173281
-7.127256950490875
-8.137344901590662
-8.486598085522298
-8.138163122048294
-7.118954362226593
-5.513160536853541
-3.4529992059778563
-1.1062524952976702
1.3398975227405105
3.6968935059925196
5.791106741425324
7.476006806970662
8.639905916289932
9.21002899405536
9.154123233092651
8.480743331108908
7.23856673375025
5.5142481464971
3.427662886155039
1.1236986258136283
-1.2384660870600086
-3.496508620409411
-5.49548390631622
-7.098010263815883
-8.194143738096987
-8.710138666207058
-8.615387582966472
-7.926799964385327
-6.708927484175192
-5.068486010943411
-3.1439144631190272
-1.0913089440198422
0.9319891308408363
2.783255123655459
4.346121720026046
5.537291904017928
6.309462102623598
6.650567434899446
6.578531821208753
6.132629700397785
5.3648393759907975
4.334462908997552
3.1069367259395637
1.7545078586004978
0.3549571750354196
-1.0130201674985753
-2.275655514135382
-3.368746372882161
-4.240626827622219
-4.854078053535247
-5.187463160529538
-5.2346095969805475
-5.00310218992662
-4.511828700688124
-3.7887040849300426
-2.868118371586087
-1.7876094240244522
-0.5854205162848889
0.6980930049533149
2.014481946573549
3.2999735694905183
4.472038734039931
5.433019100554852
6.080824004426451
6.324008368009029
6.097662510178828
5.376882960034188
4.184770192995424
2.593164037811971
0.7170236034750789
-1.2955864496663467
-3.2766723679229015
-5.053572386331566
-6.465493178861785
-7.380756151739528
-7.712374003742168
-7.427982182784737
-6.551933207383704
-5.1602975893316
-3.370619255643647
-1.328440162574665
0.8067660358621703
2.8739187065265144
4.7209735257187955
6.21537795546691
7.253916796976651
7.769912040777902
7.736853148639723
7.168263128405325
6.113741189887213
4.652911276265937
2.8894273589764135
0.9444078393180189
-1.0522274846878896
-2.9713051541664224
-4.692375916610164
-6.109634499454009
-7.136499678890171
-7.708595254771284
-7.784864190201296
-7.34852353530371
-6.409919645801408
-5.010784429619129
-3.2276493607591954
-1.1727354655466953
1.0088683174096496
3.147091173495095
5.061003036339893
6.579040545107886
7.561848706129503
7.921334411847112
7.6313574109894
6.729748056175115
5.31260814871499
3.521440153690919
1.5253588473866526
-0.49740892967966677
-2.3757038560516417
-3.9589172939719623
-5.1280312397921435
-5.803547128555563
-5.94974934629362
-5.575727563055147
-4.7338959842576
-3.5163944404356138
-2.049188876573937
-0.4831685842544976
1.0185519022854777
2.297271067089035
3.2176723897342714
3.685596203161746
3.6609798397897744
3.163806893693772
2.2724503093131676
1.1150522949672006
-0.14527083399084256
-1.3311228788752802
-2.2756837548877833
-2.8474167602880427
-2.9696456018685105
-2.6308606799507155
-1.883722929408987
-0.8344699824146387
0.3735871587607412
1.5799015979071331
2.6279316175405865
3.385471862576573
3.76183735891662
3.719082423321443
3.2744561716775094
2.494065680236466
1.4800058325044052
0.3532296328926758
-0.7645912749056076
-1.7658948481453636
-2.5666692370235364
-3.111389515007722
-3.3746833845277067
-3.360354477791137
-3.0980669509692214
-2.637380690284986
-2.0392416825292097
-1.367112527381719
-0.6806383801425364
-0.03217224530536507
0.5358456576858548
0.9933339384575117
1.3234567657872318
1.5215069583519758
1.5933260107094225
1.5546176435753714
1.4306602762705272
1.2550180813116163
1.0670121959859198
0.908301285971739
0.817372026078473
0.8211219944584957
0.9261676992503336
1.1136954701307946
1.339574112613662
1.5396425076766496
1.6391704553262967
1.5654148163998345
1.2624267200824442
0.7053638147415378
-0.09053862013969342
-1.0694348796070656
-2.1420135381199827
-3.1970256208050727
-4.113782735275795
-4.774653457434542
-5.078752663325428
-4.956791782879137
-4.384385582863728
-3.3900640932976294
-2.05495994999807
-0.5029997694503704
1.1167289917571466
2.6506898867361643
3.9593952192813338
4.9319059951015864
5.4973611413792165
5.63257457782933
5.362679819323856
4.754053070481657
3.9016356945662376
2.913058610919084
1.891524627698662
0.9198615505631565
0.04896714414064674
-0.706169424167829
-1.3616478303160164
-1.9528114907535787
-2.518775801064807
-3.0870462749235466
-3.6624737160812915
-4.223934678992347
-4.728437006322279
-5.119341641891249
-5.335863705178692
-5.32242743972747
-5.0362129113178185
-4.450481161528261
-3.5528183700162264
-2.3415826619996882
-0.825771572419237
0.9696917615218184
2.994957889516466
5.165268215411611
7.35372097070222
9.391199507945386
11.075839941273305
12.191360484516466
12.531705077174566
11.929040896403798
10.282592161637103
7.584843093321234
3.9394179953002912
-0.43481372618840364
-5.215771352061474
-10.005363624611569
-14.36795157392151
-17.8745098458706
-20.147410653094067
-20.901631499050037
-19.978482625239668
-17.368346072549116
-13.219280511680605
-7.829225573327674
-1.621384373286012
4.896086473765511
11.182819028396798
16.723666274164717
21.079531957063352
23.92224799190247
25.050550918244312
24.390595228709106
21.987618557728027
17.99477567651791
12.662293772938858
6.326746041665595
-0.6021099364414991
-7.659383729885866
-14.348641269585192
-20.170912644746892
-24.659412370176586
-27.419170637121585
-28.16797443510868
-26.77311818551115
-23.277932465714137
-17.911713137421213
-11.078088857334961
-3.3218368832901817
4.7205330455798
12.379654032432486
19.015719160006427
24.078189486181483
27.156386961784236
28.01678422702122
26.62439241424428
23.144704513544916
17.923950545433808
11.450979246992947
4.30778539620178
-2.8856694755966656
-9.528524803704663
-15.093106073771514
-19.169543078335206
-21.49575284478277
-21.971750461755743
-20.660173393400054
-17.77461858573313
-13.656546927478018
-8.741621279321253
-3.516907574905223
1.527762950034629
5.948685454284587
9.391713876020846
11.625521033747313
12.560491500520374
12.250766823202362
10.879935440290987
8.732600658546165
6.154689780226106
3.5066874240624886
1.115686866249258
-0.7668197454114163
-1.9944355692395024
-2.5373040701771203
-2.4740776009452854
-1.9677071787951175
-1.2313068929348592
-0.4902553181819762
0.05482348187434569
0.2597435856876866
0.05802814598247081
-0.5320547427248481
-1.415630151941332
-2.442317703360482
-3.4349969871855874
-4.220116961426738
-4.655394628197306
-4.651541049554835
-4.184057341704971
-3.293106541810045
-2.0730764362752243
-0.6552581335535826
0.8125568024619353
2.185547047007937
3.3371914391161197
4.169774985869386
4.621490493069125
4.6706953013027475
4.33631753286078
3.674197353378016
2.770192186691264
1.7306649350880214
0.6712210953511459
-0.29532426609613205
-1.0713944698743554
-1.5866856243626422
-1.8077073337578518
-1.742496132263629
-1.4391136062417265
-0.9782181564691198
-0.4612640255989839
0.004078956502513574
0.320199819691698
0.41631244902975845
0.2624796490937489
-0.1242404551558713
-0.6839069435880792
-1.3257453773094803
-1.944865667776195
-2.440460921831899
-2.731240283429269
-2.7656018641302698
-2.5269033810538244
-2.0338584770643733
-1.335471090003456
-0.5014791699182358
0.38921597446334644
1.259484453212009
2.0427868373080087
2.6896206685122115
3.170718959943467
3.4757262284952355
3.608114341359557
3.578660612040734
3.3990596546619476
3.0767979820759024
2.6131783054875046
2.006062338563968
1.2566900274685617
0.37765525637758285
-0.6012691370083997
-1.631184011729767
-2.645996249123616
-3.5677909943638415
-4.315087786980218
-4.8125827793010805
-5.000697288250534
-4.844038199549511
-4.3380110680763035
-3.5123732789658466
-2.430779610624836
-1.1855685847778887
0.11277876087038081
1.3501849495836122
2.4241813074049965
3.256937769088773
3.8044308204204786
4.059839137355562
4.050026693514285
3.826503016610311
3.4534018117052616
2.9944396779477382
2.5010556173352994
2.0044270267826483
1.5129302790999613
1.0151062426226725
0.4877346490971598
-0.0921973636471927
-0.735043053083285
-1.4303031200532503
-2.1455943987980217
-2.8321961530287396
-3.4343103524741063
-3.8985661257080295
-4.1810584413405705
-4.2510772215702
-4.092144282683941
-3.701360413780664
-3.088102866600508
-2.2726890228072447
-1.2850452306166085
-0.16364234203835568
1.0447797762862616
2.284567963837128
3.489900483704674
4.583896795026664
5.479952782562573
6.087188191431518
6.320630203175067
6.114410285707148
5.434262937065596
4.28644055800882
2.7227215174371358
0.8415047050720678
-1.2167434183505663
-3.281133719605955
-5.167559601757091
-6.697879047598262
-7.718303521241933
-8.115891916404944
-7.832423097396997
-6.873966643587306
-5.3132975871292905
-3.2829670121370915
-0.9602455367900605
1.4517414480129416
3.742719875630938
5.712310253935263
7.185661818159993
8.028408299160871
8.161025810381306
7.570502984871332
6.314986861183538
4.518185624439793
2.3545909919701247
0.02928235549102066
-2.244147290009637
-4.264352094109305
-5.859164972505387
-6.898318887440104
-7.302796758713406
-7.05076763613418
-6.179014977884625
-4.7788564321740585
-2.9869196604912
-0.9725135881180124
1.0771458988513767
2.973603437889092
4.544640268417623
5.650232525027307
6.195047527572811
6.136656759496457
5.48943864550177
4.324578184957284
2.7660975296263506
0.981522860293703
-0.8342099359646782
-2.4805514040513232
-3.775680420688493
-4.580243551164033
-4.816849456904438
-4.480794647975952
-3.6397745795061573
-2.4237525576963503
-1.006630274993206
0.4184598175570808
1.6661530096632897
2.5833085838708643
3.068037210420864
3.081707415701699
2.652196157634084
1.8670166079593489
0.8567742800692565
-0.22775935541211298
-1.2394329362745633
-2.054084059121999
-2.5828579975503136
-2.7776743134024358
-2.6310385131881366
-2.1711633559548806
-1.4539296703306863
-0.5540681395631121
0.44277891346213705
1.44660751175544
2.3679369119854905
3.121826181438889
3.6333485332787196
3.845376102150866
3.7261993394778568
3.274007578684757
2.517625432151108
1.5146482785728275
0.3477332839676961
-0.8817982486705152
-2.064278549440432
-3.0948954413576346
-3.886357304372791
-4.37824578331315
-4.5426875276021965
-4.386523174686505
-3.948636417318571
-3.2911902231289827
-2.486399511884466
-1.602739749114041
-0.6943950610319443
0.20343640629562482
1.0728424107024193
1.9068986857636652
2.701343276875714
3.4462503515730094
4.119024614024931
4.6800348720886955
5.073215698624188
5.233348179712212
5.09839997697129
4.62314207043029
3.7904165731752313
2.6172442737469335
1.1555082388667075
-0.5105839893857346
-2.2693769251327525
-3.9899545921209003
-5.533471284754074
-6.76591839061426
-7.570245082747375
-7.856412568641378
-7.569993524499285
-6.7004917316334
-5.288100383410988
-3.4260091327232582
-1.2562787325454374
1.0413078464021275
3.2663387535767576
5.218350444316876
6.71890584395337
7.6333441648323
7.888404361143746
7.481466044801759
6.479939193910679
5.011823414112622
3.249431805012667
1.3888062143281186
-0.37351505402540475
-1.8654755717341258
-2.9629988414041724
-3.606414866117819
-3.805711960646829
-3.633767048094144
-3.2092676656377876
-2.672842846838175
-2.1605513090411255
-1.7788494257339735
-1.5855736195464696
-1.5813832127093304
-1.7138203171215922
-1.8918462056834293
-2.0056373973520225
-1.947262098716247
-1.6300909899231666
-1.0055742208052447
-0.07638078637915542
1.0958070220418221
2.391867428112872
3.6493185746095644
4.686775339344748
5.333083836564134
5.455576181565473
4.983086892224658
3.921306961619522
2.3595874166620168
0.4672493160439684
-1.523556195475318
-3.3487209452232007
-4.7523043115116295
-5.528356631704274
-5.556774255497492
-4.826586729691151
-3.4409811623502233
-1.6014832017491138
0.42498732049840643
2.34807491411121
3.89741268948333
4.861434787277798
5.115519669425776
4.6351505270112074
3.494220495072625
1.8516097895224648
-0.07152960476658214
-2.0219704618666725
-3.748132645513099
-5.032174963959228
-5.717136789856369
-5.726898955777809
-5.076007665312769
-3.8666251673980483
-2.2713971509757998
-0.5040424499171198
1.2157193547764054
2.6939902622279415
3.7858190427469927
4.409226238845708
4.551366670734156
4.266634784697328
3.6652384235301865
2.8921329524952797
2.099598579797571
1.4190314556838446
0.9373363110211661
0.6822118665856135
0.6194110196874232
0.6625376681631555
0.6924741382124096
0.5820588705436904
0.22260896546217177
-0.45121536250472144
-1.443464491260284
-2.690365805841117
-4.065728001945531
-5.396088701721286
-6.483280566002612
-7.131965863930367
-7.179052169684496
-6.521515934344869
-5.138647599749419
-3.1044046475115117
-0.5860213151087363
2.173288675828706
4.885737114382993
7.2581181222783275
9.03083284440747
10.010096711496319
10.089141199114865
9.258315735910964
7.606500757168446
5.314062456876943
2.6348570815956087
-0.13394103867689353
-2.6914061397617144
-4.775051900291105
-6.197196146091015
-6.868814858503481
-6.807342028974988
-6.127418273490954
-5.016201147836746
-3.697772370962839
-2.393509401042621
-1.2862004027329053
-0.49428681764375476
-0.05943274953993474
0.052239558952375115
-0.06337236398532502
-0.27156496592444
-0.42804733511295073
-0.40916365175150016
-0.13705363700801784
0.4054977589963025
1.1730506146959692
2.0677617950900435
2.9586093640846065
3.7051582768165408
4.18236834919615
4.303479585441252
4.037156243841964
3.415143460487538
2.527948180215476
1.5076633280899887
0.500468262472664
-0.3641951811367313
-0.9993785620232197
-1.3756561018720481
-1.5232342718289258
-1.5210557814693157
-1.4754516826704063
-1.4944053625117801
-1.6638116939937488
-2.02885649596806
-2.5820413836604437
-3.2601407320061093
-3.9514985012726904
-4.51253331792105
-4.790683806738284
-4.650575738848631
-4.000011485467033
-2.811959129107856
-1.1383562416250341
0.8880189807192816
3.0656443353800116
5.149319193203996
6.884315032891337
8.044287722151132
8.46646753612773
8.077381038287516
6.905229213840667
5.07825529212828
2.808878994477775
0.36430229557566696
-1.9720797776581758
-3.9409421113115792
-5.341289049103582
-6.0538720946674
-6.052777422792472
-5.405689548263292
-4.262291468440684
-2.830602771793502
-1.3442487615091274
-0.026571289281777155
0.9419837106470844
1.4479157218866698
1.4572851976912649
1.0166174219624153
0.24251353146198207
-0.6990486899965322
-1.6198507391224306
-2.337301979247127
-2.6989657719173166
-2.6013986827361784
-2.001953209149893
-0.9241180139806793
0.5425306438244898
2.2487353095041005
3.999937167021137
5.577912220335576
6.7666546512735595
7.379190069958204
7.282722064894406
6.419705732016605
4.8216134650183
2.6115965984207388
-0.0060371814686543315
-2.767911586324124
-5.3811356861546455
-7.556725588502298
-9.044317815825753
-9.664421612072363
-9.332498016307827
-8.06991603605669
-6.000779425756893
-3.337388595767237
-0.35790128204972127
2.621614165799093
5.2795783945498425
7.324210373002358
8.528798197030907
8.762069619244901
8.007578370094944
6.367471073887274
4.049653809244362
1.3405337607525012
-1.4322011223394537
-3.940200909181218
-5.891917151995247
-7.063227554184874
-7.320135421088537
-6.632881289266502
-5.080849361192168
-2.8482425819156805
-0.20977845555528493
2.4959930558631345
4.906662730230472
6.685097164464708
7.569828915784656
7.418152772518845
6.233818738972805
4.172713137111919
1.5235441244869705
-1.3346022349422364
-3.9911646178469375
-6.0689216354449504
-7.282648891316617
-7.481437914183335
-6.668543888782726
-4.996207452822534
-2.73617647434409
-0.23168119758401026
2.158481970559172
4.112388506450043
5.385957686043815
5.838760587383144
5.444309109801331
4.2866366013537345
2.545578734733499
0.47208590805297923
-1.6453049154848653
-3.5186511042015325
-4.896465925314237
-5.592333554888518
-5.5052919111777
-4.6316909362448015
-3.0667169208215976
-0.9937320317585672
1.3384170226903396
3.6473383138330835
5.6531782797500485
7.112471888238613
7.844512497961634
7.748639950471358
6.813592112004091
5.118889713577953
2.826261902032934
0.16116870653997437
-2.61154902274904
-5.213477661868852
-7.378724886174957
-8.881262048903233
-9.562356764557105
-9.352524056229845
-8.281185899599182
-6.471244959507319
-4.1210091745829365
-1.4784494193179212
1.1876623742758465
3.6170473377879597
5.585726086466298
6.929548114291005
7.560642613083834
7.475276460417027
6.752085161796676
5.539431071517984
4.031873521861883
2.4390955319173018
0.9538657614793739
-0.27432716811760066
-1.156113770622034
-1.6684800069022843
-1.8508524761997533
-1.7922399370294126
-1.6114976606224414
-1.4339354417421275
-1.3678377044525711
-1.4839964553201284
-1.8012967162476101
-2.2813967046495898
-2.8346105466307985
-3.336876260797051
-3.654540544528354
-3.6716681951779115
-3.3146768700038893
-2.5696981854799215
-1.4891803223929603
-0.186605776482197
1.179920486080716
2.433274892304313
3.407839894439192
3.9785475431471586
4.083014564877017
3.734114707605356
3.021216876142144
2.097810917251291
1.155179403066178
0.3860370817279935
-0.054877801471450764
-0.0851886554874453
0.28379430656321164
0.9450300742939434
1.7148998201714774
2.369518112321058
2.689643473305164
2.5049586627570415
1.7295589963768199
0.3818042382449768
-1.4144226590564841
-3.445151513804903
-5.435276722980196
-7.088161850708011
-8.130975950281146
-8.358756516418541
-7.670530945176271
-6.091160384121128
-3.7728003550543945
-0.9737745390774246
1.9804455914294636
4.744912615099673
7.002558185664481
8.505451883753413
9.106509937355883
8.777587130275029
7.609780648145887
5.79562599395866
3.597082455831462
1.304187004620065
-0.8101780408717225
-2.5315117503352713
-3.731843295909759
-4.379140957006953
-4.528281963345247
-4.297887370099815
-3.8387503255991677
-3.299893588899109
-2.7977077373577552
-2.3935625728044623
-2.0853620515369387
-1.8152265417146738
-1.4906535827215222
-1.0142076006735408
-0.3151512694248609
0.6247802856349708
1.7571347845731564
2.966719341751414
4.08670238249999
4.926489545169229
5.306485268980908
5.0932200588302
4.229175750322282
2.75207772909664
0.7990014810216322
-1.4074208747191685
-3.589336077800066
-5.454684868937644
-6.7410487368336165
-7.2552092472682475
-6.902871439850587
-5.704284990428929
-3.7929454639893727
-1.3972737579344956
1.1914587625627449
3.6596334283031187
5.714423089388901
7.1236713161303165
7.746452423261726
7.548960058895473
6.603100605576629
5.069081683244184
3.1657915053559345
1.1337452570201083
-0.8027784916394147
-2.4663684554178578
-3.7446627255810365
-4.595751717310431
-5.042147435509042
-5.154452393666602
-5.027622242953991
-4.755271628556516
-4.408115269255859
-4.020666552065973
-3.5871016938310625
-3.065886277597717
-2.3930588236724475
-1.5023732551115208
-0.3480484631040313
1.0742855110131266
2.7125938481715726
4.453873496878633
6.132837630113772
7.552802905930093
8.514204839225439
8.845032223669746
8.428703226274987
7.226162854296408
5.289097174145815
2.7614893994117016
-0.1319202145750217
-3.1095465838741587
-5.866229406420098
-8.111502617706723
-9.607701950431423
-10.202184601692846
-9.848709390148628
-8.614438253485881
-6.670391692842411
-4.266222324884667
-1.6938316747151623
0.7543682584904433
2.8267305013743154
4.346792847942272
5.234895670815138
5.513289920193629
5.29375766783013
4.749624820316545
4.077179850812163
3.454044304649107
3.0026907020887914
2.765924467177947
2.699080065429324
2.681511500087033
2.54645436506335
2.123580550556392
1.285143505247183
-0.01423760084392248
-1.713615109534479
-3.64482273183194
-5.556159335495064
-7.154953169456534
-8.159377096763022
-8.349819298843434
-7.61127668421502
-5.959679388123262
-3.5471330343805714
-0.6442163248508571
2.3979987043528346
5.199387313835521
7.407114227435758
8.747883726741744
9.067164568989217
8.348897573463178
6.713943892392388
4.399401044467749
1.7223091265293182
-0.9678026271693222
-3.340227958840547
-5.128219609882626
-6.159965301628482
-6.37315385015946
-5.814493858955729
-4.626084414007486
-3.0207389730828806
-1.2487867812111688
0.43962757778075745
1.8298666550326876
2.7688486382721913
3.1793721947853837
3.063714440851858
2.497281860672398
1.6132209044257524
0.5809068709434996
-0.418346177387834
-1.216928656307052
-1.6865905791717457
-1.7595408069251388
-1.4386881797147666
-0.7939229023767168
0.05342635274663205
0.9526545004781067
1.7474462154616426
2.2992886924419236
2.5089800032753224
2.332194735404292
1.7854549478901567
0.9428512804813873
-0.0746829458979923
-1.1167434531381935
-2.02573920560878
-2.6609242546244856
-2.921078613299447
-2.762347158517063
-2.207239667046077
-1.3424253845507452
-0.3057227054153757
0.7355356235424573
1.6116486151249927
2.178973566045719
2.3443600623025973
2.080491948268806
1.4289695451125675
0.49144297128742165
-0.5874566966442609
-1.6409816549665346
-2.5025333964640764
-3.0282549519572997
-3.1180091073461953
-2.731339819857542
-1.8950704046855846
-0.7013004603592395
0.7036574402657912
2.1386991896054615
3.413809418960694
4.358052490366278
4.844884202993919
4.811131046061206
4.266452381825278
3.2909447407620647
2.0209565540406476
0.626219672309385
-0.7166592563214051
-1.8498946078159728
-2.656912901763373
-3.0796969155599365
-3.1288023990753553
-2.883456656138638
-2.480135359076509
-2.09026729986221
-1.8890542591947839
-2.0174541830924797
-2.542193956458073
-3.4242533892912985
-4.507630742547971
-5.5345751756030435
-6.185654479384833
-6.136933839489005
-5.123448643969998
-2.9988282975648053
0.21735764604817923
4.3134382329554946
8.889170437712485
13.392564512917588
17.187102050432063
19.64132590812367
20.22815882660613
18.61770751173354
14.747075541981252
8.854166301828158
1.4678696970758085
-6.64708613958196
-14.585093396431489
-21.419991286306526
-26.330381843913564
-28.710398562258092
-28.25091144298597
-24.980544700462833
-19.260380791431245
-11.732449043780251
-3.230772711810192
5.3286437818154315
13.061533284130487
19.218959522325445
23.268624097391754
24.94328241185342
24.251786926424437
21.45589811947041
17.020008799344264
11.541935082589625
5.673611834027677
0.041094209530027445
-4.827048187272666
-8.554891331788196
-10.95137424418132
-12.015423150202428
-11.913292145265094
-10.932386153837943
-9.420934132667654
-7.724940916231382
-6.13261748471266
-4.834312558599874
-3.902763962399439
-3.2945299942308925
-2.8712358415371906
-2.437654095649141
-1.7900701071838259
-0.7652678271327873
0.7192162103766638
2.640179685173772
4.862858981726064
7.1555857025773095
9.223552537655673
10.755485373444875
11.474410407109142
11.184955707996188
9.810322813119923
7.411853790724886
4.187217559770704
0.44842719243921525
-3.4162175683121836
-6.991840911274857
-9.892987984598058
-11.81704734104399
-12.583743946811085
-12.152820367755933
-10.6191955501871
-8.19008059771093
-5.150580904673301
-1.8244954115532712
1.463628992246981
4.420348784363885
6.807100331918132
8.456761097583287
9.283275583652342
9.282763389354054
8.525426543129797
7.140006807816584
5.293953631787994
3.1728798616884757
0.9627118938352636
-1.1630892320224182
-3.051154049177047
-4.573314356746902
-5.632421554216166
-6.16969055358498
-6.171564802720834
-5.673307677810907
-4.757072133065735
-3.542693020585618
-2.1713338490678082
-0.7861546472152321
0.4840646360914376
1.5357898266383485
2.2974248911642734
2.73330531623862
2.8449389420779094
2.669091186294101
2.2726838936492912
1.7443062349196792
1.1820043957517035
0.6786108846811642
0.30826504947457556
0.11734253903546395
0.11976666441067581
0.295558969187585
0.5937724838301854
0.9413991482241496
1.2565778744789036
1.4624394066628275
1.4991013960235955
1.3324246688087364
0.9588210992990849
0.4065635576700342
-0.26642392791984865
-0.9797528333914421
-1.642998790483146
-2.1709675459829594
-2.498654795517482
-2.593326328960003
-2.4613335043847093
-2.147490858395518
-1.7258340616013803
-1.2830694362724073
-0.8997393173919502
-0.6356334158078307
-0.5226005723271838
-0.5629452933329088
-0.7301978472677408
-0.9716171014853188
-1.2144958052418273
-1.3773782919009918
-1.3834030079439052
-1.171694740753187
-0.7056468983181396
0.021353754354309733
0.9834534599164287
2.123803136530925
3.35905661846416
4.586160383060264
5.69270829374574
6.572920160962604
7.148432146277038
7.387469337007221
7.312594035543126
6.990015623298306
6.500358016957041
5.897110828650753
5.163371504694726
4.181154422562184
2.728835046249623
0.5171728485242185
-2.7369368041290882
-7.21220060370276
-12.882322315126649
-19.438663272870198
-26.259191637227723
-32.43906984206892
-36.88715448710722
-38.47987691801394
-36.251110822820394
-29.586334958666885
-18.385252338265953
-3.160616046631646
14.949136249131355
34.26183043578352
52.72102524331634
68.13258742116352
78.43876076533247
81.99500858150681
77.81267568285733
65.731162364883
46.48985787524826
21.683776923607844
-6.395572610523102
-35.013945478184084
-61.306849765961374
-82.60833004308813
-96.75551782003069
-102.3326749758075
-98.82533424002969
-86.66659107307488
-67.17065607948585
-42.3630710384106
-14.732893124230987
13.056961251663529
38.463715781478655
59.32915256709846
74.08503279326054
81.87765131051519
82.60135101851489
76.84369715192938
65.75614579777294
50.872662244098656
33.90415595699122
16.537369343395035
0.2626887725031611
-13.752772389760102
-24.7404345664415
-32.35481446441268
-36.650415203778394
-38.015079795501734
-37.06884371994216
-34.54370251552326
-31.163014158073015
-27.538034986791974
-24.094500488356267
-21.03686414302733
-18.35219266675564
-15.848453168897269
-13.216925149541137
-10.109128292967512
-6.21901110138865
-1.3578909744299965
4.490565686997967
11.14337836743734
18.223368190948523
25.196723359051056
31.436564959750445
36.30011473157284
39.20765539822345
39.71572592500413
37.57811597269972
32.78664208491334
25.584644166289934
16.450111039970487
6.050207058459491
-4.825658380571931
-15.343603411494655
-24.704255921374976
-32.21616602457832
-37.35778715579041
-39.82131324223578
-39.53244621657656
-36.64457637379946
-31.510535243551402
-24.63689218393464
-16.627075195017078
-8.121287128219224
0.25933766771375133
7.959182383625564
14.522616747092552
19.61666212181271
23.043221653534935
24.741358442338825
24.779434623251095
23.33736615910455
20.68088305601237
17.131837085767167
13.038417559603863
8.746857142072267
4.575495520969118
0.7927624276314562
-2.3996448839293083
-4.877487131985432
-6.59706531846051
-7.589511519926187
-7.947907257878607
-7.81094813408199
-7.345257291200432
-6.725910698844531
-6.11562357902479
-5.645750423733407
-5.402215928223815
-5.416611148400785
-5.661163532815348
-6.048471128982619
-6.43959105390635
-6.662980314542668
-6.5426172970709136
-5.929911441662894
-4.732282126814208
-2.9321874606997564
-0.5940946773021728
2.139473787806817
5.061069820977605
7.919365117183839
10.445961905375048
12.38532922735574
13.525482365516627
13.725297015437631
12.93286977223953
11.192408583878477
8.641135617276872
5.497221642658976
2.03788004702053
-1.4316109100021923
-4.613592998224407
-7.252292125847944
-9.161078845077277
-10.239121025430318
-10.476705926014905
-9.950301056014967
-8.8079409010215
-7.245680503642684
-5.478360375854978
-3.7096052716557257
-2.105389779642237
-0.77491534262143
0.23777228684897175
0.9495796926631077
1.4229141066535052
1.7441101631727913
2.0021689942651637
2.2712731513122466
2.5976086204452336
2.991788630053957
3.428839554775607
3.855488383785049
4.2028409493798025
4.402385006846173
4.401861757142809
4.176529949260411
3.733257821529498
3.1073686533703926
2.353608849689045
1.5340482438320178
0.7060898816665809
-0.08755761706804736
-0.8256919196253671
-1.5102615577086775
-2.161343093038331
-2.8066977207805395
-3.4698723203326396
-4.160273132303778
-4.865750245948373
-5.5472346279765405
-6.1367829646620535
-6.541493119137445
-6.653634871217598
-6.364525753948183
-5.580344964901387
-4.239933015515947
-2.332785464184919
0.08685708858300495
2.892674111630076
5.887527165168727
8.81540697830558
11.384233178666236
13.297424610131973
14.290929448498005
14.169802992490888
12.837502349930586
10.314487527272686
6.74487109486161
2.3890170185962623
-2.398404835353989
-7.201850193867794
-11.585800296477803
-15.139375602776896
-17.52028980988437
-18.493669444545983
-17.960892954540594
-15.972665202450298
-12.722995611705924
-8.52588452231386
-3.7785443907192393
1.085173595272561
5.645091903610228
9.539964141290943
12.500527767129268
14.368333985386215
15.101910560456945
14.771055911363874
13.538601165269323
11.631162404894734
9.303771563985917
6.804079736281155
4.341346409213703
2.064765085399764
0.05355180701909667
-1.6814704524115789
-3.1860889427766623
-4.541899973386361
-5.838755118565763
-7.145340184224524
-8.484493825158157
-9.818776126960293
-11.048795564146936
-12.024111402080683
-12.56495542166895
-12.491567281181313
-11.656410476208956
-9.974367266915907
-7.446986689329441
-4.176943286690209
-0.36853761377099875
3.688225644019225
7.64908264825561
11.15866220006312
13.898719277977605
15.631927576235043
16.23192364992695
15.695014869136076
14.13465064314064
11.763117874656324
8.865078583695864
5.765714305734972
2.7960601316323612
0.25966972804268507
-1.596876771065796
-2.6112906755787164
-2.733093769433908
-2.05009025114835
-0.807799066202492
0.5880819799139467
1.5977229198638911
1.6108695461335434
0.049227752581119194
-3.504752633957349
-9.177470732961043
-16.702367675163067
-25.37408661364365
-34.076934272915494
-41.394210558019395
-45.79183532088215
-45.85434250573982
-40.537280319554924
-29.392984394709902
-12.727487803377853
8.344762801376444
31.96467453646786
55.70718481793379
76.85390778556244
92.72511481692283
101.02760294899744
100.17201847238918
89.51584944740584
69.49702002545419
41.6364102973213
8.4033592225576
-27.043213624582084
-61.2059378508308
-90.64701525141871
-112.3835149937565
-124.23055659040321
-125.04717626570375
-114.85263983388097
-94.80163457033713
-67.02736802939606
-34.37723397519695
-0.07635898586248563
32.63862837924945
60.86986994493057
82.34993016926684
95.64239771903944
100.23232629782429
96.50225373200983
85.6062050132488
69.26765133724152
49.533826675069896
28.520189854251726
8.176620527817223
-9.89877641305816
-24.580289376442785
-35.26257346833269
-41.8417532371971
-44.64293026458921
-44.307772599756774
-41.65772970601551
-37.554025495753145
-32.77599762390689
-27.93167089873353
-23.406334705171595
-19.350657209113738
-15.706770677559032
-12.266285939830984
-8.748495585323502
-4.882697079521128
-0.4791472258200402
4.5214365576707545
10.02360452424846
15.778049357427335
21.406280313072237
26.44626758559832
30.41284233751331
32.86358871914291
33.46042057592003
32.01876349789779
28.539173187230254
23.218008821064043
16.433967118369207
8.709810756374615
0.6543272623315812
-7.1064822525391405
-13.999163947548896
-19.56332530190113
-23.493612772453872
-25.658015761906157
-26.092707831191685
-24.977555914282327
-22.598471925152325
-19.303129934486027
-15.456075767356769
-11.398727410038774
-7.418590301837075
-3.7301775472523646
-0.4683373745039386
2.307582223414125
4.602056910237894
6.46654688650462
7.978510955988289
9.218779862966064
10.251217863586602
11.10749317207045
11.779028808123613
12.218414864406716
12.350733119379555
12.092228721453424
11.372605469975664
10.157004511385491
8.46282842363937
6.36662764903063
3.9983577936784287
1.5234719815056543
-0.8831804964902783
-3.0654190008003797
-4.90970638214339
-6.359814865433484
-7.418621329181975
-8.137834105286274
-8.600059762398736
-8.897276452126967
-9.1088364021499
-9.282201723798417
-9.419054773401227
-9.469272769050626
-9.335640907707116
-8.890822516250108
-8.004917521122055
-6.577901714944476
-4.568394631540683
-2.011740418320581
0.9753859192804408
4.204025646149491
7.434125381155526
10.403850629472052
12.861607752035049
14.596063303787444
15.460361146287893
15.387096462011634
14.39218570629653
12.56875343932386
10.073514154600467
7.107415094001489
3.892621794669554
0.6490065612174644
-2.4272100462857753
-5.180638399341126
-7.5069494385805475
-9.35369024030661
-10.712004770819867
-11.602327432466963
-12.057659564653065
-12.107894329771563
-11.769371490134269
-11.043111708932692
-9.921229268766362
-8.39735271651367
-6.477447475048201
-4.190285951614149
-1.5971230237206586
1.2019952354709487
4.068225955326203
6.831335078936585
9.303941868374887
11.300195634733457
12.655288924583328
13.243667611802747
12.994948798810315
11.905325080679846
10.04230616532258
7.542269902235919
4.600449903113235
1.453655836441575
-1.6417574743712497
-4.43417335491581
-6.702278804201715
-8.279540920116887
-9.072626188603929
-9.069844232016553
-8.339313576432774
-7.018331715420665
-5.2954316584493455
-3.38754578804698
-1.5157347079417467
0.1176426304165814
1.3481352474041104
2.0634882220506623
2.21440378821488
1.8236166182649147
0.9900335489844264
-0.11868145324960999
-1.2870944547209657
-2.2823982217766554
-2.888880304218564
-2.941709051601394
-2.354653273687967
-1.1371161748029168
0.6015766591182089
2.6613162758846483
4.774151518738538
6.639552514224125
7.967485393334772
8.523227587519377
8.168005146601704
6.889401008449678
4.814393595924739
2.1979526677501866
-0.6152890174624432
-3.2498739265580405
-5.36530340535937
-6.714327620969673
-7.1823095446065475
-6.800321125052657
-5.7305745808110595
-4.2293727800958765
-2.5961449483428867
-1.1174014760821274
-0.015267274786257591
0.5888542260193873
0.6881591840059821
0.380868095977418
-0.15892467714190375
-0.7227313757991777
-1.1120563191571378
-1.1775748461894198
-0.8474036094136425
-0.13908766443849108
0.847941377004472
1.9567325645938316
3.0064476814749526
3.826699165664146
4.285615227081221
4.307732531814248
3.881236808933938
3.0564313695814738
1.9374849171241766
0.6679897106382645
-0.5891030607044363
-1.6742495403664495
-2.452896699093107
-2.8333383277796895
-2.7792768450968848
-2.3157687729902046
-1.5277689043388654
-0.5508774560316894
0.4460088757881037
1.285177795193427
1.8078600782262895
1.899867340906892
1.511460288671064
0.669264379344599
-0.523017310031278
-1.8977244773674218
-3.2483694236568668
-4.361148754390611
-5.047033376161564
-5.169691411453812
-4.665099478977086
-3.5503380968003584
-1.9215513084842737
0.05775585513830961
2.1763583695633573
4.200181192922784
5.899760687697679
7.078096637046585
7.595422089912568
7.386604921813632
6.468698390077091
4.938361666775774
2.9596062245280907
0.7426974221748202
-1.4832432549154688
-3.498872107835146
-5.119189222934478
-6.211246460450935
-6.70404249888233
-6.5899797006666345
-5.918255108950773
-4.782333481809434
-3.3048279250898376
-1.6229456802017619
0.12359052676191386
1.8013263836644862
3.288560180364243
4.478566009416431
5.28193107679789
5.629161381737671
5.474895553676895
4.80416824562918
3.6390879760591157
2.0439833625712387
0.1281483948145715
-1.9549762023206576
-4.01405501130012
-5.832722470913778
-7.189107295100474
-7.88087513751837
-7.752784814605722
-6.722519275840058
-4.8011048974317445
-2.1051164919574923
1.142077606373222
4.6225216745452204
7.950525901913742
10.71334495427616
12.52215091198379
13.066448939131499
12.163074331520434
9.792303455136576
6.1164340546953415
1.4766949458612029
-3.6358678776342193
-8.63608744921846
-12.920048803538718
-15.94687510333832
-17.31240005353564
-16.80446117455838
-14.434551967038436
-10.442005626630976
-5.268201940429077
0.49672878690033656
6.187346789439069
11.147244148076515
14.81346637144167
16.788629670771364
16.889823466206796
15.167666177022268
11.893307658842554
7.515428907422988
2.594223944555238
-2.276491255126173
-6.5466784069304325
-9.776155659629433
-11.681698074218001
-12.16147098476378
-11.295921748518166
-9.325190340943749
-6.605077353671759
-3.5483731611904243
-0.5624687120146715
2.0061153157597853
3.9127600910212834
5.036293070499328
5.378943405863377
5.048119722031663
4.227410410097596
3.1424235478523856
2.0237080103117573
1.069780595037504
0.4164724815743572
0.11926873706392085
0.15196365226600236
0.42065783684917807
0.7889696684351851
1.1082472827587395
1.2462875194256302
1.110263223587417
0.6617976270551478
-0.07735599468286083
-1.0298972320033895
-2.0766889038900236
-3.076413817553194
-3.887195622499786
-4.386888899501778
-4.4897403881542
-4.157471090463222
-3.403606806686049
-2.2913610722856523
-0.9259914768537623
0.5575443390181428
2.0100952646091543
3.2844845478331512
4.250693300351365
4.81054830410493
4.912036908629151
4.559966024061623
3.818024407839316
2.7994895526522443
1.6474883948034553
0.5095946824790248
-0.4862541584190987
-1.2495066892229174
-1.7368045653048474
-1.9533397814727664
-1.9459197658776473
-1.7900650498570518
-1.574743851369959
-1.3868853638112228
-1.2958071819079533
-1.3386002867452382
-1.510750799363967
-1.7669666644810824
-2.032950357199045
-2.2234267730309294
-2.260067406331659
-2.08542801164443
-1.6719036597810408
-1.0257589618524237
-0.18645823163019792
0.7783610989402923
1.7813950537733285
2.7257670751072003
3.5152758752353472
4.065266565769569
4.314216755973435
4.233369535036905
3.8310630931501946
3.1508091775373206
2.2641693144003656
1.259534460434934
0.22834980661075682
-0.7479678199213656
-1.606930967176304
-2.3083850929268257
-2.8335129162133454
-3.1816532618253204
-3.365839562068003
-3.4058591750224667
-3.3197409967871687
-3.1182741691258964
-2.8045127324643837
-2.3755489946887987
-1.8257261201156294
-1.1532730854543682
-0.36918405974965285
0.4959720362400942
1.3898923861955679
2.24129876278472
2.9674204175713608
3.4852101883447824
3.7241386986023572
3.638683046879312
3.219463602214316
2.501012127892838
1.5621763445005918
0.5161627046670023
-0.507735981835711
-1.3844904865019858
-2.010498682646744
-2.315986202889258
-2.273081502870576
-1.8999137120071266
-1.2600872110867087
-0.4559665915828217
0.3850281583245722
1.1295460507958972
1.6592262329025589
1.888787657915535
1.7772151604047084
1.3308581651810165
0.6004768961155538
-0.32537625088224903
-1.3302990319525339
-2.2839023678780697
-3.0587174493613842
-3.547824563344169
-3.680731929438601
-3.434475637123099
-2.8364200416430125
-1.9572711879641584
-0.8963102090211004
0.23683667696060484
1.3389064843976919
2.3244895859319126
3.1315595630425266
3.722346216644071
4.080872742800642
4.207970952133967
4.114442823661753
3.8137615859081566
3.3173346577015286
2.6352408350362873
1.7820326623167866
0.7841304502993862
-0.3147106636430289
-1.4519987951318254
-2.5498517192830708
-3.5222281726179263
-4.284489085531988
-4.764029789679311
-4.910751595979544
-4.705696022737846
-4.165960239023304
-3.3445271709569364
-2.324569417823561
-1.2082585787705555
-0.10093554715754559
0.9062330187441395
1.7503180251418289
2.403279459762802
2.8690747126335414
3.172333841101535
3.343391980292976
3.405379861510133
3.3670620298076823
3.222631599625646
2.9571669897352577
2.554757259458712
2.0067011623283366
1.3181430385255857
0.5118823698406607
-0.37110269267727936
-1.2738498666155105
-2.1273961834757893
-2.8560468842990456
-3.3845143967119493
-3.6478185473810387
-3.6032421887055586
-3.2418124796846994
-2.5960359671962925
-1.7406333334032804
-0.784457183758409
0.14550239505734516
0.9250695793648378
1.454786773962973
1.6781690486132235
1.5923834721521488
1.2493025802616884
0.7467055540921722
0.21074719433187578
-0.2281403304699346
-0.4619318395872178
-0.4274605488221667
-0.11775807504541966
0.4194878862637007
1.0927835271090927
1.7827141151763755
2.3606512225638663
2.7091095097166957
2.7416201086393817
2.4184926495970385
1.7547865172803416
0.8182778363893141
-0.2824394886050122
-1.4163727096796903
-2.4498789639077763
-3.2641306042475415
-3.7689211748891083
-3.91178076988325
-3.6817201014450562
-3.1083479416931157
-2.2575877116489127
-1.2239716336732311
-0.11890234635740281
0.9437105073233953
1.8610548401582254
2.5521254793515045
2.9652596076963325
3.0818759340515887
2.915875935535941
2.509716136982777
1.9284138567170455
1.2517215332756049
0.5641911321278626
-0.05693800235446819
-0.5545597700466849
-0.9014267786380205
-1.1028356415268536
-1.1910579838666857
-1.213408908180247
-1.2176870537226485
-1.2390258331616026
-1.291141741170986
-1.363278295743856
-1.4225894603453335
-1.4211140329452114
-1.3067765885770224
-1.0369994953575827
-0.5912318041102486
0.021708858762669665
0.7626757926867281
1.5656888033377019
2.343856056964171
2.9979402003411146
3.42847343600305
3.549939858680616
3.3040475281307637
2.6704554014863806
1.6738459444912133
0.38546468114632976
-1.0816103478662398
-2.5824026028729046
-3.9538815430021366
-5.031286967705673
-5.665438265135589
-5.740603318646472
-5.192547632194117
-4.024196312758524
-2.314593859622683
-0.2177852943100378
2.0492572804390483
4.228816548841921
6.0527434436297805
7.277229551940037
7.717510990133306
7.278032874940216
5.972493008870501
3.9282237135145612
1.3733434678163
-1.3905979481089927
-4.0263068802379856
-6.204328327922223
-7.647484146211606
-8.17007434047354
-7.705321111938271
-6.316181702472156
-4.187382566744947
-1.5995103459950888
1.1104337176987644
3.5955513319089434
5.546387028016201
6.7329937749121385
7.0358374060347595
6.460542041717693
5.132762270320156
3.273448465018741
1.160312664921586
-0.9167665311992386
-2.6989926049775064
-3.9928531858640475
-4.690145936154623
-4.773678428121215
-4.310141292848619
-3.4311942595895344
-2.305930368991411
-1.1106625557098966
-0.0018399970653108961
0.903724550945387
1.5386554214033896
1.8851942438355846
1.9693884945893305
1.8521339067461005
1.6166765098990932
1.3520847299472887
1.134892066843963
1.0130497299468635
0.9967490127973303
1.058990761399809
1.14510231698325
1.1875168539606564
1.1214995434134651
0.8981816730317631
0.49269152829991314
-0.09275928004361404
-0.8289212378858616
-1.66046918053957
-2.507963308252708
-3.2727908590634094
-3.846069566256261
-4.121046851928984
-4.008364827219211
-3.45279467067217
-2.448609054115029
-1.0502377128567535
0.6251231720646205
2.405561880323455
4.083219973622172
5.440953245645014
6.282959204485339
6.465126030583791
5.920247947807497
4.673430383250146
2.8444114411174937
0.6356600215755144
-1.6922198384526526
-3.8540893763171535
-5.578458404044756
-6.645571034984623
-6.920077600616457
-6.372535042945657
-5.08472252562415
-3.236507857073965
-1.076501461880367
1.1167359161459536
3.0742096745795475
4.5704734153353925
5.449945580924342
5.644002498990749
5.175686874747378
4.150492428262481
2.7353712805399906
1.1301761376754214
-0.4626752919778487
-1.8637375560510656
-2.933993945398775
-3.585747723036498
-3.7887375940892314
-3.570170863561148
-3.0066806176039513
-2.2087473608382187
-1.3007351129673228
-0.40096559668012327
0.39408618986609123
1.019481566083738
1.4455247751425933
1.6760063811023813
1.7409895591528353
1.6847650639131098
1.5519310525648111
1.3763571894047208
1.1763552246686075
0.9559228622058182
0.7098431544820116
0.43047395625467033
0.11501171088905097
-0.22781780866386042
-0.574107692322265
-0.8868044126376603
-1.1228217120160717
-1.24190361423909
-1.2149939839246768
-1.0315247006508153
-0.7044791455419808
-0.2712702346416531
0.21043871491963095
0.6704202691469408
1.0344568019914
1.2329510198440587
1.2105310196603978
0.9365672082030203
0.41446636536716674
-0.31284876295806235
-1.1631528851723911
-2.021874462199985
-2.7559477500054324
-3.233126535143096
-3.342973395196356
-3.0148416244982785
-2.2300737356897464
-1.0277640260942529
0.49585263423588544
2.19394186839966
3.881445611398075
5.353849717544782
6.411384876208975
6.885372354451466
6.663038721412585
5.7071994324090465
4.067129398664949
1.8785501322392828
-0.6475066843625399
-3.246823981782587
-5.633538873860678
-7.5364037245731765
-8.733782884441718
-9.08260518418609
-8.537302763791242
-7.155359119073723
-5.089031060771255
-2.5662315258025115
0.136394084641819
2.726510551235633
4.932251497293666
6.5362008320522165
7.40177063214197
7.487685958705927
6.848160181079178
5.6198224434574096
3.9989585509138017
2.2120614477390026
0.48283091323808636
-0.9988244665431196
-2.1002593804063907
-2.759309580280593
-2.9856680782583256
-2.8497546888123284
-2.4620529041262227
-1.948941498945748
-1.4306135841475909
-1.0040197028632425
-0.7309448332108752
-0.6309775703089707
-0.6811331407900209
-0.8237910710979893
-0.9816661204117928
-1.0764380905266764
-1.0469209063845897
-0.8623295389304698
-0.5277700549188429
-0.08225982000364324
0.4087516171195876
0.8652429179222255
1.2083892258827065
1.378071039232585
1.3477900792896857
1.132872727364235
0.7899247983034735
0.40712609297110786
0.08624898561571265
-0.07978812260149731
-0.027041461262401253
0.26697378195935284
0.7788107703386162
1.4404638941757812
2.145298212410234
2.758766994463168
3.135058371242186
3.1393456441858345
2.6719390797854996
1.6901220845231424
0.22521064554835935
-1.6089083675703684
-3.621143939636257
-5.56418233890133
-7.1674089680308954
-8.176199534231708
-8.391399043896026
-7.701767605100163
-6.103606851902446
-3.705713346591409
-0.7205610263645855
2.5569508847409126
5.781849988110708
8.599710386732554
10.689809508442645
11.803769116487071
11.794561673153858
10.633376313669785
8.41320468908729
5.339131614658275
1.7067058360615612
-2.129061921199509
-5.791071881989572
-8.920749232114066
-11.217365808764997
-12.470089408225778
-12.578317309425673
-11.558472130941574
-9.536638090399958
-6.728548030482595
-3.4116271357124694
0.10539300355744372
3.5116671172404286
6.521120393749694
8.896778504962668
10.470406070070057
11.153979874031371
10.941484343825694
9.901896969786469
8.165304808740725
5.905100234398123
3.319135776844845
0.6113063125545679
-2.0252235286566522
-4.4210640700843165
-6.438271827038706
-7.973004679747199
-8.955202835994594
-9.347264834800075
-9.14258711070803
-8.364323087283388
-7.064501597436774
-5.3228470475968015
-3.2443901772498926
-0.9560121913958765
1.397528336111043
3.659034499199616
5.667846206124079
7.273148848265011
8.35014878423935
8.815949655782534
8.640952571932296
7.852501776631418
6.530701158161257
4.798627541647714
2.8086719246290155
0.7262602058342046
-1.2867657029846724
-3.0868171057195095
-4.560167336444967
-5.6301519209005395
-6.258342519968431
-6.440426022969865
-6.200066691655153
-5.584022030396044
-4.659905959608655
-3.5149042132003796
-2.251622016393541
-0.9794157408134434
0.19655188661733913
1.1857832718582781
1.9215083177742223
2.3680193776050222
2.5252824443806663
2.4294728721347107
2.148758248147746
1.7744855959529844
1.408433595151129
1.1478442211384747
1.070563020093742
1.221634724517776
1.602585766334547
2.1660436216913257
2.818139933223642
3.4292209654230366
3.8518972087515437
3.9442240371282127
3.5946072371956643
2.744288926865369
1.4029243033219554
-0.346172841868884
-2.3520030773708682
-4.41222990414177
-6.298287908086938
-7.785952186372248
-8.68616083528792
-8.87072435160635
-8.289054410331122
-6.973994994841712
-5.0366171945088904
-2.651282448380271
-0.03363938652938152
2.5843774528228423
4.978348599021665
6.951750045721667
8.352280571186958
9.082974789323139
9.107063055295221
8.447419573336111
7.1819433485927
5.435129065289704
3.3662282414051234
1.1553294959823577
-1.0114857308475356
-2.9574218407212465
-4.530187282101075
-5.615945480606357
-6.1502234753339105
-6.124493587321908
-5.587732858453642
-4.641602130298924
-3.4277339728948784
-2.108183424742336
-0.8434120711418832
0.2273355377525486
1.0007849310644483
1.4193476217838772
1.476115088612929
1.2148279502583252
0.7240588458837159
0.12518085867473785
-0.4449573935700009
-0.8540083810657569
-0.9934007803462904
-0.7942156657882655
-0.23792544746638306
0.6390282000769439
1.746835744512339
2.949400359900001
4.077309118694024
4.948394932050318
5.395214662256013
5.2940545954553455
4.5882819996945186
3.300692671839942
1.532767836681534
-0.5470144859751027
-2.7214776897045625
-4.748026834644805
-6.387521159998682
-7.436373006066333
-7.756191707838725
-7.295266372195009
-6.097175194188884
-4.294375955312041
-2.089297144549722
0.2721409494103962
2.530559200434793
4.443441717956875
5.812590738714902
6.506014731943433
6.471769243108721
5.741850511793579
4.425962407479008
2.696838297149778
0.7699329830301015
-1.1199399517426527
-2.7440790187626436
-3.9070348447017706
-4.472822163646376
-4.385479435708117
-3.6794248891982693
-2.476421917182926
-0.9680557422480371
0.6137688370572092
2.0324995596188504
3.0825038130637994
3.619340559081301
3.580199761282865
2.991193097774882
1.9604250850401856
0.657994328118477
-0.7133145245184052
-1.9505304038123654
-2.880421976169075
-3.3830877946168068
-3.4063990125809807
-2.969470923811014
-2.1556697723282827
-1.0976134530224944
0.04312336991973382
1.099526787312675
1.9235638523546421
2.407846772554616
2.5008489383742982
2.2134759019627546
1.6155356387858684
0.8220276729380507
-0.027403172535836323
-0.7908629077751366
-1.3452264517388297
-1.604325677787778
-1.5329568367593502
-1.1541032546512016
-0.5458557040523176
0.17280799921696477
0.8638147028641091
1.3948868251778332
1.6639359518991625
1.6182639085575938
1.2638278265806064
0.6631426755989113
-0.07644468061572206
-0.821463395844805
-1.435076905010794
-1.8003906650729393
-1.8405922068449379
-1.5328950930159368
-0.9144839607728656
-0.07938927910117918
0.8343252118150208
1.6658839065206563
2.2578360268426017
2.482379194609988
2.2647110184029757
1.6002134819663443
0.5615337877514964
-0.7075597335231104
-2.0123280054659074
-3.138576192376046
-3.888923075138058
-4.115800167522552
-3.7457033536722473
-2.7926311399689383
-1.360349771600249
0.36692309658579214
2.146499853167915
3.711685283239744
4.814423513532999
5.268019846625097
4.9810988133571
3.976014604122757
2.388380192549577
0.4479537567817805
-1.5557531221139789
-3.31734397102297
-4.562222750489536
-5.0897761589226835
-4.806589025631312
-3.743448842541283
-2.052578796666638
0.014344059590841495
2.143551165208064
4.005948719870757
5.306058581696847
5.825893412617503
5.4576670618748215
4.220935573339864
2.2617408673116106
-0.16627383483331515
-2.7362632087730643
-5.093504003458036
-6.905385216926233
-7.908682691571854
-7.9471857610534755
-6.994481301480857
-5.158526434274851
-2.667020332730126
0.16443056758907748
2.9772353931498596
5.421832004066373
7.208149555863478
8.14497363603689
8.161406135850678
7.308214168411175
5.741434495873432
3.693783627762822
1.4396824183983012
-0.7418734367414078
-2.602965462451844
-3.9565785162153144
-4.6961755235763984
-4.802574845439582
-4.338712372568029
-3.4344363798894237
-2.2637349571105823
-1.0180180245369794
0.11987939420093623
0.9977286510962198
1.5103121258555092
1.6083588590727818
1.2991332572425964
0.6405405887439529
-0.2685266280103244
-1.3001848940690948
-2.311224401787159
-3.157813842618845
-3.710450890099862
-3.867670281099438
-3.567068122020286
-2.792987632524136
-1.579772852865831
-0.009317314980951426
1.7960891382256705
3.6830261634877752
5.477619134382166
6.99907371246005
8.076646046950527
8.568350065949186
8.378829134980103
7.473872144056217
5.888460310257863
3.725750833545327
1.1474715077228652
-1.6417055543754209
-4.413873097816085
-6.939616972807418
-9.00860576281519
-10.446953771323209
-11.131179571918457
-10.998795979686431
-10.055118689790532
-8.375408662224817
-6.100590937163893
-3.424895296706208
-0.5758175539822891
2.2105013833482334
4.714031235330295
6.752120922909376
8.195385286699363
8.977277149128332
9.096666393867888
8.612991726635787
7.634228837537313
6.299401742084052
4.758897369088238
3.1561297383690103
1.6131783830907358
0.2217927133602123
-0.9598677131006387
-1.9054296778804627
-2.615331010105219
-3.1106229653267845
-3.4259878478896604
-3.6021172670102906
-3.679179482118539
-3.6928751032381797
-3.672280988830149
-3.6383584990887936
-3.6033789840362696
-3.5711358136952596
-3.536869979618599
-3.4869466356193075
-3.3990966913509415
-3.242503786561569
-2.976933699720636
-2.5531697236050155
-1.9180215056123302
-1.0240090722888973
0.1584434605006221
