Theta
6.340897629514606e-05
0.0006356687308955645
0.0030822946439168124
0.009734619056063263
0.022785589529753476
0.04261992909017451
0.06677557509462721
0.08978801866176472
0.10346537155665947
0.09771135363070693
0.06251903501186648
-0.008730327712816172
-0.11554468118801521
-0.2478133117336495
-0.3858823576444601
-0.503420209386487
-0.5722977393604701
-0.5681776301994134
-0.47523872511968873
-0.2889335159892503
-0.016749706202444398
0.3223102818190197
0.6986641675574412
1.073054297699549
1.3979189369307707
1.620304667308306
1.68709758667663
1.552786756068185
1.1892346342973772
0.5957349304882843
-0.1932162939226832
-1.1048076536153493
-2.0311719223934825
-2.840066253399408
-3.392757966886526
-3.5669418949524534
-3.280862695930303
-2.514078545581209
-1.3202754222324427
0.17165143420246576
1.770146887323894
3.24658875607876
4.370724459429079
4.9501937471821265
4.8666342316426405
4.100815797931977
2.741045826208596
0.9724963372268915
-0.9506854293893994
-2.7452386786798826
-4.143709292670157
-4.936996226937157
-5.007496146474713
-4.347692978810481
-3.0618178592814753
-1.3504557256375653
0.5202383446111961
2.2606485615566076
3.6044076877700952
4.351516366056428
4.400112450741441
3.761234372792623
2.5541756407623804
0.9837967864782754
-0.6953717331552953
-2.2213107256380358
-3.3657796556026964
-3.968261000393868
-3.957488983238842
-3.357617373317211
-2.278855139985117
-0.8950536730890071
0.5871246661253073
1.9615550620579094
3.052596637230666
3.7368138983573016
3.953549383738769
3.703908881873106
3.040348243412029
2.0511186716478793
0.8444557587779821
-0.4639510362245362
-1.7591740649960894
-2.931839850807895
-3.881007838904835
-4.51666901377414
-4.7634559446610885
-4.566864875054698
-3.9021099413698512
-2.784037405768308
-1.2753573213907863
0.509666800488736
2.4083888073629276
4.221363200137216
5.732635012748426
6.737028952903989
7.070609581234973
6.639168657516422
5.439318808929792
3.5673338383962916
1.2125623228320375
-1.3645539533798927
-3.866114677427253
-5.996173047941561
-7.500089110979464
-8.19869596139719
-8.012437125775689
-6.971271100747491
-5.2082541867225425
-2.9381430059594384
-0.4257448893360191
2.049506783928921
4.226977764412804
5.892780478290518
6.900529075418403
7.183353592855162
6.755617955744918
5.704318856612509
4.172481626872621
2.338039263775003
0.39145458143955913
-1.4850409977104049
-3.134011105551981
-4.433481217260578
-5.301349817457739
-5.6942916362540945
-5.602785004838528
-5.044869976518197
-4.061762701472029
-2.717368008338629
-1.1010097284430616
0.6698209079938326
2.450382188542937
4.075548048269672
5.373048600348098
6.182186219498489
6.376251326860823
5.885698972682996
4.717627556436624
2.966344075805016
0.8107747275742704
-1.5030070606042023
-3.692642411954156
-5.4792056777353455
-6.629186707514144
-6.991484103513147
-6.522735202626504
-5.295916876042858
-3.4900361233110497
-1.3625965065166907
0.7901649467326273
2.6786836568948256
4.064227745057983
4.795019082009184
4.827971336864339
4.231530312928233
3.168918679985928
1.8654268154520866
0.5664262214060529
-0.5057171464257316
-1.1879353483343356
-1.4004370288321786
-1.1557159299084578
-0.5518946850512468
0.24830003242510268
1.049070894343789
1.6577963681253216
1.9197476417608874
1.7457139353714954
1.1279735661526615
0.1413757745089887
-1.0709267893140981
-2.3236053608990623
-3.4210880904359926
-4.189292956211188
-4.502344055461585
-4.300694500771547
-3.5985172655505235
-2.479697946028434
-1.0832639517332598
0.4189568250329797
1.847928446511722
3.0415941809625746
3.874357811079331
4.2700808871275076
4.207758739562549
3.719764282842219
2.88357305746553
1.8089054191521783
0.6227299470537092
-0.545418612506751
-1.5759414131119145
-2.368661149851174
-2.8490062476043705
-2.9709342135193095
-2.7177630272184543
-2.102791627451887
-1.1704164319669998
0.0031551128339043096
1.3110418139335005
2.620115675036987
3.7797353149522253
4.634743448493266
5.0416688085629575
4.886543208887407
4.102455531312198
2.6846682475284993
0.7007215888857091
-1.7070571457622647
-4.328245951517386
-6.900483266602187
-9.13432554158042
-10.74474976312463
-11.485518292016332
-11.181752985886181
-9.756510987925449
-7.247758238346538
-3.812487198070252
0.28403011773636844
4.693165839170802
9.018368610311045
12.855709029378371
15.834160384789648
17.651421578738415
18.10246579215492
17.098861462282173
14.677327421208183
10.996689516451813
6.32383210587432
1.0108535619589212
-4.533471889892726
-9.87510473468584
-14.587247533548119
-18.28295385812708
-20.646735564367727
-21.463321423261256
-20.640868320130085
-18.22544423116727
-14.403779006978342
-9.492063660925425
-3.9100013721090816
1.8585667977005154
7.314718578337233
11.997315447688077
15.532657291846744
17.6743370820393
18.328170103509393
17.558587114913465
15.574607297937748
12.696006201765261
9.303476846802337
5.780145030487984
2.4549647539522153
-0.4404814848098101
-2.793002265335965
-4.603837285040687
-5.963212362910687
-7.010665616443082
-7.889367719451946
-8.702572156206143
-9.480499586073995
-10.165572852822752
-10.620832311514466
-10.660441740080921
-10.09536428679065
-8.784013515870843
-6.676951237721521
-3.8458101120021224
-0.48942749129002244
3.0853417946239534
6.505216267738751
9.386850057327745
11.397809967561376
12.311567797720198
12.046784313155326
10.683391968584791
8.45197139847831
5.697931413748652
2.8263428396910903
0.23621787471174374
-1.74501823683768
-2.915351591471121
-3.2300512970445956
-2.8050188424770197
-1.8907561426035098
-0.8221853850896527
0.04616160286911112
0.4081600804763929
0.0655702451962163
-1.0316793762206642
-2.7721064824883315
-4.899028758000729
-7.053566078002236
-8.83597119816932
-9.874181235815211
-9.888489032302374
-8.742794843159476
-6.474441990873268
-3.29628940036562
0.4316049931823228
4.2568606224295324
7.705887250733831
10.357754844703916
11.908065794833828
12.21286591732348
11.306065838877979
9.387758089872708
6.785259827438903
3.893407194042219
1.1049541045918825
-1.2553517580598954
-2.979861505284502
-4.001214142854466
-4.386966104563431
-4.309323712859272
-3.99789692481515
-3.6850185362519094
-3.5531047122852986
-3.693272433280771
-4.08399710878449
-4.596110176216454
-5.024683029079291
-5.140712770445033
-4.749398900041219
-3.7404584252937867
-2.119650564819111
-0.016343315578133656
2.3331419436412992
4.622711087037486
6.527347087422453
7.758838046923307
8.116858332894491
7.526306986008098
6.053767474923677
3.8994613956724784
1.3656150887072602
-1.1930058293558612
-3.426595484706775
-5.0442598652030455
-5.854432348389881
-5.786150359211964
-4.89063022026368
-3.3263808524102285
-1.3328626734415283
0.8025548167375203
2.780851089904752
4.328114452191845
5.229629626824417
5.357048747627587
4.684295990447317
3.2897137609486053
1.3448134798307567
-0.9079103054903629
-3.1848282318898407
-5.195326600976662
-6.677004009919432
-7.428616093972587
-7.337069373674639
-6.394214225718382
-4.699497531689358
-2.446830886326518
0.1022090191266701
2.653756153930454
4.919845985090656
6.654467914255847
7.6831385846692415
7.921871149167826
7.382406415708055
6.163008060937531
4.427402621910798
2.3772615425978834
0.22465128402592419
-1.8304029080339388
-3.6149801681752463
-4.991753297603164
-5.863359633413519
-6.17467861497451
-5.9137676707011115
-5.111797282481579
-3.8425679324988335
-2.221714620327999
-0.40424708337634296
1.422340000405104
3.052311249153518
4.284451719303868
4.951280728623816
4.9494895343561405
4.264682174587235
2.9836918433870543
1.289696071440418
-0.5612324541166634
-2.279504813162033
-3.5912030258225744
-4.288342442784875
-4.269839152234382
-3.5630944197382464
-2.319596896069064
-0.7844398001722837
0.7533875724077144
2.018761819647647
2.804296902073198
3.009812862105801
2.6595201475651224
1.8930864264020721
0.9321842352652532
0.029739956188061578
-0.5868826770268247
-0.7664523495623485
-0.4676729220198416
0.23075069044559557
1.1461995801396399
2.031404793538863
2.6285373543120345
2.726176363058861
2.2066012691610912
1.0732271111686082
-0.5472097205224804
-2.426934508922623
-4.277552844588188
-5.799396079339503
-6.730648355077508
-6.888658226166273
-6.197731085841354
-4.6999549134742935
-2.548377191705597
0.015205474611651141
2.6931323787234693
5.169719256368691
7.149165917814958
8.390241039293134
8.73534572021223
8.131452008056415
6.6400993416591945
4.433955701844062
1.7786541620065985
-0.9994489602517524
-3.5563128253398557
-5.578010177672495
-6.825789890938993
-7.17118534939392
-6.615104226527717
-5.286913643512824
-3.4230929129018177
-1.3289996529707488
0.669854168888014
2.2790928802329558
3.2810589058385435
3.567392633698584
3.153336981483703
2.1711823488427466
0.8437716824682006
-0.5570380755180395
-1.7589562380166495
-2.535741503853558
-2.7433776042488502
-2.340327120926016
-1.3896972991328518
-0.044310894445345306
1.4818166259005174
2.9498391427835022
4.13308885607058
4.848387026743138
4.978349726339948
4.484179631236127
3.4090830386800994
1.8719604222309734
0.051398009382576784
-1.8385038154052589
-3.5770261983271006
-4.965373846001673
-5.849753052092049
-6.13622868423239
-5.797615540183856
-4.874057750784112
-3.4684942497765427
-1.736953787366338
0.1272661206558462
1.9159384218201105
3.433043714698906
4.5223903076211345
5.089699862036372
5.113404349836079
4.641255198747448
3.7744605423359925
2.6449285548280863
1.392239374003923
0.1453844137565277
-0.9883801369042988
-1.9278071000636223
-2.61717386128955
-3.0239799063237656
-3.1373471981230874
-2.9680514266576092
-2.5490738835420936
-1.934417491027711
-1.1946433292710072
-0.4095407717400686
0.3403772813970069
0.9822220325201744
1.4583808692561315
1.7328342042463607
1.794934834303785
1.6595505965967798
1.3634249141344474
0.958649116881867
0.5045379314101676
0.0590655083508494
-0.3290365613491901
-0.6262366507861218
-0.8169109005267071
-0.9020910036169051
-0.8948598505336505
-0.8143532537739281
-0.6805828215508142
-0.5112635600209826
-0.32058661329410826
-0.1193983208302717
0.0836644290056599
0.2806331078482916
0.4631056274268788
0.6221154324492225
0.7485095928532507
0.8329472614295814
0.8654976629925215
0.8358734306931307
0.7352575004118705
0.559655534594697
0.3136867190000906
0.013240923063298602
-0.3143668861915726
-0.6333072394018348
-0.9047898749014046
-1.094015758692969
-1.1767034488078731
-1.143404130729315
-1.0007882217151436
-0.7702417070475966
-0.4844437271703517
-0.18233422144854886
0.09713445498887491
0.3216622531087483
0.47141199003567885
0.5425463596489641
0.5474250743177536
0.5111176934768212
0.46486756112396477
0.43818915670003994
0.4517744095022665
0.5129599193054041
0.614497772792857
0.7362872424108162
0.8491049009609426
0.919459260016432
0.9149794106700188
0.8097646866994411
0.589030015462244
0.2523556934537434
-0.1849967505638732
-0.6928026670578604
-1.2282998737430988
-1.739952003404138
-2.1723327753490342
-2.4717503194783856
-2.591758528093951
-2.49770151221237
-2.1702194571807794
-1.6082797632835095
-0.8320181134202228
0.11512899673284345
1.1660489303984227
2.232214852779891
3.2089917815915827
3.984303431274522
4.450867578549636
4.52122651917636
4.143284611072492
3.3130185319287846
2.081114561686988
0.5516500593114213
-1.127199979408901
-2.779128761648734
-4.220350126926117
-5.28243887320128
-5.834350653765339
-5.8003468137106555
-5.17094905324952
-4.005207592210172
-2.4240989791195
-0.5962305852292419
1.282224547651458
3.011047875199816
4.409952383164831
5.3395226356144825
5.716270637928134
5.520236783357739
4.794509996418278
3.6369351532952714
2.185521721513822
0.6000872843201669
-0.9570678344540974
-2.338893905988174
-3.4275958723046727
-4.143506219096566
-4.448490905066884
-4.344601460268924
-3.869318820085477
-3.0887189750256723
-2.0894900362353077
-0.9705199222541977
0.1653420394033141
1.219174222278664
2.103611453679769
2.749904233947787
3.1136402937354424
3.1784275510538373
2.95706506079682
2.489691768986506
1.8384985667899052
1.0794680603996303
0.29281633519073863
-0.4459729636579909
-1.073486440278202
-1.5436261911978955
-1.8302250621452112
-1.9268289604600342
-1.8444573279308338
-1.608731349526086
-1.2570705236768864
-0.8353654490956244
-0.3931950157882867
0.02218884640876371
0.37163382052820604
0.6282287791628606
0.7793618487298123
0.8267685630767343
0.7846137248786573
0.6757556758555783
0.5269019875605544
0.3638860993688543
0.2081387811834524
0.07473685401462674
-0.02822559128977348
-0.09938845207274899
-0.1430018112206804
-0.1664658532392335
-0.17667615503771822
-0.17652072062446575
-0.16315825128949427
-0.12894602273600989
-0.0648702794472629
0.03463063284368137
0.16708316057489342
0.31900835939693134
0.4653745221333035
0.57200538530213
0.6012758887273456
0.5206394626030975
0.31220800480670424
-0.01920062971064404
-0.44193813481754435
-0.8990698023505008
-1.316225618243731
-1.6145418901959865
-1.7257929979097875
-1.6063021280877792
-1.2466936664294506
-0.6756194689634244
0.04295343590809548
0.8181450365763697
1.5450752548985613
2.1207674712332865
2.460669154538295
2.512636485482393
2.265462567488377
1.7503781472406432
1.035711310545563
0.21613671308699123
-0.6016456193788172
-1.3147775506554429
-1.8392345414005784
-2.1214391888741804
-2.144688024086578
-1.9296174605890009
-1.5288192940502923
-1.0166530674247916
-0.47637833579400857
0.012852569790947609
0.38729202366748317
0.6071964351694404
0.661965981463704
0.5710805220942449
0.38035102006982746
0.15356346189624062
-0.03937932675473684
-0.13549862119155529
-0.09020870524557303
0.11480598976234509
0.46813561199800885
0.9295921591311549
1.435078330327186
1.9045750481827795
2.2522462516130246
2.397555834325167
2.276295039438292
1.850696682371667
1.1179735436579743
0.11601188626441182
-1.0757972319339772
-2.342106679100994
-3.5433267060044176
-4.531698404398846
-5.169302735643587
-5.3457372925613305
-4.993718487996595
-4.101208383793663
-2.7183535324804082
-0.9571646809619226
1.0174253775780893
3.004761115132634
4.79177499225087
6.179109493063808
7.006407317544991
7.173331753696217
6.653303843975446
5.497767179183883
3.8301856817255606
1.8305971917156472
-0.2870235861047453
-2.3013690783858483
-4.010747389771575
-5.256762464552308
-5.941485882705258
-6.035788553179229
-5.577988894290797
-4.663892786609366
-3.430974394973003
-2.039812539469303
-0.6549453009761009
0.5736113490736676
1.5268863864515203
2.1297357119651705
2.3581780115742115
2.240343654840631
1.850847941036082
1.2989981931008538
0.7122028694632381
0.2169079704534408
-0.08039557456204682
-0.1094810513502319
0.15283317625258414
0.679309844538481
1.3961349104250618
2.1928799523579503
2.9378024487415204
3.497109228332186
3.755389603440697
3.6336962384190503
3.1018000040692337
2.1819915791895284
0.944002695556177
-0.5068143599015185
-2.044773373761951
-3.539682158670824
-4.8708917592671135
-5.937709670277332
-6.665178298684768
-7.005410316688701
-6.935499603625629
-6.453423732038861
-5.573580881760242
-4.323474647318245
-2.742628243680869
-0.8843079731006844
1.1803726173049998
3.3579636046270234
5.530626979103187
7.558519478279637
9.287011911039682
10.558085052475665
11.22490761357876
11.16844323550961
10.314496698656923
8.64884712302038
6.227599076722827
3.1803634122842377
-0.29482320350259117
-3.944738085293448
-7.481392262648222
-10.60767583674109
-13.045524975593546
-14.563975611590891
-15.004751803111892
-14.302618101934588
-12.49710380329644
-9.732545723503433
-6.245063895784937
-2.3376374308155414
1.653133165293823
5.393707100333681
8.588707339108131
11.009925182504839
12.515806819237422
13.059573151405276
12.685657328224972
11.5154695568784
9.72486168550962
7.5170798367594545
5.095849820710576
2.642942180050306
0.30330321078151706
-1.82098730366858
-3.668756941888484
-5.212116655508004
-6.445882620135865
-7.376534565973185
-8.012865128313315
-8.359862591425998
-8.416392716013535
-8.176150676953855
-7.6307463159927655
-6.774007885533697
-5.606997043773128
-4.143250709044324
-2.4136719286400488
-0.47039974846027527
1.6111555067084498
3.7327500638586537
5.776365381641794
7.609864473810232
9.095443938056693
10.100990827758622
10.513830398599023
10.255665389150087
9.296742157663797
7.6662858955572775
5.456119893207841
2.8160166531768573
-0.05854970992965995
-2.944519675246659
-5.613143645472445
-7.853055095622642
-9.4914990626543
-10.410843807043976
-10.558194458024591
-9.947189516779135
-8.652765600186932
-6.800813500709055
-4.554545964599373
-2.098903210676958
0.37568356690503324
2.688608437131365
4.681965606817932
6.2301390056902
7.246360815661903
7.686942184436683
7.553244279255003
6.890738384231822
5.784560694501546
4.3515645519993775
2.7293494226977115
1.0629801733002724
-0.5093523632466864
-1.8697441048984802
-2.931103905515814
-3.6435448507513
-3.9959049814761793
-4.012186693456002
-3.7437539358565046
-3.259108014735287
-2.6332933387337816
-1.9386134762371185
-1.2377887827753422
-0.5801378807905859
-0.0007634909677743254
0.4779419710583962
0.843678816705213
1.0918317126430326
1.224161462685775
1.2486726281371656
1.1799566406271083
1.0389955141831977
0.8518077305952686
0.647133500623629
0.45365562426160655
0.2967592583636361
0.19469043466685354
0.15490078014549458
0.17224252728132985
0.23018839778692857
0.3048073248762611
0.3701730398574561
0.4036628193957166
0.3898626351963785
0.32243263952999884
0.20405222945517498
0.04483333487539228
-0.14044472234284494
-0.33564127669031124
-0.5261790826140862
-0.7007935491540646
-0.8516438234919466
-0.9729110881233968
-1.0587379312392002
-1.1015657568655814
-1.0916171204123044
-1.0178754800396408
-0.8703982148837995
-0.6433706614365876
-0.3382218268853704
0.03396312261657889
0.45153017563601294
0.8832562652843121
1.291237688724086
1.635449006803563
1.8794096464406194
1.995780258418663
1.9703636502480044
1.8034370338653927
1.5083741266047745
1.108309245149892
0.6318219143598306
0.1086133064730471
-0.43389219916832883
-0.972224734927847
-1.4864278075831936
-1.9578305468697532
-2.3661115268369
-2.687022634665538
-2.891781581244234
-2.948437395995763
-2.8251408496070884
-2.495285480665805
-1.9442249863884902
-1.1764765648446034
-0.22146635393905628
0.8643068490198555
1.9998421747498067
3.0867540461001095
4.0200327428706775
4.700848607832848
5.048874693889334
5.011819803907353
4.571324870359593
3.7453876123891043
2.5874069388880314
1.1817470480889758
-0.363759826377244
-1.9272527705314424
-3.3832775315679857
-4.613806039964067
-5.519001758430658
-6.026024671545486
-6.094382420150818
-5.71762371452995
-4.922247361747904
-3.7647528668786894
-2.3272619167154924
-0.7119826050349412
0.9651189838679807
2.581326099941455
4.015107454941486
5.155064099409997
5.90933146931154
6.21441367879993
6.042386275553169
5.40539385767767
4.356240288450392
2.984209002254969
1.4064474140684233
-0.2434088124692755
-1.8273914968857288
-3.2149703247568104
-4.293979715301964
-4.980150500535798
-5.224497099232019
-5.018066079542766
-4.3937287320999605
-3.4242857772493527
-2.215780385918241
-0.8956973625377864
0.4024341002543398
1.5550586482646234
2.462288334835288
3.057540008724571
3.312533671177254
3.237402014358257
2.8758759848674202
2.2964094908971178
1.5810997419059263
0.814463242001718
0.07362347023469229
-0.5791461677310804
-1.1008893921166214
-1.4690317213467863
-1.6792548438793726
-1.741156806346117
-1.6730044119661844
-1.4968866760698856
-1.2353972347888835
-0.9103161680712875
-0.5427486659371937
-0.15358551179829946
0.2365394115465135
0.6078902226835379
0.942579544467446
1.2255151235442383
1.4449965345220002
1.5926128149134442
1.6622996018002782
1.648819838599546
1.5464248230970903
1.3486930738564142
1.050131100699623
0.6492719540613868
0.1524767514541206
-0.4223868292739932
-1.0433434849957326
-1.6640544147548473
-2.2269299627584385
-2.6696025844282185
-2.9336519687142877
-2.973978313785959
-2.767266189566438
-2.317998395210525
-1.6603493307217843
-0.8547895893649609
0.020224831685060268
0.8795103248146282
1.6429835229410479
2.2463546944021937
2.649518330309598
2.8412570272405473
2.838671420936125
2.680591749438791
2.4161908007749378
2.0919781246065132
1.7408702006983976
1.37597967034696
0.9902889748131868
0.5621460032557843
0.06552062041599162
-0.516972035136764
-1.1813864124998472
-1.893933389783332
-2.5896947777984165
-3.1795756091057945
-3.5644385759457546
-3.653834123581044
-3.385763340926291
-2.7434965777515092
-1.7657355224358633
-0.5475714670894366
0.7685614705526926
2.010995251989336
3.003421707350342
3.5921713337769
3.6719773308954746
3.2061501009553286
2.237600278548661
0.8883507245171651
-0.6531988654922586
-2.156323194143962
-3.380624270865068
-4.112850911510713
-4.202246375375919
-3.58843082038768
-2.3164852738426243
-0.5355197154040989
1.5204344867189528
3.5669211976299526
5.31320185212868
6.508180862349099
6.979959291981327
6.6619601074879276
5.600807461497825
3.944649493720225
1.914701009749289
-0.2341360776825323
-2.256350923639316
-3.9551101015150723
-5.210637988869523
-5.9919679897402185
-6.349342290751451
-6.38901723402157
-6.236807844491318
-5.9996171679750425
-5.734392589912529
-5.431467940899637
-5.01548073532967
-4.363527256577392
-3.336926107545971
-1.8198650636452287
0.24329963998491796
2.8195715266703782
5.77314608615176
8.868524408125857
11.791106533090693
14.182862892398465
15.688521998676311
16.006081059136456
14.934666133496416
12.412819942455373
8.540930006981565
3.58316651172845
-2.0526510472072643
-7.855312541413806
-13.265762407779455
-17.740907876252614
-20.817246703713842
-22.165837418450156
-21.63156965614006
-19.251958443473395
-15.253293729013157
-10.024743901759232
-4.073732923405872
2.03181665931517
7.727235488955694
12.512845915174026
16.005832283119354
17.97608070594191
18.362435450129258
17.268321408811286
14.938069789723988
11.71771734817159
8.006104651436456
4.203269011368847
0.6630613945469631
-2.344170057862184
-4.654461334933536
-6.216137468465809
-7.078592863267348
-7.366582648475267
-7.24554624668839
-6.885449192709694
-6.430243806150642
-5.977578865874287
-5.570490742356443
-5.200491875053405
-4.819846224003048
-4.359670583874778
-3.7499167916660574
-2.9377828473455785
-1.9021533413513296
-0.6620084448952027
0.72315923133577
2.16146361983376
3.543355407815564
4.7592071658289035
5.715633074714999
6.347269692295431
6.622388797823331
6.542611608170407
6.138269439778025
5.461170535884178
4.576160595623271
3.552498931484269
2.4559771751692945
1.3428989625391816
0.25693645871895543
-0.7710858558351974
-1.7215396701470211
-2.583630033218029
-3.352773938477573
-4.027722288847279
-4.60747395998434
-5.088168823180248
-5.460270401862022
-5.706439461186582
-5.800507820390021
-5.708169557979394
-5.390215548088162
-4.808498406992595
-3.933636586575722
-2.753021355902324
-1.2780090257171277
0.45050586291789707
2.3587374534366004
4.339507247609515
6.2556775904622235
7.94870712000514
9.252563671843129
10.011864113684
10.102169413906562
9.44974781053373
8.047613462307215
5.96459202509648
3.3449089163784618
0.39729359749188614
-2.6255617941814635
-5.454740627293534
-7.836422077703693
-9.56223500294735
-10.493609013573824
-10.57581119172426
-9.83961796799541
-8.391620766344777
-6.396577391671596
-4.055925607865562
-1.5856820207266735
0.8043487801893855
2.9286565147464865
4.639913059659848
5.83762130086361
6.471638422250788
6.541619888739635
6.093658223717356
5.214981328131927
4.026670406228689
2.6736840991032187
1.3118065568130959
0.09210132147688349
-0.8558762560894674
-1.4405221861655293
-1.6220167159118626
-1.4204612868203135
-0.9154834335083829
-0.23601851785488326
0.4590830625458741
1.0069920016935645
1.2689082885898517
1.1547692732545813
0.6397011053571798
-0.23122851933370756
-1.3509405398026222
-2.5690912053492427
-3.7175794002655405
-4.637771218359165
-5.204269532754856
-5.340643179406175
-5.024511796771984
-4.282621207761412
-3.179199559443111
-1.801658234519073
-0.2471348689678626
1.3876152068414644
3.0116332413095783
4.540611579551094
5.894803143638895
6.996205263251726
7.767093061558089
8.131761218348917
8.022412575794776
7.388371503230036
6.206795250783549
4.493201875470792
2.31017958163592
-0.22784986320196468
-2.9563763303052335
-5.670972698781381
-8.145562899941647
-10.155975045376627
-11.504917297457627
-12.044786329951135
-11.695549039359058
-10.45573950419494
-8.404904336112551
-5.696280122149934
-2.54022791658498
0.8186760987301032
4.126759297908541
7.144759089478255
9.666890828285313
11.533883602880284
12.639701618088454
12.932556557840623
12.411440679670033
11.120304072073385
9.142314598618723
6.595356126196246
3.6280282954101835
0.41462120999125096
-2.8518467012440456
-5.968515730269413
-8.733329254156692
-10.957552967134797
-12.479982887393817
-13.18176012002101
-12.999847214351583
-11.936732676877204
-10.064174117596737
-7.519855192083092
-4.497158949450851
-1.2292091885925704
2.0313364106135303
5.035065287359978
7.558815576542712
9.426063921576477
10.52253465935739
10.805973000839161
10.30922252057867
9.135579569165818
7.446168625855021
5.440544395498717
3.3327863299584153
1.3259516044404132
-0.41167114615101946
-1.7649740444211814
-2.682571749662427
-3.178471753376022
-3.3249989236851683
-3.237878038216202
-3.055459825759943
-2.9152803441702786
-2.93159535261711
-3.1770134828723657
-3.670402869296592
-4.372316895675956
-5.188395577401218
-5.980404585082294
-6.58367862992442
-6.8289621645640235
-6.566037526164632
-5.686095861972437
-4.140083273308399
-1.9512795149172637
0.7789576994972899
3.8734245908277942
7.090233185827608
10.142771924834513
12.7269131163045
14.552831468936526
15.378173081174365
15.039043314768412
13.475113528657007
10.744876126677255
7.027391796840825
2.6087355745914147
-2.14578632920315
-6.830047028325361
-11.040787405273994
-14.42046769613398
-16.69364583954095
-17.692532174667576
-17.36911591507508
-15.793473342909458
-13.13984004036338
-9.6631426277529
-5.6694200311652985
-1.484149482812164
2.577627295273934
6.2363716904600945
9.266511144187156
11.507896784050716
12.871115478881991
13.337742702377295
12.955784982265904
11.830014549787226
10.107529663584137
7.9601848654246865
5.566572664188544
3.096162683190848
0.6970382580737228
-1.5122811599410122
-3.4464967915458358
-5.052409184767547
-6.303700837283038
-7.193202896924591
-7.724531374385173
-7.905164900022009
-7.743203358641635
-7.249174892779907
-6.4419347703380945
-5.355526916449922
-4.043604759993438
-2.5794095550101606
-1.0511154169219217
0.4463066114358004
1.8210928335795278
2.9950935045917304
3.9129575965633996
4.547853046320079
4.901612070176592
4.998892141594198
4.8771932736444965
4.575819883557713
4.126775451429231
3.549789732123716
2.8529023474348683
2.0392356022331395
1.1189873113716853
0.1231906097504903
-0.8861508888680423
-1.81496781884107
-2.548295076791304
-2.9729135937988347
-3.006150135493456
-2.6226948993442045
-1.8714940788701107
-0.8773693864644774
0.1743706115159682
1.0682132980551096
1.5980481236603086
1.6083747425419863
1.028922519764821
-0.104509811584414
-1.6478061221611935
-3.3662345947489527
-4.969712570612405
-6.159924369981962
-6.681154413746069
-6.365541599555325
-5.16411856427995
-3.1579463073970935
-0.5480179942897897
2.3734184347902247
5.264570930556232
7.78149624547521
9.623636785747392
10.571282334875061
10.510638224112617
9.44428164293216
7.487050017911421
4.849375528221483
1.8111685702283487
-1.310547521026549
-4.19726293722772
-6.564702784788377
-8.19501027452171
-8.961410746109255
-8.841494658210925
-7.916338685178959
-6.354859506779903
-4.385681229524703
-2.261822156806938
-0.2254828924767423
1.5203228255781733
2.8296836961401266
3.6214813568757145
3.879291130846235
3.645769181653064
3.0127014994047334
2.1075580120163258
1.0778379720694053
0.0746470340887629
-0.763320536922085
-1.3241372195772392
-1.5337916425343696
-1.3630488743609324
-0.829901077549359
0.002215961440931097
1.0306697723557596
2.124630696402147
3.14027558309705
3.9383192709400965
4.401049852499917
4.446170515907453
4.0358446689345095
3.1804904733641437
1.937360641604364
0.4041407379991644
-1.2915513138464205
-3.0050152320937187
-4.5878465618618325
-5.900958965717218
-6.827053653442822
-7.281675048656211
-7.220925405418155
-6.644140812749765
-5.591280672137366
-4.136193205791699
-2.3776476878448163
-0.4300529224494742
1.5846563007100058
3.5431306913675598
5.324717420924121
6.814441656384572
7.9063989314537215
8.509365000772735
8.555533597950514
8.011082710257536
6.885609406648163
5.2378645407000715
3.1765210148569194
0.8552308674764169
-1.5387727063799888
-3.8024137642830267
-5.738839647337247
-7.180239626900623
-8.007613210984966
-8.164540653189224
-7.663393740304025
-6.583693119041971
-5.062826914138154
-3.2794307389389035
-1.430484173736448
0.29500696552634637
1.741043444350204
2.803504158461685
3.439845198838723
3.669086397037423
3.5631793943402483
3.2314926334496414
2.8004664825322965
2.391111703222846
2.0977863009153226
1.97183521199029
2.0129743015089794
2.170171268427959
2.352441940097867
2.4481560332591563
2.3491363364352758
1.9741614173185427
1.2867449855100266
0.30400099917937234
-0.9043524856386714
-2.2259620045572572
-3.522397864106054
-4.648872092684288
-5.473561496098766
-5.893919803174074
-5.848563077430871
-5.323866535224451
-4.354595296803291
-3.0187213494855785
-1.427914281126532
0.28439029219175294
1.976081354808129
3.509415187786137
4.762236441457321
5.636287500873141
6.063225716763473
6.009513485248065
5.48041671309371
4.52232591935745
3.2221255962516513
1.702286832229398
0.11073472976497847
-1.394525623639439
-2.664526761242702
-3.57917967311783
-4.064134432158075
-4.101318458251568
-3.7309201780198857
-3.0441768778562746
-2.1680806500040934
-1.244639051944126
-0.4083085630254872
0.23454234208319696
0.6208607789900525
0.7386497351710624
0.626019760592143
0.36116848486682046
0.044591144864207205
-0.22254198904548111
-0.3585206354862547
-0.31578730995197607
-0.08852053529470505
0.2875728831599379
0.7434993817843564
1.192066823777957
1.546707971440807
1.7396943243558696
1.735456629623954
1.5364414432356968
1.1813793075787578
0.7371779524448858
0.2858976383368334
-0.09122016906790455
-0.3299307725610905
-0.3963636561637056
-0.2948794034337832
-0.06853612515024578
0.20828219513552831
0.4439600106598968
0.5479639543298892
0.4498747690681279
0.11545911949896968
-0.4432525532888156
-1.1659891342538358
-1.9514690378279043
-2.673539794465078
-3.203896050223835
-3.436864040341079
-3.310565205038521
-2.8194496698330456
-2.0154033033881036
-0.997442066821111
0.10729436829616085
1.1666789162104712
2.0660033660149515
2.7258019898284584
3.1124550713873007
3.239935763016712
3.1622584375713103
2.9578677012828205
2.709214005326823
2.4823889297473225
2.311917826088415
2.1942830234222317
2.0911232438136467
1.9403335768203573
1.671530446267052
1.2221192471474216
0.5509708963799759
-0.3522711424091942
-1.4629662678544337
-2.721744964933663
-4.03823866585932
-5.29776464173101
-6.370927950397281
-7.12590651500983
-7.442604302578999
-7.2273157082516795
-6.426362071824101
-5.037303222940505
-3.1162485592600886
-0.7794734717324097
1.8021215714298926
4.415930835215731
6.826882815512102
8.80115915881743
10.132123025557746
10.665998926847843
10.32460730117032
9.121796219459123
7.169596361837132
4.670557977707757
1.8948559557616613
-0.8554801850158084
-3.288924062126934
-5.1654612174677785
-6.329541639385174
-6.730459509932116
-6.4273148771770146
-5.577325697263173
-4.4086770890761136
-3.182144941068867
-2.14818518541431
-1.5068098936822916
-1.3763318193555707
-1.7749003941254182
-2.616612422703454
-3.722277319386018
-4.8434581721870265
-5.696900534677985
-6.005133113067654
-5.538216109424028
-4.151399196630033
-1.8140096469681934
1.373954456039496
5.180116050191286
9.254818363073612
13.16340039763729
16.433103567607386
18.60903305923255
19.312027359511962
18.29140112540394
15.466340810877568
10.950577283506977
5.055954124682036
-1.7279803158913127
-8.778565791485523
-15.405023497167397
-20.92634168507124
-24.75268877318456
-26.460190046867286
-25.848204239207337
-22.96910197409888
-18.124469692555074
-11.827596657426804
-4.737815780472231
2.423580866422923
8.963657776833642
14.301278757783127
18.03165513686208
19.9631454912125
20.121930139356767
18.725471874305555
16.131328688893326
12.77219200558266
9.08919305653985
5.473731456799203
2.225027002112491
-0.47249268869424776
-2.5511507483682117
-4.04422887197964
-5.058223532078689
-5.739737978530811
-6.242713395266082
-6.700102559916886
-7.2022706496784545
-7.783087289013606
-8.414324648454713
-9.009032996601034
-9.434118794685013
-9.53105962145797
-9.142120077928068
-8.13854316477553
-6.447107224873868
-4.071489404575707
-1.1048604030703284
2.269490114337028
5.791472304986607
9.151096319173766
12.025382387582551
14.1189845049578
15.201697731334628
15.13761615699037
13.90274219249172
11.589500062730332
8.397993772188324
4.614738510722912
0.5805993061645937
-3.3481306419157324
-6.839398993352613
-9.61954078023731
-11.497214300482165
-12.374824585321587
-12.248265474495271
-11.198556492784395
-9.37917743757777
-7.000533622842184
-4.310770374993885
-1.5725202571872674
0.9626700324920408
3.0789565940060593
4.616601459552212
5.485909839563072
5.673754842573276
5.242561928099599
4.321627984434013
3.0907372460021505
1.7571275856187578
0.5284535142718355
-0.41462959850118947
-0.9425162879798925
-0.9939722488209782
-0.5841425983387504
0.1982515903075071
1.2047636822845185
2.2506411802231834
3.1442700428102883
3.7175122256858764
3.85128493165338
3.491568178184015
2.6534658397600337
1.414272122673759
-0.10090251709611014
-1.7367408372633908
-3.325653281121314
-4.7049055818807215
-5.732445496195867
-6.3005824516752815
-6.346450004901702
-5.858268025925072
-4.876636563642502
-3.490638730695962
-1.8291625952476875
-0.048139857713816986
1.6853039360290054
3.2101627796784853
4.3882849317571875
5.118715731500365
5.348372354527312
5.078094526995753
4.363025642167598
3.3063277868255714
2.0463177029619186
0.7388630131154016
-0.46212889185618317
-1.4234087411970595
-2.04807894205481
-2.286743792821705
-2.143138506413715
-1.67345820597386
-0.9788755979323497
-0.19156699878714453
0.544270477818725
1.0938143629567534
1.3521214725425033
1.2606149118991354
0.8173269349356819
0.07946148696050154
-0.8427029095702023
-1.8007856055457274
-2.6308549607957965
-3.1802882755787953
-3.334129944179744
-3.035948286366817
-2.299302619174647
-1.2076464540910503
0.09741123134386015
1.4374436981860341
2.62471703733259
3.4915498764088215
3.9163451776955975
3.841441592384357
3.280141642175405
2.3128420700300785
1.0737361314537093
-0.2694779841333831
-1.5395074010775291
-2.573207932919222
-3.2419217679634764
-3.4661962506152983
-3.2237221635110918
-2.5503563716109623
-1.5346615131086492
-0.3064165137895048
0.9799763991498737
2.165119740865919
3.1045250873592303
3.6861539121104907
3.84338421157922
3.561907627807978
2.880017128088597
1.8825384439386887
0.689244649604514
-0.5608882903319213
-1.7278198802750784
-2.688848393570391
-3.3546964673374866
-3.6803959322309123
-3.668590828534603
-3.3644995566348936
-2.8438067465374437
-2.1961480549199734
-1.5074597681547173
-0.8447450405581094
-0.24664114981127938
0.2780685576344798
0.744103803823692
1.1777826906665982
1.6030242568176478
2.028904896741066
2.441939387950161
2.805181771742567
3.0646546748674854
3.1617816414415216
3.0487653924118376
2.702840821503236
2.1355792952382893
1.3946946975093433
0.5575313856274033
-0.28255058013324275
-1.033670901583805
-1.622514548555109
-2.0070726129250254
-2.1824891932500194
-2.1792470018717194
-2.054600651135401
-1.8793851694759738
-1.722959369331199
-1.6391441489538556
-1.655655834536878
-1.768675062798193
-1.942974341603827
-2.117075188379109
-2.2126603434524097
-2.147449126519266
-1.8501397713578367
-1.2749111956962906
-0.4125364644012252
0.7038716796280896
1.9989793240434892
3.3608078202612788
4.65102064173825
5.719145921952128
6.419921201279483
6.632246050389236
6.277250513762442
5.33274078162154
3.8415315184807715
1.9115895256451862
-0.2928469002828079
-2.5681737743124464
-4.694050131137766
-6.458757374861579
-7.683836930462049
-8.244661626385495
-8.084415410713722
-7.219959118324365
-5.739035316371962
-3.7894554922956516
-1.562095424408928
0.7299190310149949
2.8734809308073106
4.6768253118291
5.987351469326191
6.703932623724571
6.783203188499875
6.240714083295711
5.1480798595447155
3.6265749965713394
1.8369710083822302
-0.03469263226485669
-1.7950238505754104
-3.2634035793168596
-4.29204480793633
-4.783282517493901
-4.701306628793741
-4.0762893065362125
-3.000310648291708
-1.6157744712211985
-0.09780158072717329
1.3673364677465611
2.6051884570782344
3.4745591307646615
3.8843392963302144
3.803120573524748
3.2602618117520956
2.338845140725642
1.1623797848757236
-0.12232128262323504
-1.3636484980334935
-2.422816489429462
-3.1887504731621052
-3.589109760734969
-3.596988264634493
-3.2328797840615944
-2.561112690209618
-1.6803197700117194
-0.7089533867736736
0.23178857039612902
1.034746752998176
1.620519245062055
1.946107894952027
2.007885008767028
1.8393819418516786
1.5045503174016204
1.0870281298686155
0.6765117105281098
0.35427167029903756
0.18013245537885253
0.182802936045512
0.355037295907098
0.6547322795602288
1.0120958094422061
1.341592884096105
1.5563976747177732
1.5828987797087508
1.3730736994866803
0.9131783612753891
0.22799851835035176
-0.6198946418020143
-1.5367084543284135
-2.409879879821373
-3.1245058052634116
-3.580498920893837
-3.707475646590816
-3.4752806089358224
-2.8988670583047718
-2.037150312958629
-0.986180823559567
0.1327240540652799
1.1887541632681353
2.0591979555338393
2.6462769981493275
2.890990434315562
2.7821120181961416
2.3586655558319047
1.7048318633307853
0.9374769573036638
0.18790678540924086
-0.419327195502191
-0.7870211777954699
-0.8616408326270755
-0.6420910675055492
-0.17882422995835817
0.43661155610280517
1.0891212925946057
1.6609106482812008
2.0515290410719085
2.1934478315300625
2.0607306573619515
1.6697411361212688
1.0719524708831858
0.3404176432201463
-0.44671386042917854
-1.2213824342022694
-1.9359659872295094
-2.566908656435418
-3.111462909150437
-3.5786956554631906
-3.9770605438581863
-4.301787308400691
-4.525480129607357
-4.59465791068689
-4.433874318449393
-3.9574804503790326
-3.087390704042415
-1.7739204652451024
-0.0158782764100951
2.124150429368213
4.512838617546629
6.950147762829878
9.185697608771468
10.946416311588667
11.97184508690204
12.051895080193141
11.061190585448841
8.984276906758875
5.9272329533478025
2.1135304102581154
-2.1353147408233655
-6.431704895063577
-10.363026864272506
-13.537613979288574
-15.630310076941516
-16.421602770394127
-15.82442651335442
-13.893967223344346
-10.818848863663701
-6.896167649886798
-2.4953713488781966
1.9836498938499671
6.15287456093197
9.673427060846121
12.283593433454492
13.815781719299292
14.202890742764886
13.475731708440577
11.753365459881499
9.228087976192773
6.1467003509094225
2.7894877172698918
-0.5521465561762257
-3.598854693040038
-6.106530793437501
-7.887736957843773
-8.8287999211097
-8.900161913002977
-8.1583678914633
-6.7389579055918105
-4.840553985842977
-2.7017949180400542
-0.5741155285806466
1.3061348671848667
2.7432284691882636
3.602843828450572
3.825907750062394
3.43354175141155
2.5219489871459144
1.2477366132396677
-0.19376080829333797
-1.59351487048212
-2.75391686678213
-3.511392687448512
-3.7543976027536217
-3.4352327505657274
-2.5747095317523927
-1.2591322233321582
0.37015141952375563
2.133132767920139
3.8311532422895893
5.2685879741815755
6.274871455656322
6.725030589824622
6.555643574240331
5.773016151341127
4.452010141924445
2.7260358005894703
0.7699682235494647
-1.221703744831468
-3.0588262551819576
-4.578695546160139
-5.66518195820942
-6.260643687917622
-6.36817928691206
-6.04369582407273
-5.379773190565618
-4.485367801442498
-3.4660539190537065
-2.408629630705616
-1.372502629170104
-0.38883159725687316
0.5334855386343402
1.397737675899446
2.20853946345379
2.962715753959204
3.6435152926664167
4.219074793329978
4.645402904939347
4.873377109508138
4.858501777706017
4.571543925402495
4.007626710453335
3.1912771192035545
2.175831024687949
1.0372024139149312
-0.13659056438234535
-1.2579157650835133
-2.2513980591390554
-3.0626330184529715
-3.661873421843233
-4.042108305619246
-4.212822014374596
-4.192202310738839
-4.0004469460198715
-3.6555253525491125
-3.1717571027099805
-2.56116497661415
-1.836989375059834
-1.017911815871422
-0.13122219392543485
0.7861108644232813
1.688328238805131
2.5230342986254497
3.2342143489558843
3.766135812763331
4.068223397495631
4.100720626602245
3.8404665652373313
3.2859129157823315
2.4609041938955984
1.4170633293491652
0.234197253579991
-0.9825246442836516
-2.10991053968766
-3.019083190695119
-3.5918889359625954
-3.7390562800792364
-3.4169431668593617
-2.639595328038073
-1.48343115907396
-0.08300230963341607
1.3823625375755582
2.7097884048144354
3.699451412914808
4.183270257633348
4.051838368701311
3.275076125483694
1.9122527044698452
0.1088657276106033
-1.9194087342437731
-3.913273270579142
-5.6033018222655695
-6.746235280291646
-7.159258934721374
-6.746946877489467
-5.516417040872094
-3.578385575242227
-1.1339954648925998
1.5507452231509304
4.179085152368983
6.4610899299392806
8.149402928787692
9.068434889760711
9.133070307973437
8.354550225973055
6.833357518556923
4.741244713868983
2.2962644261253957
-0.264845367951397
-2.712961300382652
-4.848335748792173
-6.515801146217513
-7.612960111914734
-8.092109221352164
-7.957074566244083
-7.256212029976854
-6.073298694112004
-4.518493060309524
-2.7205952820063417
-0.8198757906108822
1.0401570045108253
2.7228359697933864
4.109537725259515
5.110195507919222
5.671257498399037
5.779993700456714
5.464731778957628
4.790914987945242
3.853176924006852
2.7639607570126303
1.6395966541358795
0.5853505131050042
-0.318402103195836
-1.0262741629878176
-1.531599571668258
-1.8622012951240503
-2.068939510756819
-2.2101477311192466
-2.3359860037529603
-2.4762630042134623
-2.634107244142076
-2.786260101218223
-2.88911993107565
-2.888568811178083
-2.731154598326812
-2.374413103416388
-1.7950488692468856
-0.9946151844578868
-0.002498212867217443
1.1240457647725262
2.3025928972264222
3.430409142242427
4.391422342614787
5.066105814249732
5.344918492440263
5.144735833554176
4.426258285654207
3.2090960682955822
1.580401653563707
-0.30669814777927756
-2.2467473947005514
-4.0068299561689775
-5.359026383241391
-6.114759851067405
-6.154803425911171
-5.449878380025172
-4.068739445058898
-2.1724324761558336
0.005006674082732836
2.1870791045877573
4.091793242722094
5.468878867680332
6.1315617728240985
5.978956948324731
5.007348568161356
3.310843933465122
1.0728224837237417
-1.4510892405363893
-3.958148090329452
-6.130394959697496
-7.670880581435161
-8.34084787401074
-7.993295319161107
-6.597753262624252
-4.251994589833585
-1.1781764617822135
2.297162391737279
5.777910358719329
8.844726948785393
11.10771322272995
12.258600525948962
12.114805696623765
10.647989986007778
7.991726045627371
4.426297466639551
0.3424304025142004
-3.810651390776955
-7.584559213236357
-10.58924124121685
-12.540574099507904
-13.291688404050136
-12.8434741777804
-11.33264600436843
-9.000211195167571
-6.14751516612808
-3.088890872766507
-0.10886511912694681
2.5704989233112805
4.808689312520958
6.55050143390492
7.814608174917405
8.669748853516671
9.20385480159932
9.49250695898913
9.572913359628847
9.428775338367144
8.989743696949827
8.146363939899832
6.778094442262076
4.789150825009747
2.145137694589774
-1.0971516092417788
-4.773474348114159
-8.613829888730287
-12.26362904074212
-15.32261987761432
-17.396177274448092
-18.150865728725183
-17.3659703669724
-14.974017066600473
-11.084384354194095
-5.985207374727644
-0.12122517567694746
5.950972037354976
11.624890273811621
16.314942563879217
19.526648955968938
20.91731388815895
20.339591937062497
17.86209302595538
13.76389424223275
8.503266462373437
2.66405057063575
-3.1142960826625017
-8.214623911660505
-12.117901098536379
-14.46647533567573
-15.105751305932188
-14.098162416753562
-11.707215950939235
-8.353803692400518
-4.551343511026568
-0.8298232233376439
2.339294249868278
4.605468474918434
5.779268499282713
5.84516111602062
4.9470227807260425
3.3513424341004305
1.39640974196036
-0.5628991494682731
-2.205828936459871
-3.2852758304445455
-3.6525414097031756
-3.2667228936461954
-2.190257394670734
-0.5732989522582994
1.3698217279509077
3.3889325962774453
5.228414130239384
6.656559966675717
7.490275989834526
7.612343857360208
6.980539060118302
5.629499439367014
3.666558022834015
1.2622147143305977
-1.3647238112287154
-3.9673175191256034
-6.294908414594932
-8.119231166853982
-9.258970467540118
-9.599805936860324
-9.107705155012807
-7.834028971111478
-5.911584793151613
-3.541169127626422
-0.9691476571332426
1.541719047125439
3.74456261627488
5.439321201993758
6.497552425395008
6.877029652742928
6.623421641666626
5.858295563021252
4.754993738524069
3.50626396329495
2.2894390692823485
1.2361120546645104
0.412991032528832
-0.1817267862935756
-0.6061749330970329
-0.9506052653386698
-1.30738767074255
-1.7421839546301243
-2.2727095388584835
-2.8597731946131106
-3.4126805301585437
-3.808234239876119
-3.919658453616315
-3.649113596591915
-2.9561610366064626
-1.8753488631285309
-0.5185077200920831
0.9394581551855953
2.2890053669610895
3.3232716445135115
3.877081939114738
3.8598370113291622
3.2751575624137033
2.2226045041860263
0.8807896400378751
-0.524652134890267
-1.7616697982590377
-2.632787106242037
-3.0083101918044273
-2.845602514857356
-2.191855730679998
-1.1714204740534575
0.03878389752051508
1.2409344895393883
2.249395914318615
2.9193441241947484
3.16611782571752
2.9730149322582387
2.3878026135667803
1.5098375184268449
0.471073603484482
-0.5847390686842349
-1.521070261531448
-2.224251683052958
-2.615295363220646
-2.65726274193151
-2.35758737364719
-1.7656963705411293
-0.9671615331406912
-0.0754127292151976
0.7790334364373339
1.4627037605906097
1.8570297029911902
1.878370840182086
1.4964026022141514
0.7460369441828517
-0.27112023285626774
-1.3973580388684252
-2.440168127919962
-3.200906608893984
-3.506708853995223
-3.2413009711359844
-2.369927229508775
-0.9534966118718835
0.8518566468196966
2.8111841591004336
4.641622755536189
6.053845259111967
6.798118677401311
6.707410759124724
5.729562287812023
3.9420591900214657
1.545954926612938
-1.1608478504535682
-3.82693762831935
-6.100061447958771
-7.679977142503129
-8.362450706955835
-8.067407202771511
-6.84741634402226
-4.87588086348888
-2.417459240744988
0.21344662155259542
2.6982353473111775
4.756217364206717
6.177820017357391
6.845308926859314
6.739251371802096
5.931328267738058
4.566411922234603
2.8379630593510106
0.9608982896128716
-0.8543495288673061
-2.423901917759209
-3.6072273306463356
-4.317807526842799
-4.526859273884379
-4.259971910876091
-3.5880996429718115
-2.615467509244242
-1.466491665445664
-0.27257331675814084
0.8409830619458974
1.7673747098717916
2.4286843408784673
2.782372819015999
2.8226942669054895
2.577399219846998
2.1010625952679347
1.4663364275710349
0.7540674355835322
0.04313042475060809
-0.5987527110278869
-1.1214704036793604
-1.4949026013725146
-1.7071712542002437
-1.7601352477702161
-1.6644042700109314
-1.436003261415357
-1.0954403062114018
-0.6682683558172068
-0.18579707390130093
0.31458115364169154
0.789553080901496
1.1912221276177493
1.4706864778766473
1.5842038272647545
1.500966838467928
1.2105267221951272
0.7281233072730231
0.09737529673760065
-0.6099034474408095
-1.2981667034628506
-1.858650707138861
-2.1857753671216944
-2.196635988040724
-1.8493610149277184
-1.1561258549407187
-0.1877537593111925
0.9314672915626186
2.038712081932362
2.956088948370349
3.5197959607751392
3.6101588403364984
3.1766366039201537
2.2521970027451323
0.9530755203862763
-0.537248574798742
-1.9973506261701162
-3.204767708277011
-3.973583000890881
-4.186161702084811
-3.81361237651982
-2.921260965978051
-1.6579878384240967
-0.23120575186100792
1.1281887726548199
2.204845139481484
2.8352519519723143
2.9349548498890696
2.5118681019114115
1.663399175224967
0.558066229055924
-0.5949498693263997
-1.5826222282415296
-2.224351669945718
-2.401215356423284
-2.073727808638716
-1.286284511201347
-0.15852562367262932
1.1346955299064743
2.391512839804542
3.4147355806619877
4.041718286381296
4.167542058366292
3.7581770331499884
2.852504064974589
1.5539533914221086
0.013907612274509238
-1.5898678708203955
-3.076276057610574
-4.282611695463541
-5.08274946377977
-5.399942433509817
-5.212929693585521
-4.554850810772118
-3.505629501679029
-2.17984039738199
-0.712568068863574
0.7550002430564088
2.0894381150049504
3.17770982911372
3.9375224067809005
4.324216085636704
4.333241858885631
3.9978950816998755
3.382907499069319
2.5752377481197892
1.6735199610166798
0.7772074967882041
-0.024104527544028444
-0.6607194269113956
-1.0911230447480822
-1.3068671652280777
-1.3326833309842832
-1.2213949708027254
-1.0442590362757775
-0.8779773134144407
-0.7900102491389595
-0.8247356571725504
-0.9937245802278306
-1.2726981085081124
-1.6060283197100824
-1.9179677395770354
-2.1282866656095085
-2.1689204455441815
-1.9980983682653957
-1.6091981502453672
-1.0327418278045835
-0.33118916265291765
0.4123798064328931
1.109144886855753
1.679887372952582
2.0682597773039717
2.25009850337359
2.2370695457415346
2.0733819159803946
1.8258714231395157
1.5698538072236938
1.3739942244260905
1.2868025127753326
1.3268327610750121
1.478326801889238
1.6927751578045271
1.8955248733046102
1.996418666682196
1.9035914823495768
1.5389749999498645
0.8534222580733225
-0.1607854372691097
-1.4622447157778096
-2.9593923522083454
-4.5168851060612445
-5.968790570896699
-7.137057431490913
-7.853095305767869
-7.979614158997831
-7.429561346501005
-6.179505450867
-4.275990807722045
-1.8346289459384355
0.9675873064263296
3.906092386766709
6.727997691049569
9.175877369033495
11.014346443884872
12.056146714309842
12.183347021266924
11.35998794044659
9.634943594306119
7.136323529870522
4.059683884611561
0.6513135486213039
-2.8134124287181135
-6.055955755567091
-8.821696027790956
-10.90351965007405
-12.158410366330248
-12.516001383432787
-11.979770846643316
-10.622076285018123
-8.574077514723276
-6.011523440697097
-3.137882382335506
-0.16698764665098612
2.6926661787741235
5.25091557531808
7.346502164754313
8.855920687241875
9.70050285481789
9.851036627617564
9.329263952066782
8.205764780441507
6.593809745395771
4.639264305892463
2.5075282384910915
0.3690019053803796
-1.6156246369973386
-3.3091435524942847
-4.609271389754869
-5.456168622414223
-5.834744151820261
-5.771309073327057
-5.325421750947166
-4.578743384198597
-3.6230824982773107
-2.5500591194735778
-1.444474171197596
-0.3817404526453757
0.5721763370635496
1.3603931305631112
1.935737463755261
2.2627749314646897
2.321036323554284
2.1092166343578085
1.6498627881402494
0.9931801049783237
0.21782049517760085
-0.5733739486596019
-1.2634392062747735
-1.736056232324918
-1.8927133072683058
-1.6697930242084607
-1.0529759214596845
-0.08594773650047052
1.1294771189964115
2.4434104938956187
3.6773862140024494
4.650048587922777
5.20415062245718
5.229854913315252
4.6806597938604995
3.5800714920125856
2.018465124902341
0.14087430197966894
-1.8717198742655772
-3.8236865714253594
-5.525025760447306
-6.808653465665012
-7.544502936964005
-7.6510631823057675
-7.104181908686337
-5.941530183538408
-4.261035511323188
-2.2130361782954138
0.01301279484975815
2.206527307690458
4.157650171059056
5.681149255180239
6.639217163639061
6.959161764497204
6.642216686946864
5.761444533791579
4.449295078381939
2.8775492948881416
1.2333325161312763
-0.3052823923885885
-1.590980803134713
-2.5232246133066734
-3.056065295554815
-3.196984620857978
-2.998352492704841
-2.544407457624905
-1.9365252052758999
-1.2789096491074383
-0.6662513328565907
-0.17422227970097254
0.14690778682430003
0.2755645299571106
0.21921272394234317
0.011718216951547338
-0.29251933202786023
-0.6275615285469823
-0.9269323485661861
-1.134286634225047
-1.2109400783295208
-1.1387104438794071
-0.9188659431333364
-0.5692705181012581
-0.12109340602061455
0.38495691340266763
0.9033011038222857
1.3887860459824375
1.8016686869131648
2.111199075728613
2.296967602025849
2.347971112184158
2.2603486861940696
2.0352142881458275
1.67805759817662
1.2007872041400658
0.6259389274691816
-0.00958734953387613
-0.6546766363773865
-1.2498355667670653
-1.7374697950760476
-2.0728337205157605
-2.2315635086853143
-2.2117687546853912
-2.0315227495248793
-1.7241605870784111
-1.3333218701708023
-0.9081887575620792
-0.4983500014893584
-0.14792660058301962
0.11039732264587074
0.26020302766768916
0.30399912467348233
0.2630136469634652
0.17378739649399352
0.08194444087130728
0.03400969367230937
0.06830629058531598
0.20652802380542848
0.44834245963777664
0.771124128006102
1.1352019999534717
1.492826230921443
1.7978070708882103
2.0129235799067664
2.1132762180234836
2.0852381979999177
1.9222671186057496
1.6202747942755715
1.1757136108776418
0.5881093842399058
-0.1338643248369832
-0.965446816103269
-1.860667974124547
-2.750853803285069
-3.547830976870375
-4.152288659175
-4.4666176751125
-4.410123961056657
-3.9339578039467873
-3.0334402492876458
-1.755857872211261
-0.2021701097468743
1.4786026874970477
3.103337824437328
4.4770073873410405
5.420457436077579
5.7987668507221315
5.54464455131911
4.672435148558274
3.280029328555847
1.5377904081749156
-0.3342808846969288
-2.0976310566044196
-3.529337863306823
-4.453826528664343
-4.76730096030403
-4.451555277120683
-3.57539576675277
-2.2834686288425834
-0.774251973283604
0.72915043211199
2.010990511079547
2.8934253546087225
3.261734256507564
3.080541006840814
2.3983022981341664
1.3391883868047587
0.08351953446586197
-1.1604110012562272
-2.18886854637521
-2.834367970504896
-2.991432292656282
-2.6324121007922954
-1.811071835038747
-0.6537204037294092
0.6603874004458977
1.9262825468243514
2.944271882447175
3.550344363731265
3.641350867606636
3.190648369809707
2.251555941502047
0.9485492254781711
-0.5417222585551461
-2.0163064007470357
-3.2746998309484905
-4.146178076056595
-4.511955864941812
-4.319629259397172
-3.5885274707645087
-2.405651525336364
-0.9131031560869663
0.7109377584333212
2.274998202485011
3.597934394914597
4.530507123029065
4.972514201273672
4.883715906260609
4.2872511989544
3.264953560994585
1.945172690251896
0.48494337150430966
-0.9508499903529563
-2.2104761250202465
-3.1739117797891168
-3.7665805688612433
-3.966295388338703
-3.802241742403762
-3.3460095319653207
-2.696086710693696
-1.958667943472308
-1.2286904126119762
-0.5752693857428447
-0.03463414805661269
0.3887062370828874
0.7142578472584459
0.9743371110363005
1.2025757544871793
1.4246123326987608
1.6524241817992644
1.8829179142940022
2.100417095912064
2.2815491541259996
2.4005139352307236
2.4331320708154047
2.3591151714310516
2.1631609199369937
1.8359912291687985
1.3759157101483406
0.7904699072046354
0.0972517487786925
-0.6762488237870903
-1.4932250590230765
-2.308099107209285
-3.0673793249120007
-3.7117028896241715
-4.179916440125555
-4.415316039740488
-4.373156546215665
-4.028049762445809
-3.3797815468308
-2.4560850932471565
-1.3114412932775
-0.02206270203327765
1.321777130074388
2.624360281705603
3.7924431526866855
4.741464888992781
5.399838851290368
5.7118447656620415
5.640173502340753
5.1691668091921725
4.3090141368210055
3.0999959195111573
1.6150542760841848
-0.040975543425896745
-1.7364496370635352
-3.3225976853220502
-4.647598895736692
-5.574098568909324
-5.997900626057172
-5.864436631527915
-5.179594845061041
-4.012459200954135
-2.488934896596993
-0.7770393657190318
0.933655929426572
2.4550915182482185
3.6228898883800253
4.314710526415934
4.463073766706405
4.062291319758839
3.1694934719212746
1.8992789662408862
0.4116832817602097
-1.1056018469778435
-2.4586459565033203
-3.4697974485390612
-3.9986740001663574
-3.9592563056521732
-3.3316686124514154
-2.1679987241371164
-0.5910791295425627
1.2155090488657907
3.0270439820056994
4.60532751869539
5.730718824892094
6.233757546236084
6.020992336282121
5.089968535924703
3.5305369123788304
1.5125357248881748
-0.738026097204196
-2.970304582236774
-4.941808188281375
-6.447774479971665
-7.342813862438866
-7.552994110607948
-7.0784026825512525
-5.987532001959582
-4.405249251421654
-2.496254069199637
-0.44634157628289084
1.5561280271565248
3.3368837280887167
4.749898687062557
5.689085594969518
6.097413402118407
5.972365045797915
5.365946821680182
4.378149535808422
3.144277783217993
1.817599030472257
0.5493211305460634
-0.5314997354497815
-1.3351387494495617
-1.8226579212645095
-2.0094255892000543
-1.9593421958745907
-1.7697791628135489
-1.5495460817001718
-1.394732330389769
-1.3682717470816825
-1.4878639179044038
-1.724291282433494
-2.009551002943414
-2.252694256403913
-2.3605601348472605
-2.259590200097989
-1.9139633477153666
-1.335615829754396
-0.5834764231383077
0.247965479848357
1.0477022139368002
1.7102216544239128
2.1560109215515944
2.346885278422547
2.2933506694773986
2.052391263818234
1.7157264752591281
1.3904922821282557
1.176000390780561
1.1412393163526626
1.3077300566477204
1.6411480503836031
2.0534458818794583
2.415771923356175
2.5809353053481012
2.4121612275858526
1.8130940435976974
0.753104868908205
-0.7177754188431549
-2.468080107016358
-4.29883175220794
-5.9697035964395075
-7.233286120470047
-7.8726364982190935
-7.736759947366953
-6.768240425022649
-5.017806868299083
-2.6428344882698553
0.11025090337401305
2.9371696019077915
5.516025165315602
7.550478780660118
8.809464773621524
9.157945685286965
8.57453373961284
7.153400569670436
5.089912534288033
2.6518478384416744
0.14067001566673243
-2.150694361342126
-3.9768185486718663
-5.169968836527774
-5.657860908870509
-5.467176358421322
-4.7127797309989505
-3.5743061539199954
-2.2639022757816494
-0.9910352845692383
0.06910413369939758
0.7985775344817226
1.148292223761412
1.1374682259706046
0.8422548706422912
0.3766550201244827
-0.1301896670759764
-0.5566125476844679
-0.8079393872988838
-0.8303246398050648
-0.6167510788579397
-0.20430273658148684
0.3363445375931464
0.9167391367521925
1.448348850367636
1.85842894966258
2.1009131499552613
2.16044205689946
2.0494172134791993
1.7997971484323763
1.4524515821937094
1.047048208292887
0.614969667942916
0.17671964803851542
-0.2561607220490951
-0.6760444610132194
-1.073398322875295
-1.4326141159511956
-1.7308840267697576
-1.9403068469115368
-2.032886910526677
-1.9876487665571576
-1.7981180750682102
-1.4778140251211724
-1.0619188440927683
-0.6041251339953067
-0.16831005390297074
0.18410060527687488
0.4084641371794754
0.48924414655914344
0.446673981201772
0.33498115722079835
0.23114136694336473
0.21584146506689067
0.3511848193312508
0.6612798252733423
1.1213904624318298
1.6590297761792898
2.1671309374454317
2.526315292614147
2.631150387002923
2.4144678079927333
1.86435995305275
1.0303133957073827
0.017293727521981314
-1.0314644198789729
-1.960546866622211
-2.6328319704862753
-2.9577367671275314
-2.9100111524655055
-2.5338271746855656
-1.9309908193442462
-1.2365183347970639
-0.5878203589646982
-0.09477244180169095
0.18255319959798796
0.2435987346389353
0.14292465749489247
-0.02612145576837743
-0.15529649653578578
-0.1481051310925327
0.05575202894645014
0.46334989879758953
1.023347957501288
1.6345501998811
2.1667364430256604
2.4891083930243356
2.499746919600066
2.149552976836311
1.455997417917562
0.5044122802383697
-0.5634788937458758
-1.5725165283906253
-2.3453499659529253
-2.736490068258027
-2.6622319141192143
-2.1198459990925804
-1.191461046358932
-0.03136901379591866
1.1606627508154779
2.1744827000710747
2.826236788065702
2.990133791988843
2.6200901820764275
1.7580402370027284
0.5278006988651119
-0.8849048281999382
-2.2637705650174595
-3.399316589420906
-4.124575576102246
-4.341129610597581
-4.030436087536682
-3.2497957598575007
-2.1161943122517917
-0.7830901999536233
0.5850042296913508
1.836465199185996
2.8522636187211146
3.5587729086794817
3.9311502623294783
3.9867320680082785
3.7713964916968967
3.3440899759647964
2.7640805445462155
2.0831705219476606
1.342961730565929
0.5762045956201046
-0.18910927560596788
-0.9247908406924373
-1.5990665107118696
-2.1767216283853563
-2.6231001867864356
-2.9105881264344315
-3.025295311233598
-2.971534791614763
-2.77234831111332
-2.4656676305193614
-2.0969693322066756
-1.7098273740253052
-1.3360749004032708
-0.9879403939272836
-0.6548554329496108
-0.30654762417599096
0.09812860890259682
0.5987515241565656
1.2197342392209243
1.9581118254382914
2.77557120487792
3.597175206107404
4.3178705365714185
4.816520517313324
4.97602064183521
4.706335614248211
3.965542204935739
2.7737522752589423
1.216522722668215
-0.5631257821262459
-2.3826899987663643
-4.045018339208013
-5.36573019829279
-6.1986211865961405
-6.45497372789223
-6.1140102952437685
-5.223589657615058
-3.892090447308437
-2.273492622774581
-0.547781568856588
1.101194447349784
2.507889003255895
3.5445382171141384
4.1354585230343
4.263899292924808
3.9699861508312075
3.340102130987352
2.4900266066380294
1.5454849517558542
0.6242566943348937
-0.17680665580668234
-0.7886354856649445
-1.1717767338864462
-1.3154557544864722
-1.2355936582204563
-0.9721434293341785
-0.5851225901622058
-0.14845329292754697
0.2589525623412776
0.5643057389216217
0.7122772698212332
0.6740921699383926
0.45246474157437305
0.08134497312368778
-0.37949970213100603
-0.8539687270441887
-1.2615577889197667
-1.5301456022305857
-1.6081349769758988
-1.474333512055711
-1.1436596737674611
-0.6666683836402771
-0.12174401847372865
0.39923416454174127
0.8086616325231384
1.039916122009377
1.0590283273710384
0.8695474363974899
0.5109466499076002
0.05169559640928309
-0.4217797120903611
-0.818725222464418
-1.0583575682756143
-1.0826623702154776
-0.8654759515467652
-0.41629663555882074
0.22125725637001398
0.9751710444557901
1.7535342543505357
2.4547828709875397
2.9788872639683466
3.238660126809785
3.1703272204382076
2.7425430062928644
1.962904209297563
0.8807273272759991
-0.4150882609042427
-1.8034014942849423
-3.142202729312289
-4.282157505822208
-5.081426182064002
-5.421983384585775
-5.226964726810026
-4.4765523549115995
-3.2183513630990443
-1.5682969850851058
0.2996796464781578
2.17391310071728
3.8318984459057193
5.069756537437848
5.729895699502617
5.72294070796488
5.04105771450878
3.76082720607503
2.035147943132215
0.07534666862666298
-1.8741394423886926
-3.5655711494381293
-4.778828890489044
-5.349710421716968
-5.1918793671954395
-4.309463136505175
-2.798591091694171
-0.8374990484769875
1.3337732221903151
3.4417258701615636
5.212818006055924
6.4085843603645305
6.857857729177618
6.480662561436324
5.2995341843875785
3.4366451552774993
1.0976637226068335
-1.4549417109418776
-3.9354254921301095
-6.07074819917284
-7.634070376267094
-8.470816356884562
-8.51369123209851
-7.785300658210373
-6.389048926879829
-4.49035629269128
-2.2915057635291953
-0.004418482203688947
2.1745310333198518
4.084465892309074
5.612181876459334
6.6951133445583775
7.316018879462767
7.492470899302602
7.264562877661485
6.683457257201265
5.802816767696034
4.674470760039127
3.3482024267511017
1.8741692238059258
0.3061721133066327
-1.2957428579025685
-2.8645800545154447
-4.328058024884417
-5.6119718812409
-6.644122704907579
-7.358276913001358
-7.698410262855282
-7.623597332241768
-7.113368620794592
-6.172833558135549
-4.836695662911928
-3.171134648168971
-1.2722654736584103
0.7397275317745479
2.730218018704451
4.561663935154256
6.105310021818279
7.252176795823149
7.92258801644124
8.07306294310754
7.699494261215347
6.836527505522625
5.554110049125065
3.952252233227298
2.1542606996730007
0.2980479297345637
-1.4747883530924157
-3.0316472437602084
-4.261995950553608
-5.0890395712927985
-5.478250823611013
-5.441195334345775
-5.033449926717033
-4.346250606415042
-3.4927870550491837
-2.591279126154719
-1.747627384942738
-1.0406002893867519
-0.512327968162923
-0.16590224098852582
0.02991417604170748
0.13061442476825197
0.2031183388943805
0.3127068342571541
0.5116734656545078
0.8310566601195806
1.2762457423060223
1.8266146812783357
2.4388119050045476
3.0530053678613114
3.6009241145273183
4.014037156729121
4.230535266894551
4.200952927940882
3.892833640568968
3.2943096613390064
2.416152883197709
1.292330860271968
-0.02050337395386534
-1.444402040119552
-2.882879118720635
-4.226008594775161
-5.3584911595501366
-6.17032957580462
-6.5689702924001825
-6.491492371041081
-5.915360584771386
-4.865985995988398
-3.4188991447278196
-1.6946974098388503
0.15335350313239968
1.9571112567076396
3.5536214217807776
4.804285983644071
5.610510439744439
5.9237187951749455
5.748241104569938
5.136977889554986
4.181437131388058
2.9983741411183797
1.7149580913386988
0.4542944734950814
-0.6767778523242424
-1.5962746053869843
-2.2519141044262643
-2.622969890520171
-2.719662931560437
-2.5798740911443403
-2.2629219260476243
-1.841036083491161
-1.389864813346624
-0.9791915273829771
-0.6645053931041246
-0.4799597918345422
-0.43357255088878593
-0.5056529670702842
-0.6512206821624799
-0.8069058965703737
-0.9021435731727483
-0.8729537312262269
-0.6751246044820064
-0.2935452658341112
0.2542490055966197
0.9206013034490397
1.6351663731068662
2.315028921269172
2.8752383195412348
3.238549314857309
3.344061625680342
3.15443511738552
2.661077480533758
1.8866276819498744
0.8841213958523748
-0.26734066295101894
-1.4698076314309347
-2.6154879291413753
-3.596660108237022
-4.3158900165593455
-4.69576725343303
-4.687092266467242
-4.274621096695819
-3.479718762976335
-2.359362363744159
-1.0013583093221108
0.48369276963828056
1.9726874011846698
3.341265155690316
4.474613701191923
5.276733247276496
5.677515611974489
5.637363688937524
5.149302697739314
4.238764420086161
2.9617281850126074
1.402222313728323
-0.3304683369885605
-2.105789035975223
-3.7786376763224547
-5.199867022033909
-6.230306331661441
-6.756633194898499
-6.706567786812944
-6.060881986682466
-4.860376622249663
-3.2065110564603625
-1.2545004333409884
0.8017086365722619
2.7515141090919255
4.393796710396933
5.563035797639601
6.151160309014582
6.121343066939892
5.51117759913132
4.424821518248693
3.0159791505826083
1.4650960599931626
-0.045300775891137735
-1.353386753901851
-2.3361088856030645
-2.920923645426169
-3.090544282109768
-2.8806320836649637
-2.371072488279312
-1.672385030361692
-0.9094375543857484
-0.2047879060433803
0.33631447198709974
0.6380434014309522
0.662819062733929
0.4165076068192899
-0.05093195373811716
-0.6507916879107892
-1.267786349983597
-1.7779627954539516
-2.069479216178937
-2.0628290143717822
-1.7269084557760859
-1.087221815302732
-0.2236358825654068
0.7424476851515396
1.669218057033786
2.4199971668654316
2.888253427726467
3.016727549928629
2.8063297105751253
2.3129677605134797
1.6334787230927719
0.8844522283548445
0.17926247476810397
-0.3914349090949675
-0.7719457451871099
-0.9450532836290182
-0.9279231243790487
-0.763276210680735
-0.5088196822509393
-0.2269191050092857
0.024262448881442425
0.1970626927062363
0.2574765169148294
0.1858555075590771
-0.02334075999791104
-0.3615724498340346
-0.8057651624521518
-1.317908744247599
-1.8456105279335902
-2.3244959096842526
-2.6832856356459045
-2.8520530285398693
-2.7730594782507727
-2.412009617149117
-1.7667807506146995
-0.8714911454685703
0.20465058892125768
1.3634415097261419
2.488398334898579
3.4594414474993336
4.169846485203694
4.5423543832975435
4.5407767709746185
4.174647671474287
3.496501385177828
2.592805895049721
1.5703826921632036
0.5406038385428112
-0.39618520913970634
-1.1636939271729492
-1.7183525617253248
-2.0525470724437085
-2.1921022557440346
-2.188609762649608
-2.108161704330347
-2.0186064034390463
-1.9775074306653784
-2.022606720318758
-2.1659568086251517
-2.392314996041954
-2.6617064395710845
-2.9152359917554103
-3.0828880605592563
-3.092312862501953
-2.8779081197186387
-2.389609246095839
-1.6007158948212168
-0.5139038781290369
0.835442787755598
2.37908769654261
4.018873501138067
5.63219573003613
7.079607335018522
8.214567712964499
8.895550773859826
9.00028053968232
8.440874768836684
7.17797494847605
5.231968787428731
2.6896703123631807
-0.2949891914868127
-3.507475019272367
-6.687229683777908
-9.550248746804325
-11.81784185145793
-13.2481465191816
-13.666317027404077
-12.989382618946955
-11.24203699811637
-8.560120340213299
-5.1797339158606315
-1.4120674551110026
2.3931946289385593
5.89036869044875
8.779158357269273
10.83836660747538
11.947284824420274
12.092272165595036
11.358141927152342
9.906402439759335
7.9448068947873285
5.694224703006549
3.3591171594330302
1.1067029911231094
-0.9426619075361194
-2.7145328498188634
-4.171999305711939
-5.303859994454248
-6.112811258386816
-6.60649008694778
-6.793469156659514
-6.68446042128375
-6.296790060116418
-5.65929994701382
-4.8151798973622295
-3.821097508524817
-2.742199359186766
-1.6438102667543575
-0.5817606167172096
0.4058671780649313
1.3029417728467259
2.1141693499693175
2.858830840200726
3.560509434700118
4.23490682917986
4.878761968703645
5.4630902557288
5.932853470968073
6.213162005675337
6.220635712025523
5.877975650025369
5.129167056009259
3.952259330026217
2.367394239336179
0.4392050981731119
-1.7262188565528038
-3.988894536550756
-6.1854417032828986
-8.140699391566747
-9.679427814001
-10.63840676707014
-10.879910741292516
-10.306909060275022
-8.878917482184054
-6.626070976920856
-3.6584106358165176
-0.1677677363210192
3.579640358722473
7.261114202309573
10.525888948053863
13.031951846164699
14.486825661545264
14.686452033834959
13.546211540018374
11.119116828436125
7.597923371534913
3.299966271421833
-1.364281088232062
-5.935550951884766
-9.957391925169706
-13.028288886409005
-14.847748015702013
-15.250445198301824
-14.22361196937894
-11.905226817005724
-8.563980147308266
-4.5648567361520085
-0.32546241840913553
3.7317379983490757
7.2260918329812895
9.85878329379829
11.440943772931439
11.906427433574986
11.308699882827877
9.80377173425891
7.622592255937251
5.037370186528991
2.326920467555565
-0.25443614336790565
-2.501208912611555
-4.272126115665173
-5.495538678271052
-6.165404989167867
-6.329693523730046
-6.073800643296464
-5.502180714622162
-4.721453493894454
-3.827539464654463
-2.8981388501249845
-1.990317466946352
-1.141656339533775
-0.37305107775840324
0.308268800716321
0.906001255534153
1.4318809404982313
1.9020224278934326
2.33255574811875
2.735138988394946
3.112857823731323
3.456958995475594
3.7450108719646047
3.941072968132863
3.9983974295463622
3.865185119120086
3.4934549790129568
2.8500062662732355
1.927426048709234
0.7526904273786675
-0.6088177311823213
-2.0554123231138917
-3.4581515116661348
-4.676475559797406
-5.578136162271327
-6.059480115671113
-6.061995202465209
-5.58195572614284
-4.6712698980235
-3.429245830349687
-1.986806326400108
-0.4862314968470513
0.9394518959008051
2.18327233561072
3.1744819969076543
3.8811292267079693
4.305368524604312
4.472936155919489
4.419760606245351
4.179768392423656
3.7773749235339134
3.226241249293834
2.5337626382477443
1.7092159862048726
0.7729281711836222
-0.23610742818245706
-1.256764780757059
-2.2087576630243886
-3.002697762535143
-3.555328835350459
-3.806003423270202
-3.7299832784144735
-3.3452811284179833
-2.7115368223772154
-1.9207683841123466
-1.0811126424696802
-0.29666428148262153
0.3515353850511836
0.8181758696987825
1.0970756770203038
1.215557798330344
1.2223502841866336
1.172464125621999
1.1126789026192065
1.071014048312314
1.052605899396043
1.0426941273005144
1.0153679619881968
0.9449626990155845
0.8162703973492258
0.630590970148027
0.40646879384974094
0.1752693446777112
-0.027470735684621533
-0.17264374764685977
-0.24659047095933714
-0.25545594184945375
-0.22362312044510146
-0.18678897185908697
-0.18167296179146314
-0.23530997456506927
-0.3568936488325337
-0.5341409167223414
-0.7349125784349815
-0.9139369360088285
-1.0236275423176449
-1.0268222736703934
-0.9081614912324233
-0.6803642422237622
-0.38257703562194156
-0.07066015567593682
0.19751905849901014
0.3771127767097355
0.44749493461215845
0.41709650133636383
0.32108114237566093
0.21260866402395492
0.14952268141750563
0.1790090786664918
0.3235758656556623
0.572367958426313
0.8810533572485258
1.1808479695289429
1.3941385191783784
1.4523978172494387
1.312149840350956
0.965723840429446
0.4445217514799099
-0.18611504993252265
-0.8392776343297718
-1.423130099771182
-1.8580135677461358
-2.0902026897950785
-2.099462629425024
-1.8993043625108619
-1.5306256091751593
-1.050893885029007
-0.5218507090032098
0.0014095039780056308
0.47781049682120813
0.8829352957046512
1.2070549172896696
1.4496952002506782
1.6126241890130648
1.693871312805883
1.6851713502372088
1.5736306334341739
1.3468953518006985
1.0003153647895713
0.5438780887793574
0.00644068835906101
-0.5643560364781277
-1.1069138667656604
-1.554693835012181
-1.847853979161396
-1.9451237244594717
-1.8333335775874915
-1.5322712412226298
-1.0932014936500554
-0.5906418942644169
-0.10864888652049105
0.2756270968099571
0.5077276690445031
0.5679258299394058
0.47695654321412284
0.29352583185978237
0.1029909233001715
-0.0013914868268910556
0.05910951561162756
0.32813418231290137
0.8008363000235816
1.4207984244615295
2.0877087064657314
2.6738784152972106
3.04613839274646
3.0892265517637214
2.7268930314290003
1.9374255186418634
0.7614168659541087
-0.699303963306784
-2.291969096594712
-3.8316796270600406
-5.126224849231229
-6.002837163656573
-6.332266775107689
-6.046251080043434
-5.145944406433182
-3.700719836103755
-1.8386914764349553
0.2684187150692707
2.4234601214490152
4.423240534990241
6.077873781456518
7.228857598587181
7.764253266464907
7.629179224791525
6.830540653351069
5.436187302365699
3.5693817835077235
1.3989652076280814
-0.8751936150688123
-3.0415803842088884
-4.899679424044084
-6.28242099606732
-7.074470448940214
-7.2235990926160705
-6.744042301062256
-5.7120109317079955
-4.254518254864812
-2.533283654235306
-0.7256069322603792
0.9956636127235136
2.4806074287340785
3.6167230600233617
4.337486686355745
4.6241569293590805
4.501710424262866
4.030841804690664
3.2976081401440136
2.401662762926721
1.4442146675162373
0.5173066097579513
-0.30423208170414323
-0.9675604320738143
-1.443325165215936
-1.7242550326520476
-1.8216670257566647
-1.7610656323592162
-1.5777599588838842
-1.3125184600069046
-1.0067003212049674
-0.6968248073354362
-0.4095894962832327
-0.1589735664400398
0.053167909384709666
0.23288806854447755
0.3878734182309846
0.521385787901189
0.6281226849680918
0.6928650199345249
0.6923508733374367
0.6005028477733922
0.39641955059159273
0.07348313095002697
-0.3527933225064334
-0.8406581013151239
-1.323773756784337
-1.7193463881502982
-1.9415003192186036
-1.917173387939387
-1.6013767087240396
-0.9890036595492858
-0.12104270927069267
0.916215632023151
1.9994968084094997
2.9837595277167646
3.7225903093042554
4.091057644500603
4.007260931916484
3.4483083060018775
2.4572118849158344
1.1389995860113815
-0.3534057584077587
-1.840950924310178
-3.14405314279619
-4.107851599940325
-4.623184306785718
-4.640398856462358
-4.174557887249913
-3.3015930086009586
-2.145642840650556
-0.8592045730216575
0.400293571998846
1.4928179445702292
2.3130057047262627
2.800327895088089
2.941854840396996
2.7683876594304055
2.345273784372009
1.75971277538978
1.1067591624025193
0.47618465800908155
-0.05829197088570339
-0.44675812064232134
-0.6674920669695182
-0.7272610494857213
-0.6568054441365323
-0.5019904644895397
-0.31294863193333267
-0.13443815073079232
0.0003637860331060963
0.07245562408072222
0.07704102032933252
0.02187731224840043
-0.07577319209410482
-0.19346563467091255
-0.30856811109826954
-0.40275716976105436
-0.4650403771838989
-0.4929942463983399
-0.49201417505583195
-0.4723665634725952
-0.4446209133581769
-0.4149501995548959
-0.3819175500843915
-0.3359771971605959
-0.2622499758774831
-0.1459925865681975
0.021033762208763993
0.2354562807714243
0.479902705334705
0.7238996937661777
0.9282281275350303
1.052362609798535
1.0633967429482427
0.9440211584625394
0.697619161877218
0.3495215485103339
-0.05594992631449674
-0.46230575118647943
-0.810057871663912
-1.0459421856277138
-1.1303888766318908
-1.0427653838362527
-0.7846866715659587
-0.3812898441032678
0.12021513715681147
0.6553632122386802
1.1507335979751212
1.5347260412583044
1.7483391011841527
1.7531171453828664
1.534908329629131
1.104033032105103
0.4931991333895353
-0.24606376741261238
-1.0481069572367874
-1.8383076442797652
-2.538075292399669
-3.0701660677477984
-3.365208861774719
-3.369572270678337
-3.053543970478726
-2.417943376295812
-1.4973040704980445
-0.3588429182987386
0.9024370985680404
2.171908690229044
3.326281647895557
4.246547807144511
4.831352399005658
5.008990753443967
4.74666113312271
4.055851239046453
2.992701965217084
1.652826769628053
0.16132998446546382
-1.3404737640693591
-2.7102017813230157
-3.820071786464048
-4.571374973418589
-4.90553332056143
-4.8096142039989145
-4.315205820635921
-3.49123134918811
-2.4327349697828704
-1.2481669661902148
-0.04728861482777079
1.0689912583609784
2.0163323966468782
2.7321473455507244
3.1782176389245245
3.3408218377559256
3.2287993903161696
2.8701279121492704
2.3075103515033732
1.5936590774678987
0.7871661882658947
-0.0506831874387221
-0.8584704052394497
-1.5768124673038766
-2.1502671843454335
-2.529511035161525
-2.6744671624000342
-2.558608855518568
-2.17387076170676
-1.5347757671619795
-0.6804606274274264
0.3257364848706311
1.3990372195011522
2.438609662876773
3.3359843939094196
3.98633609006773
4.301159467927756
4.219686403438533
3.7168168615130357
2.806794909962348
1.5425907262051124
0.01114138166954689
-1.6747065159205805
-3.385868519722115
-4.986584687173981
-6.343011772375362
-7.330898911925774
-7.842774760211644
-7.795175025564453
-7.136291252987472
-5.853827655309711
-3.9822723280535386
-1.608354312513394
1.127236563988456
4.034160680083285
6.884139855727965
9.42956630646746
11.4268573474572
12.661663554655746
12.973027127528502
12.273671596615621
10.563605391725087
7.9346784081111466
4.565025298306936
0.7040703338418025
-3.3497377850708037
-7.275431883341477
-10.757183702440695
-13.510679487616063
-15.306481855088448
-15.988911347334874
-15.489258679909478
-13.832667634225047
-11.138260848475232
-7.611934987549782
-3.531336024714913
0.7767477188607703
4.964993882970847
8.697308351744315
11.680545222142701
13.6930865638585
14.606873106546356
14.399524053730365
13.15447059059873
11.048725356283164
8.329357784657898
5.28145702273903
2.192182069478903
-0.6835158174593454
-3.1501152366222085
-5.087707487896358
-6.455556025598186
-7.283835328183081
-7.655780268968858
-7.683284157586299
-7.48004212955278
-7.137478221580215
-6.708604097252064
-6.202893185087629
-5.592228026511783
-4.825490726789426
-3.847915909498717
-2.620856131085471
-1.1380670852253876
0.5643670082109141
2.4061179797132652
4.268754194126224
6.008279989188235
7.471703002950609
8.515636847104668
9.025033832107775
8.92952172847644
8.214660037110368
6.926165822607317
5.166245760041276
3.082523745083171
0.8514110672453117
-1.3416437782594177
-3.3226188035968063
-4.947520669111917
-6.11633312918182
-6.780180542335824
-6.941242647231362
-6.646449503341835
-5.976403744677408
-5.0312060752895515
-3.915828474936962
-2.7281417536131856
-1.5512866179121194
-0.4500628847670651
0.5296065408634727
1.3586994849230984
2.0213886542151793
2.5111818193866178
2.8285179488804872
2.980258511132678
2.980155416883501
2.849060126917579
2.614309947899944
2.3081828723714857
1.9651557272301008
1.6178156726095356
1.2919965899314099
1.0025059257209243
0.7512083697390749
0.5286379236942969
0.31868499058466543
0.10462026547344533
-0.12538266768360165
-0.3745693521360726
-0.6363685698225622
-0.8954335690927876
-1.1306579469355211
-1.319978164726885
-1.4462396354181146
-1.5025203057734582
-1.494946279928575
-1.4417102012465295
-1.3685958749957428
-1.302627432400584
-1.265533200406936
-1.2681661346352375
-1.3066740427696464
-1.3610590113435896
-1.3966434871066902
-1.3686035499554319
-1.22901445312472
-0.9353252291189081
-0.4591525803904482
0.2056870078568893
1.0371248487116134
1.982041255400552
2.957887134990316
3.859588750446215
4.571820126182661
4.9854205833779535
5.015345449409505
4.6165140410213645
3.793691327867294
2.602819553109318
1.1439209345695163
-0.4518843647779095
-2.03817862688272
-3.4698240947112935
-4.6191233207047135
-5.39001943628137
-5.728122417818842
-5.624750221980728
-5.114535818513996
-4.267475244550552
-3.1772347309123607
-1.948094021846718
-0.6829542580737321
0.5256357813662881
1.6005095849340176
2.4814643717345373
3.1250082637052095
3.504024904841267
3.6083248224215527
3.4461038208396446
3.0457713717227395
2.4572142922994127
1.7511161762030276
1.014837149586065
0.34384118646844597
-0.1712218248777839
-0.4599977495317124
-0.48721950122480756
-0.2632463702448234
0.15232284977413313
0.6553429145964711
1.1104699987087499
1.372582130346645
1.3141008773761274
0.8536603781979937
-0.02047010217399712
-1.2387467259304406
-2.654151912415906
-4.061020143458613
-5.225556320099191
-5.923339604845615
-5.978346837404558
-5.297413900573796
-3.89375620463037
-1.8941107052135764
0.4731553349032408
2.9081099243928934
5.083479400365563
6.696146117984991
7.517095105894942
7.430877458346233
6.4570675999160985
4.748924971902246
2.568731610582626
0.24402854573833113
-1.8873340336150826
-3.5334008444487033
-4.4953677959659215
-4.697265201778561
-4.192919289051088
-3.1497813582837493
-1.8135629566489955
-0.46045020137242393
0.6546225567426344
1.3443638398014428
1.521705485419383
1.2124727772876278
0.5452756895243477
-0.2800370542321157
-1.0388384007171785
-1.5324516316208665
-1.6316929357403258
-1.3040151850515003
-0.6188112290063194
0.269878154187293
1.159031677378492
1.842601657364068
2.157749220657143
2.0214078446510526
1.4493692593180563
0.5541905720172404
-0.47707568124821
-1.42073379279604
-2.062913370354391
-2.245597944603783
-1.9020383935778613
-1.0732310051774243
0.09807163055705274
1.3940652051982476
2.5635648936017668
3.3703117263673956
3.6385196378595115
3.287149256339856
2.3467991490684157
0.9560512471666344
-0.6625319350822056
-2.2425216915973056
-3.521934878214382
-4.2902330474454375
-4.425253243693311
-3.9134467621854534
-2.849904823562355
-1.4186750758933233
0.14215845506598807
1.5834941286320847
2.6881353040314586
3.3058694767170778
3.3748988848033417
2.9267234104256192
2.0746323442355066
0.9888409619350401
-0.13635680495848615
-1.1170396203939024
-1.8097715896536715
-2.132536883916851
-2.0731494455121835
-1.6841635651424078
-1.0663491513089793
-0.3452651675988568
0.3536161279654764
0.9264898549817636
1.3064169965366905
1.470548866396908
1.4386040056795568
1.2627360121537046
1.010800234632173
0.7472816656047315
0.5171741618938375
0.3369911135402238
0.19452158574188877
0.05641490741638553
-0.11884035129431779
-0.36564667953320656
-0.6973720191812047
-1.0976394183217215
-1.5196724915581366
-1.8942503178396295
-2.1443975576071233
-2.20305690922029
-2.0290578154819574
-1.6173116394103213
-1.0011124345709537
-0.24660455080174423
0.5588453111193606
1.3216622270224079
1.9574666087041217
2.4039411457346573
2.6285474943227345
2.629598890798286
2.4312748433182882
2.0749363600927335
1.6093870587426875
1.0821301010767717
0.5331658782178869
-0.007781780551060106
-0.5207227099748034
-0.9923885012661315
-1.4119673589202124
-1.767185057133881
-2.042388210484071
-2.219380009187027
-2.2802917679474466
-2.2109832781438468
-2.0038557155356127
-1.6597956547863475
-1.18946449077328
-0.6141813748107597
0.03361280788835648
0.7106165196610992
1.3641567696837842
1.9356204823870906
2.366500090999598
2.606796858741754
2.623872654341463
2.408895584003431
1.9790485822120394
1.3757522342389783
0.6600297718863606
-0.09444925696832501
-0.8102676341750886
-1.4158651193001142
-1.8541318806363973
-2.0888041191527646
-2.1081353619289285
-1.9254850288731429
-1.5765794937688309
-1.1136785683178638
-0.5975178758158064
-0.08854160830638537
0.3606652339759423
0.710427240688953
0.9365510093114173
1.0311187011496605
1.0017950718769477
0.8696031539940362
0.6654282034823966
0.42594123185645877
0.1896069677058632
-0.00706667655049792
-0.13332714206725907
-0.16821687977727123
-0.10448646647386729
0.04852999616674881
0.2640444136564214
0.4996088064109321
0.7019834892737652
0.8150035746493679
0.7894146697115975
0.5929997014422808
0.2192549501221055
-0.30723900381499464
-0.9305334183857779
-1.5688619946383682
-2.125183525168252
-2.500909499797219
-2.6110595152072067
-2.3992690735588096
-1.8505245297720432
-0.9988483841488935
0.07245475220705419
1.2389681457134778
2.3510281944180282
3.255210166048261
3.8184410011908954
3.9507018308799067
3.6214144340856533
2.8655309582972066
1.7782906269469108
0.5004943275013504
-0.8026371335445552
-1.9658579796215636
-2.848048856604526
-3.3520978504772247
-3.437036599010277
-3.120706750531188
-2.4730741566790098
-1.6019827180172705
-0.6346218118644629
0.30157327506476894
1.0954927304146174
1.6640946047458718
1.9580564000945635
1.9617404527542204
1.6893639380553742
1.1798064923683493
0.49221858060065704
-0.29667285310987973
-1.094851060900587
-1.7995439251618053
-2.305861030260875
-2.5193976116492287
-2.3710036717411125
-1.8312648157500746
-0.9223338019284583
0.27574054620448174
1.6279490584311163
2.959109088893181
4.079484422581997
4.816631017991677
5.046526835774856
4.71656328219478
3.8552998395531066
2.567629642563598
1.0167248578041463
-0.6041790740518698
-2.105382374597104
-3.3333829545302245
-4.195878871332614
-4.6736780194831065
-4.816686069056775
-4.724453224887542
-4.515422945832106
-4.292004874899865
-4.109616519931203
-3.9569270026775434
-3.752403672333508
-3.359212641733556
-2.616810638065319
-1.3837289246288815
0.4171438134755353
2.761040821751852
5.500934450520709
8.370420760243709
11.011479681989803
13.02385863977178
14.028197044316181
13.731852959753178
11.985779245156598
8.822214608393173
4.4656896542549465
-0.6859327353875052
-6.108258685368104
-11.217688215280834
-15.448421079040836
-18.32702787227235
-19.533287894982575
-18.938691580111367
-16.618049112680144
-12.833978661097294
-7.99804042708105
-2.615506162757167
2.777633484949019
7.676830691855412
11.662559858264894
14.439173689125544
15.85537372840216
15.905501563872994
14.713756394132663
12.505899082924744
9.574171165930542
6.240745052750325
2.8235773589758693
-0.39287010157840097
-3.180106944465888
-5.379568191212233
-6.907395903571622
-7.751024186742789
-7.959502770033676
-7.629639403302938
-6.889968205684776
-5.88429103902429
-4.755938802353811
-3.633373992887899
-2.6178025369417535
-1.7739723903361528
-1.1256313117676848
-0.656662150794358
-0.31800628611668125
-0.03962438811477985
0.25420210845960595
0.6289098578672497
1.126094773584888
1.7549170870565165
2.489808332026496
3.2742932489378083
4.029777253532381
4.667891512610256
5.1045738047155504
5.273398039199973
5.135443179146875
4.683603778573069
3.940884650850584
2.9542405669424276
1.7863606969157744
0.5072934932972268
-0.812694617445697
-2.107822318627658
-3.318497121482955
-4.390586369310973
-5.273660981807892
-5.919745454778418
-6.283849380185007
-6.32716370236345
-6.022958271017292
-5.363916994524195
-4.368642110576972
-3.085014114289785
-1.5890992021477262
0.020234356976451224
1.6299394132091767
3.123611406890308
4.3934876727007595
5.351908273998509
5.939796833177286
6.130337099599093
5.927993216866846
5.364607485086424
4.49435694160707
3.388527325200517
2.13032260037986
0.8096541762625256
-0.48193899655645567
-1.656042716294691
-2.6321516635519164
-3.343200556506418
-3.742048877110462
-3.8082556998193384
-3.5536803384899365
-3.024713144087862
-2.2988557216216856
-1.4747804897266574
-0.6575565659616669
0.05727630035816846
0.5969140410017271
0.919154171514012
1.0141042916595557
0.9005553986041658
0.6185913134357763
0.22008057699902503
-0.2408745716691441
-0.7149713961630894
-1.1604346380823618
-1.5415953909937288
-1.8251847546393851
-1.9767561896931871
-1.9591688221534433
-1.7342382493117923
-1.2679226210762045
-0.5385939104639265
0.45303306346934497
1.6744868701615665
3.055019839184178
4.484113108650106
5.816537720949118
6.884488562274939
7.516024673786205
7.557866905292314
6.899638513008483
5.495961972835873
3.382706228109759
0.6840416661825619
-2.392228952886099
-5.571864392284472
-8.54230705714326
-10.988220870671826
-12.629808264692452
-13.258562655286573
-12.76514607484256
-11.155302040847811
-8.551701249731686
-5.181556982945775
-1.3514351583693334
2.5876808099825426
6.280213086058071
9.404849084715089
11.707275070347228
13.023383563330611
13.291071856920658
12.549789135567966
10.928440603783304
8.624177267957123
5.875763289054323
2.9352743992929167
0.04168696487573873
-2.600560870911759
-4.836168709373223
-6.56610916204525
-7.747399539381713
-8.38640575984172
-8.527514709336492
-8.23938607956335
-7.600884430946616
-6.688804584962611
-5.569347638703724
-4.2944717780480515
-2.9032250725709168
-1.4273349043989694
0.10075604236881316
1.6401000749089236
3.135950393002548
4.517930191052171
5.7019436142252
6.596140120504311
7.111021298314254
7.172676432883527
6.7367597218293085
5.800418871828927
4.409997354778902
2.6630109679744347
0.7034729313840782
-1.2896769794753813
-3.1206328983355633
-4.599913406797414
-5.569753207112876
-5.927397133621374
-5.6418278415934875
-4.760605216914314
-3.4055434252744026
-1.7581736649497526
-0.03729284127062603
1.5289822519771137
2.7341794095088137
3.4237501897345632
3.5192650256356193
3.0308735920742005
2.0546061571163583
0.7550770912621171
-0.6622210031410275
-1.9832939741523474
-3.017242497123562
-3.622610756961967
-3.7250364652021535
-3.323721005148081
-2.4858590329431096
-1.3308496144718893
-0.008463460308469003
1.3243331572442651
2.5240331342384357
3.476015628483167
4.103373174940705
4.369210387540044
4.273548691178167
3.8465470546701197
3.140195998762035
2.2206668471893414
1.1624943601593067
0.04445853524184928
-1.0534627940947607
-2.052790252272932
-2.8799679199381
-3.471516375056202
-3.780767966623239
-3.7846976413122295
-3.4889837942016597
-2.9298899425762777
-2.1720414230156093
-1.3017115729007318
-0.4162074133238405
0.3890779761610647
1.0338878584318236
1.4644123364433372
1.6606540718013814
1.6382647469604348
1.4440185970241948
1.1454829887962277
0.8173507211763612
0.5279351617386949
0.3285116333259658
0.24664230949404148
0.2839169554285087
0.4183250759295505
0.6106937595607194
0.8135841021093794
0.9805457194924867
1.073823481810045
1.0692718314164897
0.9580596819158138
0.7455999382172078
0.4488395679316013
0.09301802326737689
-0.2916944937503784
-0.6736612121661821
-1.0231417838912062
-1.315077074713879
-1.5308566347274155
-1.6591810682328758
-1.6965660796449535
-1.647529939183327
-1.5237525284886522
-1.3415547817899975
-1.1178581934732847
-0.8659003859118606
-0.592627891100029
-0.2989739582627018
0.017372526656255636
0.3582116502021703
0.7215092742018342
1.0990203148440318
1.4747611589850471
1.8244418113670615
2.1163416225988056
2.3141736034778075
2.382154554931159
2.291547914519989
2.026919257863106
1.5903104185428498
1.0024486612235917
0.3011185994902116
-0.4625398354745542
-1.2289162213411464
-1.9354012476200384
-2.522094174796631
-2.9371448840160332
-3.1408183845259434
-3.1078949806570617
-2.8290780360004635
-2.312392606433276
-1.5848184811198067
-0.6934527205565951
0.29488805902427684
1.2964419278578962
2.2161052300785515
2.956140689333617
3.4276988769861765
3.5637852974424513
3.3314646221176636
2.740764254954063
1.847747312504803
0.7499194457380248
-0.4261010072271586
-1.5424511414006745
-2.4697163197524494
-3.104687319098276
-3.383396600099891
-3.287845434693528
-2.8459320615892225
-2.1250897041022525
-1.2210331139217567
-0.24365606029895642
0.6977070365552063
1.5076558616944755
2.114974905363118
2.478428376735267
2.5878434035135838
2.461354648651736
2.139762426830811
1.6785262657469624
1.1384497116077603
0.5771635465263278
0.04330948199318144
-0.4262315030867376
-0.8070542481811463
-1.0869639535626974
-1.2650006629522546
-1.3494262702179838
-1.3547204675537465
-1.2984307387622747
-1.1986884669729228
-1.0722498761793184
-0.9324150710771174
-0.7869256672045959
-0.6370112094780311
-0.47880936358559334
-0.30716198128051153
-0.1201476037537353
0.07803770744301998
0.27732800062979196
0.46464219418656083
0.6273464077315206
0.7556510226508699
0.8439017324579877
0.8916901202688727
0.9049859775220565
0.8962008835152229
0.8818549943354455
0.8776779567656803
0.8925603370489023
0.9236789417002919
0.9549527878183198
0.9597615270912323
0.9070219644879639
0.7685071152116676
0.5255083959733239
0.1738827536035263
-0.2729142774088737
-0.7833538500408022
-1.3107322519434987
-1.799742206336297
-2.1956560578027693
-2.453785957619594
-2.5465173720016647
-2.466045413563628
-2.2226894919305304
-1.8402765642910017
-1.3505052144262697
-0.7874640026756804
-0.18284997622303537
0.43718282691232546
1.052260206337726
1.6447588482983986
2.194730670003336
2.675049220467463
3.0491482200856117
3.272739899253988
3.2995563068466125
3.0903830097549783
2.6239921007656943
1.907481803799304
0.9827224805620488
-0.07390638740054449
-1.159234687821812
-2.15674005746184
-2.952898514743307
-3.4538369476056614
-3.5997817639981005
-3.374886305413752
-2.810673597060109
-1.9823651118997274
-0.9986088993023938
0.01370665582925501
0.9271466253122305
1.6311243983364347
2.046242063557991
2.133733601083361
1.8993411778880152
1.3915225707867462
0.6942159007842119
-0.0849304391154035
-0.8293533146468666
-1.4296627127398056
-1.7989048132154817
-1.8845589288335836
-1.6754063156619994
-1.202364636885921
-0.5329571830971391
0.23994849774952887
1.012918163854974
1.6871984742892614
2.1818721928483944
2.443335180663476
2.450377507861726
2.2149226390054357
1.779059660052322
1.208975959843738
0.5859268014772847
-0.005454160056057895
-0.4900807421744478
-0.8141939123222681
-0.953597587411267
-0.9167166960475119
-0.7421277598581703
-0.4916144406015941
-0.2405079032066706
-0.06668746752036951
-0.038978257634825896
-0.20588671568248443
-0.5863240766429157
-1.164097060594344
-1.8873523317319947
-2.673189994783851
-3.4166516701612446
-4.002889091144782
-4.321247555912474
-4.2792046786167095
-3.8135252888728552
-2.8974341284398477
-1.544742047047818
0.1880758371559056
2.2023578205107723
4.36124174068252
6.496985400271442
8.420583105580961
9.933442672130923
10.842421434216977
10.979343630923715
10.22370275061151
8.52503835224242
5.921148354852716
2.548796344245253
-1.3562099865323993
-5.47231648536439
-9.42019341599512
-12.803774166828013
-15.259179036445143
-16.503658274893098
-16.375926864627743
-14.860649083526706
-12.09301233695271
-8.343066038569042
-3.9823916350898583
0.5624235095708603
4.863261362999996
8.542959337443683
11.318512270048977
13.028486288665166
13.641383120019547
13.245149135537472
12.020851575758083
10.205667645044329
8.052034624279141
5.790426568857929
3.6018495857804287
1.6034562847830247
-0.15223455104766764
-1.6667771046503226
-2.977924534717808
-4.13866939970099
-5.196861656388848
-6.178478444327637
-7.076993712198485
-7.850563816115249
-8.427718229299764
-8.72075908163016
-8.64425200599846
-8.13432776100908
-7.1641830431301265
-5.752694817982267
-3.965105906584437
-1.9061587358220706
0.2927324896400564
2.489403060020204
4.546405793847141
6.343071583269748
7.78289772334156
8.796611275537373
9.341981959966628
9.401752901181407
8.98124624345805
8.106953889671395
6.826727067141787
5.211218307424749
3.3552152034034646
1.3770166933334032
-0.5857864073698659
-2.385375230930679
-3.87830950141038
-4.945128902464873
-5.512389924008859
-5.572298935909713
-5.193631312929978
-4.518538660637525
-3.7434562801371207
-3.08666422457669
-2.7481121164730564
-2.868655809476724
-3.49615497685732
-4.564952957393929
-5.893612713662365
-7.2036326271309905
-8.15837138752228
-8.416754478047386
-7.6926575799358226
-5.809634088317539
-2.7415375748189836
1.3678393074519601
6.209233651272555
11.3360639240732
16.213032846803586
20.278951643604525
23.014693234794493
24.00651122066446
22.997054019896424
19.919400055911268
14.91155064459955
8.310008773814443
0.6225365909403886
-7.5173598922179155
-15.40922579524518
-22.351673403938232
-27.709540667227603
-30.976174895402394
-31.825076942984236
-30.14572024498211
-26.059009941640223
-19.90925011737523
-12.232325046260112
-3.7031401082953517
4.93203848972996
12.931059519701305
19.630949374878735
24.51394297749523
27.256283209839445
27.753510055503373
26.11949052595072
22.6606241015312
17.83013891830277
12.169200709804404
6.242044061855687
0.5727255890161149
-4.408660944298866
-8.403553775011996
-11.26203289753343
-12.9783583257814
-13.667183300188752
-13.525769348796215
-12.78944631468148
-11.687999332753686
-10.409901119898471
-9.079505008895074
-7.749702617143428
-6.409805773359026
-5.006105984277781
-3.470560353216876
-1.7512255118287088
0.16267034300563538
2.2266698653163095
4.340538342802146
6.360472147085235
8.120846977119175
9.46066157630013
10.249279804960226
10.406841261214376
9.916404139463564
8.826623916393144
7.245002540153062
5.322824516568115
3.23429215814693
1.1535807619677854
-0.7661649154938295
-2.4085460479241405
-3.7024318708808015
-4.623037259600146
-5.186434116867087
-5.4390841381559
-5.444648376275005
-5.270626335751683
-4.97715324760866
-4.609798696710581
-4.197280819508906
-3.7536014515177643
-3.282932555768442
-2.7852450576736167
-2.261040127088762
-1.7140409546597828
-1.151094470641588
-0.5793674025576699
-0.002368036983750498
0.5827752743310008
1.185009252325026
1.8158464521219588
2.4836448305700065
3.186982366895283
3.908478419540146
4.610717196462277
5.236170516798543
5.712414186633236
5.962434101790266
5.918399372342092
5.536416721626108
4.808955349638575
3.7712086475785593
2.4987769637741484
1.0963183306399822
-0.32096485277050496
-1.6491221128065836
-2.815288990378453
-3.790680849591494
-4.593692162911957
-5.282039861040597
-5.9346334796972675
-6.625766629677434
-7.396509609878441
-8.230036503254157
-9.037558698504768
-9.659276554450624
-9.88167100600479
-9.469574735900547
-8.208712895733644
-5.951926573508111
-2.660949597337308
1.564058372650673
6.473301507904973
11.677862496315809
16.68209085451675
20.934883935930806
23.894234099314577
25.097066744923886
24.224857282104
21.155709396321683
15.995275676919999
9.081398211237026
0.9606422809204531
-7.6612241751214905
-15.989342946759788
-23.222801313604904
-28.641674087318986
-31.68848534915982
-32.034529153700426
-29.622368935689323
-24.677768179505623
-17.687910059805724
-9.347869385582733
-0.4820614925090786
8.049613058140956
15.449487896381921
21.071304455854097
24.489063940522012
25.536709508640225
24.314151323577406
21.15971295132977
16.59362576835386
11.241379759432483
5.748246882012492
0.6967239181673011
-3.4621042269840845
-6.454101246714839
-8.198752381634076
-8.795842126561952
-8.486102961980531
-7.594426496675846
-6.466790659188355
-5.411782274636724
-4.655400049103971
-4.3147052896821085
-4.392218546645834
-4.7893656916680385
-5.334500814540484
-5.819307356909369
-6.036847945841525
-5.815447364015863
-5.04448283920773
-3.6899164901011465
-1.7986660037143347
0.5077621932431704
3.048414825527697
5.603841383804242
7.939905461014073
9.83210080177058
11.088585619039842
11.570581272278734
11.208796940048336
10.013941798482414
8.079076042018553
5.5724591879034575
2.72107221081392
-0.21378284341033285
-2.966308522518779
-5.2978357266286435
-7.025913418410264
-8.046457808561462
-8.344985220965636
-7.994204973522204
-7.137769324872214
-5.963203814646094
-4.669413258377838
-3.434672175644015
-2.390263958298805
-1.6039889245780123
-1.0763722143285885
-0.7497113008974753
-0.5268695542233265
-0.29496030671737916
0.050593116300461614
0.5850051166945948
1.3387897326370255
2.2904151742972174
3.3681886481450256
4.460924803573658
5.435357717681796
6.15719459907617
6.512323574016711
6.424994203104905
5.870366956095156
4.879438171508152
3.5353238580232396
1.9613408487552015
0.3029873304685469
-1.292750778593112
-2.6972054937449195
-3.816298794171604
-4.601218057855136
-5.051398178343866
-5.208483444584563
-5.142188283002829
-4.93146228962377
-4.645504795970773
-4.32865410805421
-3.991827745155474
-3.6118970525922576
-3.139372376191597
-2.5135055082664532
-1.6819468971646117
-0.6203396147877889
0.6530008927238475
2.071021349711568
3.522448005308736
4.866652116383001
5.956135553487769
6.661969233844945
6.896851700964696
6.631110178948303
5.898446394003069
4.790089716862628
3.43830662158385
1.9927708055840279
0.5950766984585599
-0.6433088644832156
-1.655803620751833
-2.42604604314478
-2.9831048742948605
-3.38741593238735
-3.710340172727821
-4.01204074966236
-4.322929480419087
-4.6330560722607155
-4.891829366199182
-5.017863468903828
-4.9165571536336685
-4.501898497592077
-3.718493546997286
-2.5596142240264723
-1.0773193690541343
0.6184081654030881
2.3724714386835113
4.007111341858619
5.34908896496518
6.256160114909851
6.638346537107188
6.470891226609511
5.7971124964457745
4.720677189170029
3.3885306604986116
1.9675250336194618
0.6187790224649615
-0.526063740423911
-1.3828774768197025
-1.924415465524894
-2.179283964862219
-2.220738017554815
-2.1477908111745867
-2.0626179186048597
-2.0484503376974526
-2.1518177988730773
-2.3724763381208334
-2.6631334336676376
-2.9390559985901774
-3.09573189586665
-3.03170495377535
-2.672894858071803
-1.9935406847680102
-1.0283968473441463
0.127695300275508
1.3334806332445808
2.425396268504431
3.247014799913393
3.677796666640966
3.655481333308717
3.188106178787696
2.3537956977386005
1.2883358824349507
0.1625209263737287
-0.8465881613377652
-1.584966869579392
-1.9459458377542926
-1.8852437301430844
-1.4245672896168924
-0.6440851480137875
0.3338625303649394
1.3663189850083373
2.3127074882584244
3.0553194961164993
3.5135423811234157
3.649332786044258
3.4635252499650107
2.98468185914007
2.254115055764931
1.3120317213408397
0.18944943440624357
-1.091610159980774
-2.5100742976544517
-4.032804454837193
-5.600812532304982
-7.118843776156002
-8.451516714991234
-9.428324534644622
-9.859023857223582
-9.559460270977048
-8.385379469320345
-6.268608347728858
-3.247266204652939
0.5186594873390066
4.751883916535734
9.08274272002196
13.089895642927667
16.349936168672023
18.48871334008381
19.22726643551031
18.415810672089542
16.05125092345023
12.27679020790744
7.3652479918801665
1.6903120162824927
-4.308713752688932
-10.16383297491118
-15.414020314139579
-19.638281270385995
-22.48556926145632
-23.701092601129982
-23.148149699978646
-20.82424292690038
-16.86977481913569
-11.566912045611373
-5.325918087712433
1.3428794744304375
7.871520751513852
13.68873605810334
18.280559486849345
21.24912619396942
22.360736018676132
21.57525253670742
19.051387945718826
15.125938830823497
10.269063818271002
5.021914394272237
-0.07361244123017287
-4.54197378255142
-8.027980648548343
-10.330291704293595
-11.410697616128015
-11.379940021697147
-10.464691358965378
-8.962504774193173
-7.192079374561606
-5.445896192642922
-3.9515514111119683
-2.846629020593942
-2.1696951894622907
-1.8673773977063786
-1.8148138487563081
-1.8446979276874254
-1.779604334291865
-1.4630638837489744
-0.7858434553195254
0.29547216108014024
1.7498790229403458
3.4744746483764555
5.307541310935185
7.049936206728591
8.49139128940693
9.437913818837883
9.73673732339125
9.296047823351033
8.097746466126985
6.202338273559483
3.7454073205591123
0.9256226378868333
-2.0146667733681416
-4.814032110820596
-7.219136062694341
-9.01200173162175
-10.034716738820318
-10.208144641964854
-9.541229842112946
-8.129388779132118
-6.142923923925371
-3.8075322214208787
-1.3790161752390984
0.8857445682071374
2.7591286124647234
4.071030855718016
4.730835318359451
4.739194866979477
4.1871290059369946
3.2420027500149873
2.122130293392896
1.063313655454333
0.2814729935258393
-0.06364748576687923
0.1022120697042806
0.7515557081876366
1.7563534900464095
2.9078826144287016
3.952421031487433
4.636829192633223
4.755996417437782
4.193327921094364
2.946205592083503
1.1308839879696513
-1.0346776945915046
-3.266914483519436
-5.264622890695739
-6.7595694606525285
-7.560440082467195
-7.582338487294517
-6.85656071895232
-5.519043995500146
-3.780594732163408
-1.886078467915353
-0.07132928409325907
1.4742433748622121
2.6330779545567924
3.3689191458269585
3.7196192389648104
3.776317204109736
3.654789717894367
3.465734680893605
3.2899019192402656
3.1621381569851863
3.0666953797259944
2.944549833059224
2.7112304224460493
2.281200050689326
1.593356039118399
0.6319907975087042
-0.5615443682258572
-1.8891068322841746
-3.207861126085514
-4.351867224141304
-5.159318061965796
-5.500513449307748
-5.301266989624534
-4.557180367798338
-3.335961478826572
-1.7673708396063053
-0.023118885734323726
1.708705097291559
3.2492257344180286
4.4496066526995826
5.204165139617767
5.455440987326875
5.193127572164036
4.449411584270076
3.292509661668431
1.8193284431903798
0.14795795151242838
-1.5892468352801634
-3.251780969969949
-4.697157380715176
-5.788557373558154
-6.405080096724396
-6.4547536142684425
-5.888886656111879
-4.714894179120725
-3.004451243917166
-0.894178425131092
1.4233910812925619
3.7190969919716013
5.754509505722847
7.313003572445002
8.229179646562185
8.411368771408299
7.853146090657773
6.6315657151545695
4.892008336215017
2.8222354300374306
0.6209772207192246
-1.5318086602388155
-3.496045163362547
-5.179891761698318
-6.535592353108997
-7.5463794205745405
-8.209117942228236
-8.517383684613755
-8.449596338473873
-7.96601924236641
-7.016171187747068
-5.555370100580082
-3.5669233997922944
-1.084972807288849
1.78777063376282
4.872625593382982
7.921126645915412
10.635392160350921
12.700865057134923
13.827689979207141
13.79516410137835
12.492262240504605
9.946985108432274
6.338321714775769
1.9868479577990503
-2.676512388201628
-7.160016048930719
-10.972184244260918
-13.685945461324215
-14.996731997043286
-14.765776151886104
-13.041613239057554
-10.056185528440722
-6.195744910433747
-1.9498399534322273
2.1553142643346748
5.629583100288879
8.086576891639957
9.295901083060116
9.212154466297061
7.9760911299005155
5.8874344397762375
3.353463524274814
0.821684432231683
-1.2923432761960971
-2.670131885305554
-3.137704102445661
-2.687892231199466
-1.4745700778396524
0.2192336986289377
2.03326568590086
3.5932644942117493
4.575207663115517
4.759719949060669
4.067092211752704
2.56742302167474
0.46559591400248407
-1.9350714704152279
-4.2838662719683125
-6.239688427490406
-7.524292125863024
-7.962797814870744
-7.505243771917072
-6.226984417511173
-4.309856753684346
-2.009224958189647
0.38623161576384174
2.5950813846854546
4.378474988859972
5.56644503840294
6.073146866277113
5.900767583558644
5.133065629530959
3.919917581753004
2.454624890422545
0.9468999358330165
-0.40433814522269623
-1.4345626857302578
-2.031623300389705
-2.147452125278942
-1.802900812634379
-1.0849067108970323
-0.1354945904055114
0.8670521219570514
1.7331736676516425
2.289939831321831
2.4076634710309643
2.021040945466151
1.1414790552591954
-0.14159250558809303
-1.6713092003600636
-3.244802880610163
-4.641992319526789
-5.6567406982804505
-6.125692139656733
-5.951278713419746
-5.116293188782592
-3.688174082691094
-1.8121113622402523
0.3068534289218136
2.43106489558789
4.322887693902051
5.776897673027853
6.646044287300258
6.858445550369383
6.42365810960502
5.4282293326788595
4.021093693871836
2.390869063981174
0.7385737103236071
-0.7501776544382844
-1.9296352464941349
-2.711704820370967
-3.074459838946542
-3.0597569957613233
-2.760120004543901
-2.297581282692257
-1.7991913742196002
-1.3743424365088057
-1.0978755465424759
-1.0009223874858681
-1.0697630876460855
-1.2521623705641083
-1.4700357293026118
-1.6365045906257558
-1.6746637823912855
-1.5346120134669141
-1.2046591943283684
-0.7133834868985627
-0.12199005442440373
0.4903592084099072
1.043999017810936
1.4751517726628542
1.7486614810094903
1.8652909227461514
1.861861057947754
1.8030763787159974
1.7660042134913871
1.8205967290546572
2.0106675780756005
2.3395674824226607
2.763981607649729
3.1975332718003537
3.5236994079769968
3.6159268787321315
3.3616110286323844
2.6852731443139
1.565818959890308
0.044347782614772555
-1.7783015751906244
-3.753125902230154
-5.701465484439324
-7.437237169487865
-8.789014290448527
-9.618406683818266
-9.832168304444698
-9.386828122486081
-8.286454947346495
-6.575697774806044
-4.330894851340404
-1.6520879905482322
1.341872067231302
4.514380630553088
7.708894462116902
10.745067540767998
13.416062684616985
15.491222699417769
16.72830038322173
16.897419691597662
15.815192497945887
13.383437151807229
9.624646818447742
4.706245012472708
-1.0529004274925593
-7.197641762121341
-13.17402315081815
-18.386285141130795
-22.267227821265976
-24.352562735520106
-24.34784636842213
-22.176669125290065
-18.001271143264475
-12.211122617672212
-5.379969290077736
1.8035209700886552
8.622034360075991
14.419646620466334
18.681032319590138
21.087370189259264
21.54157032021755
20.16180507170922
17.247937350332442
13.228820928165526
8.599496004352108
3.8570003596658515
-0.5572776724089153
-4.301857319143617
-7.160991695973203
-9.050040959241915
-10.002110037713415
-10.140868804119465
-9.646299943362775
-8.720297637959108
-7.5574300020652645
-6.323240731436407
-5.139865568517528
-4.0781497383476255
-3.1563937618777236
-2.346343697290847
-1.5863277040205128
-0.8000911754956578
0.08169616048080151
1.1014789900401498
2.26050263541372
3.512828906462681
4.768482695059494
5.904902350826437
6.7848502950265095
7.2783976197465865
7.286004780444542
6.758979127269551
5.713250361850454
4.232958447364488
2.461919048036669
0.5835563707494519
-1.2072175790539112
-2.7345980263727987
-3.868785176021505
-4.54391709938861
-4.7639249176195815
-4.5958802352525225
-4.152689097947966
-3.56874422879946
-2.9734853065175586
-2.4681956144159396
-2.1103296483554828
-1.9075851517264764
-1.8218138885191273
-1.7814534347644513
-1.6999767030791446
-1.4963925458870488
-1.1130537838668142
-0.5267952134327494
0.24860786916035552
1.1678517464212326
2.163873363063976
3.1578498216804674
4.0670222625270736
4.8100690891780244
5.3111300491645785
5.504149905471859
5.338788180331549
4.787970265884187
3.855914764995776
2.5845326410393645
1.0558646053564023
-0.611056450994292
-2.2694585285121653
-3.7598714079754916
-4.929799344954479
-5.655844660763326
-5.864845142445953
-5.549397102639486
-4.7729861027825615
-3.6617970233403336
-2.3838924697033024
-1.1202112507545752
-0.033786872689545236
0.7568362063807487
1.1956030580819705
1.295569944306213
1.1329481102319239
0.8294046106558218
0.5259096292949296
0.3536445847364638
0.4083662864286519
0.7333528230903322
1.3132207890403642
2.078274226344094
2.9176642059304383
3.6988788723623967
4.290167669157736
4.5817158806973675
4.5015473807215685
4.023685883027244
3.168399864097367
1.9960380471834247
0.5965544762997962
-0.923052163062839
-2.4511529954999247
-3.881948082702184
-5.123070089382168
-6.100129353204691
-6.758119537768755
-7.060015620745247
-6.983952974098544
-6.520878115331168
-5.673962071030857
-4.460127738897865
-2.9131890893175525
-1.0875432737045216
0.9387456583220619
3.062784121588193
5.159057250498644
7.085721373459504
8.694371298739572
9.841919214588213
10.403327719803297
10.284335959679762
9.433350848974344
7.85134242321374
5.598515758948643
2.7967549928043742
-0.3731630166183045
-3.68058464896823
-6.860746923072302
-9.63698382395685
-11.74797084900431
-12.977227586918898
-13.180859935058313
-12.309081162388518
-10.417658885451752
-7.666877850325102
-4.307430574080926
-0.6544427517688555
2.9475615352374
6.1645564086262254
8.712386051953514
10.389557543389026
11.098110907144147
10.84968873772972
9.756922342173793
8.012308690669805
5.857928965125016
3.550333657872012
1.3258235970579673
-0.6281582787829227
-2.190733418115305
-3.3124880207683587
-4.008946312862038
-4.345688488602382
-4.4184184581425745
-4.331272857146144
-4.176788425393384
-4.020719383985446
-3.8937384973496387
-3.7903162991958874
-3.6738975929573345
-3.487096800300312
-3.1651679164983237
-2.650400272766001
-1.9051617968775483
-0.9220618452270309
0.26980163623143855
1.603627330506988
2.9797143353485267
4.276215859679765
5.364189149670667
6.124387021049025
6.463513925265174
6.328066258315392
5.7136392429735166
4.667721270375657
3.28518707377645
1.696971847152343
0.0532541225330624
-1.496514946481422
-2.8233556481052173
-3.8346675550174654
-4.483485626999283
-4.76966911100991
-4.7332559521491815
-4.441922974150419
-3.9757907653205775
-3.4128948542093527
-2.8174518308173875
-2.2318303261865595
-1.672952481606427
-1.13406035400993
-0.5919821837241235
-0.018279292920239706
0.6085433109299562
1.2926248099651378
2.0146289617540405
2.7316431365295597
3.3830847389213408
3.900674368041829
4.219838737407504
4.290475548389488
4.085667695550237
3.607014905173245
2.88542829876414
1.9772425754994067
0.9567151260155025
-0.09352299137793325
-1.0925576656937341
-1.9704685408559515
-2.6755639284380877
-3.17843970019921
-3.472196730983222
-3.5692317351010097
-3.4958197413587544
-3.2855857589487996
-2.9727380164317823
-2.586257897922036
-2.1463776807791795
-1.663959581830406
-1.142406146848945
-0.581255748429995
0.019452963202559403
0.6549298815171734
1.3122115775633896
1.9681300212101385
2.589246007685228
3.1341506405106188
3.557847480067467
3.8171087310764538
3.875600392315346
3.7083142047489606
3.3053645327318932
2.6748997505893435
1.8445011302437622
0.8605123257463662
-0.2149517503032748
-1.3089925658885762
-2.343995835133933
-3.243864718456947
-3.9398764725387094
-4.375837729359609
-4.512358493727881
-4.330243394414249
-3.833116074661905
-3.049315581279737
-2.032620593775114
-0.860769572001314
0.36919498352515673
1.548914933903687
2.569257799114339
3.332176711083208
3.762677979258202
3.81948739712314
3.5023663772562297
2.8540536975966777
1.956181450046737
0.9199991009287741
-0.1268629917461405
-1.0562972239507875
-1.7563270096392265
-2.145910368615826
-2.185823394266215
-1.884262748870628
-1.2962939840567662
-0.5167793751231685
0.33271468284096173
1.1213811000357097
1.7282761944431486
2.059847775187938
2.0629894547490926
1.731558958188886
1.1054842542350234
0.2631645589131339
-0.6906658682730881
-1.6390016118742692
-2.4665275175697823
-3.0722452805953973
-3.3800887258797907
-3.3469716829870158
-2.9674303851256285
-2.2740692045848454
-1.333707844563429
-0.23982473672511842
0.8976184221395257
1.963673003317348
2.8503716148431826
3.4686901843952014
3.7594241227440257
3.7011472639221723
3.3133770151162856
2.653684249646991
1.808868442424132
0.8818540487221764
-0.02345814916965342
-0.8171258085783445
-1.4353670571576433
-1.8475857228695916
-2.056836794566
-2.094034264423655
-2.007600054595421
-1.8508664755606916
-1.6698330501816678
-1.4939605262629496
-1.3318597713759734
-1.1723119188242095
-0.9900196356347437
-0.7546869376106525
-0.4412301761359905
-0.03873341240359498
0.4436984829824485
0.9752062323174362
1.5057070216546702
1.9721629500042905
2.3077046118806788
2.4524174601304978
2.3642047244896798
2.0279469745225907
1.4613636268319754
0.7162969462612044
-0.12550044488539508
-0.9621605726584096
-1.6858135650533128
-2.1985996099966605
-2.4277746257900357
-2.337471874747068
-1.9353109272497424
-1.2725547154899246
-0.43739101241062556
0.4575152951670941
1.290754527239989
1.9484810097480578
2.339033668351323
2.404354597949762
2.127286038792355
1.534008907757491
0.6913029275997066
-0.3009291784237976
-1.3210598494102528
-2.2400283926474587
-2.9370116285962236
-3.314769061348525
-3.3129877447438902
-2.917578315639253
-2.163772345746008
-1.1319694023668885
0.06290731415573905
1.2863822006498071
2.4011609941649996
3.2834820963831097
3.8374502073472234
4.005844920938015
3.7759400868823354
3.1794363307605114
2.28680407470337
1.1975155612889588
0.028057742876908872
-1.1007783255705779
-2.0763218846723968
-2.8052190069366225
-3.222522957498207
-3.298191803270047
-3.040655643435641
-2.496791791722875
-1.747493398941959
-0.8983420158564938
-0.06568311090158181
0.6402007147932741
1.1317372858239167
1.3572932820501713
1.308926683129706
1.0239008073366531
0.5796178962808561
0.08165119587435887
-0.3545240160803792
-0.625340703839841
-0.6596401411313273
-0.4327392725446372
0.029115587888002
0.6543330411393364
1.3397906461202116
1.9694927757140566
2.434018130566557
2.647395806366924
2.5593198868819913
2.1614667366251314
1.4873448569284675
0.6059981220924973
-0.3891105735804482
-1.3938307834786718
-2.3071321010616486
-3.042829472217216
-3.537752715824961
-3.755649504154947
-3.687058891086374
-3.3462697389447285
-2.7667832596700754
-1.9963527610888079
-1.0921555360731452
-0.1164188831929316
0.8672231981663856
1.7965484074695053
2.6130414696757405
3.2643923769941994
3.707835228842888
3.9139758390919432
3.8697242293881957
3.5791900839674553
3.0625875726895795
2.3538660427195666
1.4976631294379181
0.5460445341784964
-0.4445304027977354
-1.4158020346882159
-2.309892263471735
-3.071220641040377
-3.648520854143532
-3.9975982769385756
-4.085263566903973
-3.8940087009443265
-3.4262421674413512
-2.7070048664323956
-1.784565418058495
-0.7284603347417586
0.3754066861272682
1.432753463406588
2.3514963500916117
3.053229424511704
3.4831100145809177
3.616180571821783
3.459339510961137
3.0490615125725036
2.4455348032683206
1.7241369801546773
0.9652125367779487
0.2433366712344847
-0.38240290996834364
-0.8753875115964151
-1.224180654618348
-1.4402974452786317
-1.5516346442852704
-1.5931699067612999
-1.59705173176865
-1.584293644001505
-1.5599276246922007
-1.512751548720375
-1.419836102543431
-1.2548990599813283
-0.9987196612459542
-0.6489229878749119
-0.22591882870597985
0.2276484570267792
0.6544677030261392
0.994972066204151
1.2009018643605014
1.2467349953084512
1.136867083340192
0.9071508341058068
0.6200276015139559
0.3535316367811241
0.18565324524009327
0.1767183114456395
0.3534612432908428
0.6987498439438635
1.1500539169938049
1.6079760470244344
1.953875643474439
2.073241104094788
1.8797833476788064
1.3349760587917878
0.45894932738739896
-0.6692704873416787
-1.9217896761964735
-3.139869635614536
-4.156844117810425
-4.8226163578012144
-5.026109057788047
-4.711942834772296
-3.8885406167273833
-2.6267649850283314
-1.0501032714884648
0.6814957971363056
2.391569846606059
3.9079915524969286
5.081852967733663
5.8021868800044425
6.005315530056899
5.678569298311854
4.85900348882337
3.6282709729926834
2.1045918548310043
0.43209765903020864
-1.2324798624760376
-2.7353058905509324
-3.9416259986706903
-4.750339684493453
-5.104712497547207
-4.997727798116937
-4.471430947126088
-3.6103031966309964
-2.5294082694306406
-1.3587978008607262
-0.22619116066688208
0.7597392904040408
1.5229095889414799
2.027748082132207
2.2799532564338545
2.320088490913031
2.2116419153548548
2.026246662070048
1.8289756569591267
1.66629654584182
1.5587857870281152
1.4998720691154617
1.4604755737232915
1.3979470071404163
1.266914167712149
1.0296359754455997
0.6640423793144334
0.168517332879199
-0.43692131333509115
-1.1132025051192105
-1.8081107268206995
-2.46393061395336
-3.0246062541096044
-3.4406284750266183
-3.670969091235145
-3.6829570933669116
-3.4522525196847207
-2.96463027447524
-2.2195643405125747
-1.2345251059687075
-0.04888031842232284
1.2735830072262184
2.644416711149997
3.9533765158406737
5.075377383345905
5.882247497273908
6.258492780093108
6.118516996070327
5.4221734789902305
4.185984239629114
2.487949947075286
0.4645247479958894
-1.7007274078613939
-3.7961207852583225
-5.606413175107761
-6.939364928714745
-7.649828492134961
-7.657396883699815
-6.955324167359407
-5.610434200394664
-3.7551181851575133
-1.5729169142457968
0.7207518030405637
2.9007451919659757
4.754982693075854
6.1059189457088765
6.828906356868532
6.8654876629231465
6.229966399434941
5.008411544442517
3.3499392036159343
1.450593550185294
-0.4692224873472174
-2.191670922857593
-3.5292057729229303
-4.348705090833056
-4.5878582165537605
-4.26097610186369
-3.4537232931974953
-2.308464041050079
-1.0026202320780249
0.27735180636051526
1.3625973623758594
2.124351445442592
2.488284328032813
2.4389129503234406
2.014904994759194
1.298160043942729
0.400003897948281
-0.553331053767074
-1.435254308212428
-2.1331885731775397
-2.5616337235347317
-2.6715343473359914
-2.45378256326055
-1.9367018353818486
-1.1794093774473149
-0.26340828009770145
0.7162588555601902
1.6601233196073877
2.4737679378375685
3.077286011957283
3.4138036989273775
3.455868688209978
3.208481835294549
2.707741491228143
2.0145949635687983
1.204379120138798
0.3544282946523147
-0.4671268050257857
-1.20888618555206
-1.8391297985652717
-2.3446271339649214
-2.72621853147453
-2.992221876470426
-3.1511306298657384
-3.205341562066603
-3.147475299276992
-2.9604656949016492
-2.6218253783498535
-2.111378244753529
-1.4208462200662852
-0.5629952373165787
0.4224032011188551
1.4681820029113322
2.486159433413369
3.379734542728084
4.059926761384595
4.460440251137234
4.547534116005419
4.322496008099162
3.817339569591167
3.086513512671693
2.1976327040400947
1.2229038923400588
0.23162284704481556
-0.7162396053576596
-1.574845492623802
-2.314556172467709
-2.9205405463331817
-3.3887262415087003
-3.720998106923441
-3.921210623858152
-3.9924495342387734
-3.935169261470006
-3.7458063858062425
-3.415970303446137
-2.9328036622679825
-2.2813506611761882
-1.4496736353740467
-0.4366631877889581
0.7388501647049058
2.030046188452797
3.3577889345570138
4.612615847208312
5.664704418524396
6.3811456481744235
6.647265312075676
6.387641595714222
5.582858556662137
4.278723988962577
2.5855480843496825
0.6666814815080407
-1.2824903642570564
-3.062009712044994
-4.496456051439997
-5.460030848090942
-5.892803369656068
-5.805498669988794
-5.272644378538503
-4.415805614241622
-3.38001829735301
-2.3078732675465705
-1.3166335783635084
-0.48309135444660284
0.16146846548274188
0.6266815512737103
0.9516076508696268
1.189830174514591
1.3942968783998249
1.6047323317869913
1.840152314394494
2.0976591101938715
2.3565818356292305
2.585602029659893
2.7505195834825455
2.8212279782345435
2.777137900560723
2.6103603815900907
2.326195014477558
1.9411158987134653
1.4788879181682395
0.9656471086150319
0.42500048239383986
-0.12592831577129024
-0.6789086806052759
-1.2347078671000533
-1.8001137906482823
-2.3821456255357973
-2.980914105776861
-3.582893378157346
-4.156276015856456
-4.649867205053277
-4.9961985430068925
-5.118632106665678
-4.94181103606939
-4.404421688041456
-3.4723960353140653
-2.150034118519202
-0.4867582090405915
1.4219963106447815
3.440449216051086
5.40441761895439
7.1379751350798655
8.472432827491263
9.265259444067798
9.416813742538881
8.882823489520073
7.680772067896053
5.889018665738229
3.6385045886295337
1.098321877874711
-1.5420515880358852
-4.090465142290617
-6.367356518301445
-8.21783490356529
-9.520876306706512
-10.195969288838713
-10.207233351994322
-9.564835374014617
-8.323509034943669
-6.57812358380064
-4.456392009471958
-2.108813344082338
0.30363958922903467
2.622472922160615
4.703163112179489
6.424122242980955
7.693316298513386
8.452830423145695
8.681120450176358
8.392434481026319
7.633333489949956
6.477037549612166
5.016606710375615
3.3576337655802067
1.6109215598013735
-0.11449534533800548
-1.7181098154267618
-3.1147850049189882
-4.24107315183925
-5.059372690975122
-5.558658258112575
-5.751918864215084
-5.671150718630128
-5.360458057520641
-4.8679133206035905
-4.237778605244244
-3.505117511874979
-2.6939295992490533
-1.8187607392833052
-0.8891790052832877
0.0838791516317058
1.0814482556554368
2.071471985766025
3.0071086006883303
3.8294069840153426
4.474019990729694
4.880381376517714
5.001411765039503
4.812260614304552
4.317020087188165
3.552233935874291
2.5857833963716597
1.5101212314143881
0.4300585907075839
-0.5529719026114938
-1.3568958012465706
-1.9317807336351123
-2.2667701090924823
-2.3895654311595744
-2.358380863150398
-2.2481840533884223
-2.134241975605561
-2.0761963609928356
-2.1056156382177877
-2.2193713999134466
-2.38027167998034
-2.525078160033482
-2.5782325877849757
-2.468049378475278
-2.14175104925584
-1.5764334117161263
-0.7843311941273873
0.18775299829009892
1.2638897465020404
2.3480005195810856
3.335136674512378
4.123984274435775
4.6293647067216375
4.79305284363791
4.591211160055278
4.037442036011432
3.1812524531879505
2.102249023329673
0.9008759358030886
-0.31301659767542095
-1.4322507582271677
-2.363654496312886
-3.0375948013674923
-3.414643535560776
-3.488062099744795
-3.2815377325844897
-2.8434082593852263
-2.239566366061095
-1.5464015013562036
-0.843782781769257
-0.20755216099536591
0.2984270920264152
0.6295176444763413
0.7653030433709589
0.7115467049940434
0.49916285309611647
0.1803193203640013
-0.17827407891459116
-0.5042975851714858
-0.7295740292198137
-0.79906247171109
-0.6780642156551207
-0.35705238836031744
0.1464449818180153
0.7892120039512953
1.5065384540912263
2.2183910004882668
2.837125087031737
3.2769243302395794
3.4648661003422654
3.352282730130725
2.924099505806583
2.2038255975007366
1.2526075452709768
0.16182525282634144
-0.9600502206621166
-2.0041689671038396
-2.8780438656555827
-3.5184473395036826
-3.897659316198157
-4.021966721686291
-3.9231646534160536
-3.6456390409561497
-3.232741778778481
-2.7161857229563116
-2.111225216084247
-1.4185500832254538
-0.6317531020605573
0.25190178678619557
1.2198043884563252
2.2340695860720996
3.226696845671188
4.102841158791503
4.75295901776285
5.071629315486331
4.978767475480964
4.43825465686557
3.4699685242291416
2.1533253142264432
0.6219218865196599
-0.9508851726932325
-2.3750136798447263
-3.472804195744813
-4.109171157657178
-4.2161275389354165
-3.8057963125120233
-2.9688372637558786
-1.8586455351005473
-0.6644712871324654
0.4213394213148322
1.2355008793140103
1.6691659824890048
1.682501192999642
1.3071120616406378
0.6369301222704352
-0.19052535007487523
-1.0194739241846735
-1.7035679481189592
-2.130591189561217
-2.238738066516224
-2.0212923154684845
-1.5203592625285085
-0.8132292843342787
0.004426309764531643
0.8351009857973146
1.5933458221343686
2.2156001667507286
2.6651398450542887
2.9315345649776234
3.024800950434027
2.966123942830824
2.778413031349757
2.479797091186242
2.0813613616461213
1.5882924126067013
1.0028045396620047
0.32798241867277894
-0.42752197979253936
-1.2443813416998137
-2.088498269456777
-2.9095425387849416
-3.6430184306506117
-4.216016623980815
-4.556126573557772
-4.602132898146702
-4.314748695268728
-3.685902554667283
-2.744937462104734
-1.5595281348584271
-0.22979152487427643
1.1237808018140918
2.376143186644376
3.4143792212567914
4.152412248304339
4.541231952115555
4.573161569691349
4.279847691350243
3.7243455250518003
2.988568011700591
2.1587390189367226
1.3122672144580243
0.508773059938047
-0.21367098695330744
-0.8375237742271315
-1.3611457502434563
-1.79187589867693
-2.1380783053951613
-2.401643545545124
-2.5731344490262393
-2.6318785097546975
-2.551719418608002
-2.3106596328642843
-1.9010117479987352
-1.3367952595646455
-0.6566428630857088
0.07787409722906367
0.7879415964192593
1.3865580367763328
1.7898300489938253
1.9289225803844998
1.7612142154124888
1.279631243238876
0.5193035891904613
-0.4396089120007772
-1.4747235470946385
-2.431815547953806
-3.1433409285076763
-3.4531701761330797
-3.243383349440804
-2.4580691216934643
-1.1196488264274624
0.665391656619436
2.71316357866383
4.781705835010193
6.601015961331255
7.909583117444422
8.49194372114155
8.211377932431594
7.032268056579948
5.028246437499688
2.3748444761676937
-0.6719615303394637
-3.807667579973574
-6.7164912243620725
-9.108516115252195
-10.752030880942364
-11.497402042632483
-11.289889872402727
-10.170202311136919
-8.263472465693908
-5.759479855910267
-2.888372711132145
0.10403503152181258
2.9787129474197145
5.522311073441653
7.562034225619677
8.976399701290623
9.701769498485698
9.734255073999277
9.126417678541229
7.978543188298354
6.425165699696653
4.6186665071646535
2.712720025599177
0.8482607879905302
-0.8566984440759784
-2.313432838706346
-3.4655938217129676
-4.289617185276072
-4.7928571351822615
-5.009389477282969
-4.99337181372438
-4.810449733059946
-4.528267527229337
-4.207189450293712
-3.8919657940189327
-3.6048699587557267
-3.3412967782631844
-3.069368703650261
-2.734794323868549
-2.271138153503016
-1.614354756033917
-0.7192283938251818
0.42540286689573725
1.7858448804559515
3.279913017701235
4.782278319070436
6.1390817904526385
7.189973357250761
7.793457622955833
7.850173830416204
7.31949165528468
6.226942990466067
4.66186455628257
2.7657576477979755
0.7132094618887592
-1.3111116825836975
-3.1349833955458037
-4.616908315436333
-5.658264141469198
-6.209479165979456
-6.2712352093535495
-5.891322917010624
-5.157484189150587
-4.186973590842547
-3.1139612649551864
-2.075651054915216
-1.1973873195152476
-0.5770916761092012
-0.27054463846795024
-0.28020576846909423
-0.5503667884663885
-0.9707083547808765
-1.3891266628680188
-1.6330146905348388
-1.5365540715212291
-0.9703539719701136
0.13126379416542674
1.7504693200301706
3.7778365251916206
6.0182626199951015
8.211050936899408
10.061952528413578
11.28251904903018
11.630581545258547
10.945658900493477
9.174234642986653
6.381747133851603
2.7504841411559937
-1.435614641010383
-5.817451835813248
-9.996142830140894
-13.573802238693093
-16.195377942809195
-17.586846890714067
-17.585383314877713
-16.15810471715845
-13.407511504058082
-9.563176283566492
-4.960310294079832
-0.006847505055778571
4.857996644549609
9.209336410810836
12.681142071076634
15.00430364554339
16.033441530908284
15.758851639157028
14.301651023883291
11.892371869640975
8.835882147351604
5.468167999450278
2.1123705206775143
-0.9584355702750679
-3.546211427919385
-5.53827556086806
-6.903558063708578
-7.677648688773565
-7.940936690928199
-7.794701327215617
-7.339867247516713
-6.662273244244165
-5.826477773172966
-4.877552112579937
-3.847979007250493
-2.765873772665746
-1.6614714802654953
-0.570148687984068
0.468581479288243
1.4154574755169866
2.2373569209243978
2.9121431104636386
3.430395025077783
3.7934348427498708
4.008705973129659
4.084422284550608
4.025422075460609
3.8316687264752436
3.5000970723902225
3.029722850137337
2.4288992611228366
1.722051767706822
0.9522328299766827
0.17715493368780252
-0.5402831791482721
-1.143277782014576
-1.5907129029405662
-1.8637355250333618
-1.969353734321541
-1.9406269412032413
-1.8321570975971246
-1.7100271311925384
-1.6373999801104033
-1.659449121067595
-1.7920417147445515
-2.0168800228859634
-2.2833940450372583
-2.51656311849547
-2.629756615171145
-2.5411561419171216
-2.19107618257237
-1.5564741043336108
-0.6589470892717938
0.436043270119472
1.628248753051866
2.796852585982849
3.815759785836771
4.56727762530339
4.953935788199308
4.90953575321322
4.409733534292506
3.480806006001492
2.204235371159605
0.7143648025089224
-0.813300880551196
-2.1837901279251963
-3.2119263896602654
-3.7536742898846374
-3.7326347220118024
-3.1559213846612084
-2.1165662406756067
-0.7823420707370713
0.6272055227320457
1.8724272811017537
2.730052577196905
3.02978726442298
2.685237526424213
1.7129028408569873
0.2342832027611839
-1.5404390189407942
-3.34418194612256
-4.893968747750616
-5.9341441170202875
-6.275387785008844
-5.823796451021864
-4.595496499373854
-2.714461161376874
-0.3940314867121512
2.094355351517868
4.459211249372985
6.427110639386048
7.775649343812867
8.35814021486202
8.11828666908068
7.093789164608357
5.408724265418588
3.255992544751077
0.8726662355092794
-1.4881308773144812
-3.5852408359030243
-5.214607249224803
-6.230061300392212
-6.558934070030382
-6.210739770122389
-5.276054319819107
-3.913588077842393
-2.326500087047505
-0.7322060125190705
0.668815296254845
1.720465511423483
2.331088885896672
2.483090408104743
2.2299152357710126
1.6806453609086436
0.9760868462152935
0.26243452835073217
-0.33228315367650757
-0.7160907485699084
-0.8435711618334132
-0.7173682711743642
-0.3802768659476395
0.09929843726736336
0.6430954241774092
1.1753604832579392
1.63059869217705
1.9581046348362887
2.124891573350608
2.117131553311384
1.9390879451715552
1.6094580900564934
1.1568829068120283
0.6165335545400972
0.027988198150377255
-0.5668608045935131
-1.1270320101940592
-1.6166942739679098
-2.00906454179877
-2.288409323390831
-2.4495182488985465
-2.495187734504478
-2.432688456515516
-2.2699726576903387
-2.0123303230589986
-1.6604583408222704
-1.210915274218491
-0.659531634703934
-0.007747010933482999
0.72902344058454
1.5132654360822912
2.281028998495526
2.9446602914556284
3.4037621935362465
3.562989170673483
3.353468166118481
2.7534395974614134
1.80278830071483
0.6060819959691973
-0.6790043977681791
-1.8663409925259529
-2.773243431206863
-3.252535163491571
-3.218958043667302
-2.6659910876755903
-1.6707086683891683
-0.3855265999847089
0.9831202795450457
2.207259062174993
3.076243179306403
3.4343876120576886
3.209027171098458
2.423006712627482
1.1897357209128645
-0.3071815400411707
-1.8451439436491974
-3.198746201371072
-4.174707379081234
-4.639592011917985
-4.536154064119922
-3.8870205118405456
-2.7868270589043527
-1.3852337348430936
0.13606490037500563
1.5890391134472093
2.8045055684970848
3.653526980851445
4.062082799164986
4.0171869721585045
3.564199322456358
2.796578906878784
1.8403155874275563
0.8354751872014194
-0.0829415633634179
-0.8027869771333507
-1.2491709283377566
-1.3935037719748515
-1.2557074790534968
-0.8993256949725927
-0.42062959848431203
0.06642542681914428
0.4475514190109265
0.6261207874231491
0.5396584739884511
0.1718376617052218
-0.44290769160913307
-1.223480927285916
-2.05417023861758
-2.802229371061893
-3.3377266869948863
-3.5524039301481105
-3.3750988486298628
-2.7825280601825217
-1.804824430268782
-0.5248136785445038
0.929855800751753
2.4011294273523043
3.7196315280915933
4.726236386366788
5.293455430272533
5.343314770123157
4.858801701031231
3.887190271325341
2.5345964176543814
0.9522176349572253
-0.6836648411631835
-2.1945750577403778
-3.422169586518136
-4.247039653848331
-4.601533797994708
-4.4749827761583525
-3.9110289881819553
-2.9982198061163765
-1.8561242936815863
-0.619430582243813
0.5780147075055844
1.6174831096743463
2.406214244053544
2.883838219994171
3.0245744799285923
2.8359764160977745
2.3550157598580275
1.642501296904403
0.7769324442456187
-0.1517412530763004
-1.0489427142304912
-1.823494231817709
-2.3964526883683552
-2.709281876454954
-2.7298344070452587
-2.4552986887744592
-1.911941836517442
-1.152023258992107
-0.24861839821481183
0.7109484065120896
1.6326368715857154
2.42388124701211
3.0019697042391362
3.301952763516163
3.2835585573946764
2.936785711325062
2.285508348619892
1.3880057175142524
0.33357982555910765
-0.7649900466171713
-1.7829632729353808
-2.5983899553217102
-3.1085509553957054
-3.2456626629313767
-2.988944694852918
-2.370482419800051
-1.4733400114853261
-0.4218131389118139
0.634786216435966
1.5426394486746484
2.165925939792696
2.408329438457619
2.2295355950496614
1.6530996022547273
0.7640139353992457
-0.3036316609606444
-1.387011391552161
-2.31975200792912
-2.957514597491746
-3.199112774075475
-2.999501801644721
-2.3733698742482985
-1.390300226096795
-0.16357635422594094
1.1653185367274483
2.444822514038639
3.532187784268082
4.310618357881245
4.701862773840957
4.6723470608564135
4.232709240258206
3.4322560198213368
2.350368973258292
1.0863120373040849
-0.2515465204730072
-1.5557669573403272
-2.7276423907929415
-3.6823038672807864
-4.35228834307273
-4.691227422380653
-4.677920842727731
-4.3195118324618855
-3.652610332740964
-2.7420944653759305
-1.6774013754892243
-0.565839367709006
0.47744526791696906
1.3428305801828424
1.941922150002713
2.222986680270823
2.182360574694726
1.8682913023582617
1.3751449105198474
0.8282610134782689
0.3621898225227182
0.09658493346902614
0.11431233001315079
0.44568639797418147
1.0614813831860628
1.875911005809893
2.7594386234312616
3.559704267738183
4.126894945090185
4.338595224876488
4.119345039426897
3.451379056629425
2.3748781386460944
0.9783409076186986
-0.6181092624832115
-2.282077177230223
-3.8863057987309495
-5.321212585836021
-6.501850358404421
-7.3696848628983265
-7.8898980199775455
-8.045479194801697
-7.829928701307056
-7.240502729449751
-6.273778805833549
-4.925165660524408
-3.1935221269031353
-1.090750537060122
1.345622412450198
4.040112071484316
6.870445776300286
9.664751060489513
12.20651131365381
14.248482610265262
15.535941811046479
15.837966815747158
14.982984643691484
12.89233773010453
9.604646409160239
5.285565866029324
0.22111882047593534
-5.2043433377900294
-10.542943313096147
-15.326953858155415
-19.116504077601377
-21.546380475471814
-22.366909920231706
-21.473408386320166
-18.91929834364459
-14.910767705285265
-9.784412722475576
-3.9718876842189457
2.043362555632015
7.772372449646673
12.765671341034286
16.65327903684081
19.17618271266998
20.20614063410222
19.751475432864677
17.94817977240422
15.037875373707582
11.336112987679654
7.1956382604025215
2.969357196072469
-1.0230570044677094
-4.52195778200891
-7.345752312644069
-9.39893805483353
-10.669986291588643
-11.219728188675884
-11.161805678556739
-10.638089650101817
-9.793167371311872
-8.752289154079888
-7.6063128664029485
-6.405475601842527
-5.161909052642948
-3.8592453159551545
-2.4666334278739313
-0.9542802786920606
0.6918154169529708
2.4578871400185585
4.295303371303282
6.120086382078435
7.819296479003258
9.263006411731194
10.31976617658104
10.873018108603487
10.835858554821874
10.162131643306573
8.85277263215743
6.9571688654762385
4.570107037128868
1.8256389407226254
-1.1106087056557195
-4.050086429481242
-6.791773363993796
-9.135696886770296
-10.89970581979829
-11.937862026599369
-12.157263020636975
-11.529822024946675
-10.096964796171216
-7.967341266094956
-5.308864929956931
-2.336053011771921
0.7073114121537973
3.5699944019950447
6.017755088034589
7.857217420451633
8.956008054593669
9.256542993545812
8.78135418444971
7.62895704849227
5.9608864526168635
3.9816430589249707
1.913783567204902
-0.028836432140344724
-1.6657156594514262
-2.8684545127154637
-3.5712110302379942
-3.7721427730861388
-3.526597385893896
-2.9340424686397046
-2.1211953847037264
-1.2236317879962055
-0.36814806717280657
0.3415924808666884
0.8339492347356856
1.071988847627665
1.0510644759846968
0.7933942994219859
0.34149653319689877
-0.24836786300856142
-0.9119706660643199
-1.5816229872178373
-2.18953294751662
-2.6706077653936746
-2.965330676825069
-3.02350690095615
-2.809741589428406
-2.3103630237085313
-1.539667823771224
-0.5428587312354111
0.6056858215377431
1.8086451597837903
2.9556704748532843
3.9359755162235532
4.652027390831199
5.031929531031883
5.037978741706285
4.669875397657559
3.962616887641505
2.9804185527057845
1.808398982898158
0.5431834836050942
-0.717044121701528
-1.882333144304027
-2.8792605668789735
-3.6562247966616575
-4.1848665384974675
-4.457824840283521
-4.48415645454574
-4.28435853620911
-3.886342078384012
-3.32238895969809
-2.626737851647753
-1.8341110120805735
-0.9795411847755321
-0.09895807616487023
0.7705117593492617
1.5912365823596881
2.326877259487046
2.944929887475421
3.41936665424496
3.732579623553444
3.8758758372429556
3.8483271097615073
3.6545851670014295
3.3025607047800096
2.8016886398918004
2.162434816169532
1.3975674436455563
0.5251041790248621
-0.4279079137951143
-1.4219958646181656
-2.403587514610292
-3.3063883988539837
-4.056448643233587
-4.580245161847925
-4.814290516465131
-4.714757485879463
-4.265543911585059
-3.4832001660726126
-2.417871084073147
-1.1502094591326246
0.21567255004052355
1.5628681812339749
2.7745048012535074
3.7465685830286306
4.399005980561336
4.6838557646423995
4.58919475838696
4.138369039425437
3.3853378844479316
2.407647179093687
1.298228736310016
0.1566731901529448
-0.9195847646711462
-1.8436781201057488
-2.546867382602767
-2.984802497440215
-3.141644421784846
-3.030887485507156
-2.69218938381219
-2.1845250328038976
-1.5768971148545572
-0.9383615369479051
-0.32919312064481643
0.20536386910784185
0.6380429990250068
0.9592047694411219
1.1735848348723383
1.2948537671837075
1.3392380731755342
1.3199768885085637
1.2444967616751714
1.115378812157747
0.9343187749992918
0.7066013187621568
0.44373371853317506
0.16355518812386963
-0.11137155530751296
-0.35609404368473757
-0.5460897034975494
-0.6608271269986356
-0.6879506937628583
-0.6273144864259353
-0.4937082500320498
-0.3167745108969064
-0.13668370845164274
0.0043219468453419415
0.0720842088544593
0.0490481718659818
-0.06127521952980219
-0.2349143550735817
-0.43275573423590263
-0.6088694422775767
-0.7193118018941265
-0.7292241663287135
-0.617559979303067
-0.38018708961187175
-0.03196099607584826
0.39281646744348275
0.8426917182745414
1.2547463370629983
1.5632703655718554
1.7100893645567912
1.6549337217496989
1.3841631891421116
0.9158365207865364
0.2993972762334106
-0.3903561273997677
-1.0638060695066727
-1.6295984870160631
-2.0082689986423077
-2.144461157236208
-2.0157503307269082
-1.6364351535036636
-1.055531952601667
-0.3492338923963189
0.3908193500102307
1.0711661903857268
1.609444086349546
1.944447915419531
2.042172432572803
1.8978991976525708
1.5349964044281208
1.0009237038588203
0.3608094409549687
-0.31071860592290546
-0.9383798889834436
-1.454583342622193
-1.8064112166193933
-1.960825233540404
-1.9076629635658355
-1.6598282421499255
-1.2504417546701698
-0.7274965439282084
-0.1471722116474122
0.4330124330762502
0.960511879833468
1.3931033262969474
1.7025169542617167
1.8754602798815991
1.9119330356375883
1.8218378153548915
1.6212372276369835
1.3290109459638395
0.9639984099550897
0.5426629355648543
0.07765569219227644
-0.4219730563566293
-0.9480638049158328
-1.488113393339394
-2.019183192473446
-2.503646570166395
-2.888844583019896
-3.111345251406625
-3.1055389740362602
-2.8156267148379386
-2.209175888797453
-1.2896180087134153
-0.10479758726363421
1.2510588232012334
2.6436851504124457
3.913482832367503
4.896709102376066
5.449647779727229
5.471286196993377
4.920269063641642
3.8234287882288127
2.2749818200373135
0.4268062769894025
-1.5288124505292993
-3.381789996345354
-4.929351287079579
-6.0003344754335854
-6.475483523956077
-6.301193408542949
-5.495157527426125
-4.143534148758662
-2.390417894387445
-0.4212063087537531
1.558238638726504
3.344505379048013
4.759006314832914
5.6669537106172445
5.990700837058283
5.716287852569833
4.892855016170522
3.6251222067949733
2.059747475100797
0.3672836722447664
-1.2776674956015321
-2.7153093627898754
-3.816283375257814
-4.492680640197434
-4.70382788887476
-4.456884497495808
-3.802706826745838
-2.827806268746963
-1.6436120366191997
-0.37442838789118754
0.8547159295480715
1.9295249436757076
2.7565277315077923
3.2709195360255485
3.4413285085508822
3.271191698878598
2.7968194913845337
2.0824271063685056
1.2126394406154553
0.2830967829653461
-0.610036286939297
-1.380399906919955
-1.9602100136321703
-2.3065625559243808
-2.4046448946914483
-2.267118346691181
-1.929478302187924
-1.4425303190709269
-0.8639854306728387
-0.25101166022687493
0.3450117801999709
0.8809806797257204
1.3221339628698905
1.6409065359543655
1.8161500977541862
1.8339155770493205
1.6898079270774167
1.3916145796199861
0.9605677850813761
0.4305151681553271
-0.15452577301601594
-0.7436188449448252
-1.2826859583244596
-1.7189010097713842
-2.005574760345492
-2.1071728402445125
-2.004018782237416
-1.69587434257446
-1.203269381886841
-0.5659609695647981
0.1608778543910361
0.9113787048618973
1.613796857111197
2.195720952489361
2.5902618530306443
2.7432544786097
2.620777754470441
2.2156631949371075
1.5516183862221162
0.6842248873933839
-0.30174164677435616
-1.2995530307339644
-2.1925848890138138
-2.86978245511536
-3.2418349421986763
-3.254984911028005
-2.899905473412394
-2.214257649791588
-1.278586141316383
-0.20588511744700208
0.873809379756485
1.831200164962633
2.5548718242122095
2.9653321818224403
3.0242548018710895
2.737942881647403
2.154775152782315
1.35703299666064
0.4481948171799537
-0.46222765484494344
-1.2734370543634255
-1.9049089634385077
-2.303059026762248
-2.4429814107171492
-2.326617938648318
-1.978905988101705
-1.4428416685312944
-0.7741134189975727
-0.03595032422677995
0.7054923270300801
1.385271996415044
1.9434660554669179
2.3287627504531065
2.5020591612547016
2.440318225924665
2.1404141908609864
1.6219156323956303
0.927688313139846
0.12172652049051969
-0.71617638613206
-1.4990617012312595
-2.1438062923719565
-2.5824534408244886
-2.771835187253461
-2.7000940756477925
-2.389062056191792
-1.8915523780865031
-1.2830303048995555
-0.6481581406788323
-0.06441084159820014
0.41323730221427113
0.7621267201706236
0.9936357075780986
1.1470651712425528
1.2777453522719107
1.4417667166286499
1.6797986768479265
2.0031322726371608
2.3856633924504766
2.7645843094382077
3.0499874761658745
3.1409870558263444
2.9447973056267207
2.395611254979706
1.4709856008097026
0.20344281472394618
-1.3156062553384327
-2.9420406331942166
-4.495512624180421
-5.78368328722414
-6.629773326406723
-6.898615081212266
-6.517283651075943
-5.487585700870203
-3.8886334562204676
-1.8688629517947097
0.3716023760374186
2.6057837605472653
4.607973654946917
6.18032357926047
7.173832327683478
7.502110144351243
7.148248601762126
6.165245176268871
4.66981094740744
2.8294761390738445
0.8438683428150099
-1.0777465773540844
-2.7398129395367152
-3.9819008191288225
-4.695941192308506
-4.837740965400335
-4.431789518493955
-3.5687546318026997
-2.395475325980137
-1.097752410649585
0.12300355224627182
1.0769758659153679
1.613644875693575
1.6463950158962648
1.1703038978898375
0.2689528301106287
-0.893342572173856
-2.0948332306647526
-3.092237836709215
-3.6630294784322475
-3.646350518303287
-2.9748851636214053
-1.691329665697054
0.05428617351096944
2.026610286831318
3.942979618035924
5.521075385202282
6.5275308929490565
6.817959830276364
6.360223382029361
5.236257497937191
3.6227015344774327
1.7552925010983746
-0.1151121558877523
-1.7661877448321048
-3.0393152417102973
-3.859776207663923
-4.238498570055885
-4.256032468259543
-4.03354775788986
-3.6984488684244745
-3.353038825548175
-3.0532746669454536
-2.801442352575762
-2.5529785781422603
-2.234886520982174
-1.771192113154104
-1.1095020942877136
-0.24241065599005862
0.781516177672699
1.8604592749098503
2.8562593138294217
3.6225482561833564
4.037685854090487
4.034217225672696
3.617501148082506
2.869301257000831
1.9356266714588475
1.0009203610548412
0.25297694269449955
-0.15518694745255424
-0.13921184284441307
0.29421199595472564
1.0420285239819314
1.9188334919747543
2.68837199706265
3.107012573805222
2.971097672273538
2.1589335801063227
0.6591214583578817
-1.4200966091894007
-3.8618048785881633
-6.369184703831671
-8.606784013673384
-10.247575933829264
-11.01878351712297
-10.740011210838224
-9.348866547335223
-6.911645589788219
-3.6187664248768048
0.23409494919026044
4.277396129132879
8.10871891523457
11.338662282056925
13.63553351432281
14.762889479826484
14.605504671472588
13.181199585378902
10.637645770644449
7.234741812618547
3.314578289931221
-0.737485794353936
-4.535918513729729
-7.737146420708342
-10.075790538529278
-11.390738892084974
-11.63809752843566
-10.889970906681738
-9.32005268022933
-7.178529171197598
-4.7594378679585105
-2.3636536511208575
-0.2607623739017242
1.346247375539068
2.3483681727374557
2.7444138791544064
2.6373223409317283
2.212591213117512
1.7023808786690104
1.3413653633826903
1.3216854921144845
1.7547670740194503
2.6468994189929527
3.8931166239376815
5.290909345332898
6.572257260825004
7.449433371100371
7.667338064937289
7.053291507298738
5.554708816155295
3.2567316177365475
0.3758577222021291
-2.7695061738839604
-5.806370436083689
-8.36403903629767
-10.130508946545147
-10.898580453526202
-10.594168298094536
-9.283046771031598
-7.1562008606149385
-4.497278623176824
-1.6383171540402952
1.0884050273651793
3.3946799379080415
5.0708849493360155
6.006862131671892
6.197392448844388
5.732771469288869
4.777098230684463
3.538336718699285
2.235038252910953
1.0647306516822568
0.17836404307254652
-0.3358939137617697
-0.45802424703768024
-0.23156633093073573
0.24854103625864787
0.8533243081999019
1.4402596409977149
1.874452446728992
2.0478259000212375
1.893871015191546
1.395864427005212
0.5871837523157094
-0.45596109432929227
-1.6271555403382698
-2.804769850845136
-3.866690348277918
-4.702887563271959
-5.224746348140148
-5.37110120300062
-5.1118098401728735
-4.449873524103174
-3.4223582291557633
-2.0994089278059596
-0.5804691336397783
1.0126095356400184
2.545367856040585
3.8830759982903595
4.904879848945222
5.518226465838291
5.671344513085512
5.361409081676833
4.636339190104076
3.5892044267421057
2.3460092824718757
1.0491506737951128
-0.16070592552734547
-1.1619425336582816
-1.866797396694454
-2.232422716510344
-2.2667376114606728
-2.0274435215404685
-1.6133252646676757
-1.1483480489923485
-0.760405204812846
-0.5577416413230238
-0.6071169707582529
-0.9184558657003794
-1.4401619181421303
-2.066723232829716
-2.657066688170299
-3.060376613694355
-3.145394666617947
-2.828238760361968
-2.0931542429225938
-1.0012683016829054
0.3158222503312192
1.6777026568276954
2.887927187746391
3.7707690060186607
4.204295960105288
4.1434505040415734
3.6288453117030235
2.7794052311263724
1.7696355137742315
0.7952300768985027
0.0336869198731815
-0.39162582936569224
-0.4361595797433389
-0.14280501855051767
0.3667492250429358
0.9162385219828664
1.310576976012686
1.3767350415537405
1.0017557466438722
0.16001420405869138
-1.0763720528859053
-2.5466761457706255
-4.028477377585906
-5.2766315795843
-6.066489218906104
-6.2333362819776905
-5.701070640693748
-4.495415772205076
-2.7402657828152375
-0.6387767181179771
1.5573458607172201
3.585765393640997
5.212744262149159
6.266660400013138
6.659360085626681
6.39201604969803
5.546350129988635
4.265131933153123
2.7270399122019575
1.1205708595825015
-0.37967013001770517
-1.6321377362461778
-2.54111401305961
-3.0615289720732943
-3.1958853841386174
-2.9857163189875844
-2.5010720902289205
-1.8305544149214594
-1.0729264555067393
-0.3302701133272556
0.29849208048306763
0.7256129221402176
0.8849266861820267
0.7432431105256682
0.30970817081105534
-0.3600728219516518
-1.1672967894014317
-1.9810350124627925
-2.656056276468273
-3.055300208780256
-3.0736447130848026
-2.6583590688104004
-1.8216195037718599
-0.6420152515239174
0.745767946823857
2.1716492658747533
3.457706087829767
4.447196325017584
5.028787686098116
5.15096647143761
4.824732215867182
4.115666745049601
3.1279071179852727
1.9832077655123628
0.7991519230858041
-0.3288308144467435
-1.3376936764270106
-2.197416055292838
-2.9030945397819496
-3.4621944273329186
-3.8818579302165457
-4.16015142532927
-4.282935877007475
-4.226188696967834
-3.962576727754253
-3.470631179465777
-2.744611178235159
-1.8028212357226419
-0.6920755983238851
0.5134103966301213
1.7191346933388536
2.8220454765784666
3.72399242616317
4.343974972081661
4.627663593462685
4.553932121465743
4.138262544365928
3.4322445519581533
2.518109779596377
1.498115486593275
0.4802913320113035
-0.43653419829017676
-1.1753877273878037
-1.689667276500785
-1.966969826110679
-2.0278392022594476
-1.9191235520913834
-1.7030946624312986
-1.445307943544984
-1.2043067038942115
-1.024666519052175
-0.9332585213055524
-0.938131997678008
-1.0296574955518085
-1.1835842661505265
-1.365309550720164
-1.5344414531711454
-1.6489037355346825
-1.6681774048654134
-1.555570314268885
-1.2797671149877499
-0.8165562198977769
-0.1521722729852539
0.7106573040066695
1.744337341889975
2.8880540501846848
4.043232504302089
5.076547089669064
5.832594237472121
6.15566988766785
5.9172031178210736
5.043395111893111
3.537333416177628
1.4908998008607262
-0.9167572125176061
-3.4356764594398093
-5.775515168557997
-7.645970236362383
-8.800487493966912
-9.075331608047055
-8.41685045804167
-6.892004023888887
-4.6802231466114605
-2.047985140951465
0.6895573283506752
3.213712662393997
5.247131772079029
6.591317613239681
7.150666454348377
6.9392528985271245
6.069796702277162
4.727905638768765
3.137570012728064
1.5245606005590724
0.0832903329824287
-1.0484438428365066
-1.803371835186119
-2.1856187641741527
-2.259340486322512
-2.128058996143451
-1.9090240604562263
-1.7077437266767364
-1.5975393779747433
-1.6073522710992278
-1.7190135519788776
-1.8736174293023122
-1.9855404949565574
-1.9618909525922428
-1.7243691014460567
-1.229534557613099
-0.4831299233063371
0.4550485553152357
1.47758062198243
2.4466117638272173
3.2183710352670225
3.669451315139179
3.7190017644757036
3.342501977916671
2.5753181246126338
1.506615433316927
0.2656885899722459
-0.9965041073655375
-2.1277397396224553
-2.9944078964030325
-3.4985765827081807
-3.589798720570893
-3.269750577362715
-2.5893836534480266
-1.6399705594208769
-0.5402310805115926
0.5785895560803
1.5884630174885432
2.3797825080317843
2.8740152325945205
3.031924739012405
2.8565164611506955
2.3906801951079086
1.709850439975339
0.9104580642668018
0.09556572353386025
-0.6403975207615868
-1.225452040197787
-1.6199022967624273
-1.820097159980724
-1.8550914252862702
-1.7766972426617689
-1.6450810084304914
-1.5131300611571323
-1.4128013249096334
-1.3461422873641984
-1.2831881943968044
-1.1680930366903197
-0.9331816747970878
-0.5183555295586204
0.10869375000441257
0.9366264917398688
1.9030137821497632
2.8973942443691048
3.7750867003968804
4.380361322456902
4.575406602729524
4.269136261345992
3.4389695432308742
2.140377836308684
0.50226601612744
-1.2905351923546207
-3.0242288484046456
-4.487937666060445
-5.505291074191648
-5.959992144873972
-5.810395262096989
-5.090852162615047
-3.9011768375206244
-2.388039901198806
-0.7225838749632665
0.9221116762980205
2.390874434646587
3.5615288830056264
4.354020948803651
4.733258475901374
4.706318186856186
4.315466411027915
3.6286830500209857
2.7292335630782425
1.7056846861983859
0.643609534661933
-0.38024384102571374
-1.3014383722848333
-2.0697146121964995
-2.649669315225001
-3.0202267906941094
-3.1731148279609847
-3.1109394164454836
-2.8454471642746673
-2.396501016916702
-1.7921724112749038
-1.069780953517528
-0.2769664102332653
0.5284021856327067
1.2803700432646958
1.9094323270262585
2.34935460627681
2.545875649176226
2.4663344121450246
2.108241006629334
1.504250550191194
0.7218812515641935
-0.142172312948786
-0.9725987209302057
-1.6502444954879827
-2.069723787077603
-2.157210045504567
-1.8848495779382
-1.2784009873429698
-0.41623369328946536
0.5799564481449435
1.560964199325522
2.3705018484198344
2.8680275533373987
2.950834296326915
2.5718949560967412
1.7507245077137448
0.5754742572136331
-0.8048852418233767
-2.1985398687798665
-3.397568637548282
-4.209807909681274
-4.490275678314788
-4.166237938915272
-3.2515729089984364
-1.8483529014869473
-0.13525914306012637
1.6561431233184047
3.2743098749288237
4.484872657681051
5.106237143720563
5.038215365718463
4.279329847725126
2.9297414522239045
1.1784716049976065
-0.7239348648837387
-2.5032030003341683
-3.9031397080406056
-4.724248958257163
-4.852917223829082
-4.27717529552298
-3.0874104312919393
-1.4622660857957361
0.358215014857802
2.1082408467873304
3.535382557955763
4.437239082133095
4.690020572726094
4.264875152802578
3.2300329047144816
1.738951926389796
0.006494140929432184
-1.7230247676961494
-3.210829988967298
-4.256642459437277
-4.725375571721982
-4.56433558259473
-3.8087098861210316
-2.5745456926910153
-1.0402820681539526
0.5801807602896443
2.068538821216802
3.232648532178243
3.9325719127982546
4.098826664266754
3.7402178062407314
2.9397470924021207
1.8390316004543625
0.6138355408268463
-0.5550069453631085
-1.51010687408012
-2.140462938372327
-2.3951886049995426
-2.286372629200623
-1.8813127314658216
-1.2860813385508745
-0.6238849411853192
-0.012451752842474049
0.4554393188791532
0.7248693234436081
0.7831044374002684
0.6555088362484551
0.39522538519392403
0.06968771217023877
-0.25292249080083035
-0.514650548315603
-0.6747235046388763
-0.7123529792733828
-0.626022261441933
-0.4302273547773626
-0.15090254454539515
