Beta
0.008612950788305453
0.04022914336897833
0.070817909882984
0.05798692464173892
-0.005758170502724189
-0.22109293339944705
-0.6576425157856369
-0.7391760009844912
0.4045049218654942
2.132772519545026
2.0343423642850444
-0.9089397946212167
-3.772021729443151
-2.589694853137005
2.1221261611570688
5.071915117432942
2.4462054888926192
-3.2427512049715195
-5.979868432655955
-2.974762046811983
2.6611245794210476
5.5192802265696495
3.38699210596394
-0.8178024973725658
-2.644728048405953
-1.4318293482225897
-0.4756411993972467
-1.505159706167168
-1.9162936239972697
0.6758036299275978
4.001009053954114
3.851812247560152
-0.3510358600667378
-4.50859375786413
-3.964414660974776
1.2945700873202466
5.452671489518547
2.7839239186988687
-4.410368180193967
-7.012865231330051
-0.7000776851091921
7.167042305385787
6.625031468077072
-1.4089759246151972
-6.371653817888702
-2.45831661727037
3.74920088044333
2.672352176112917
-4.627993592886222
-7.199615180524355
0.7125435128376044
10.418844392077387
9.431154448468652
-1.625763332892846
-9.841153254069793
-7.294479242708541
0.20284136057841115
3.433843456449505
1.8504906263119623
1.1446132876167132
3.028567837959398
3.2065965436838746
-0.7789206440387564
-5.0609918335979085
-5.010669463415481
-1.15874611075668
2.8384291619190076
4.533133644239776
3.148143811869337
-0.6738042853936057
-3.874439838025464
-3.064570762174683
0.7714485482884593
2.8612616844300716
1.332088066063684
-0.5405025695252865
-0.383588335304187
-0.3630151110119519
-2.2149580770052477
-3.0556417466558132
0.28042865478118234
5.379703374565281
6.209616955641211
0.5397291860089434
-6.53281628731863
-7.541102861277888
-1.295016503501815
5.197986479352956
5.451132127655296
1.4140738458527848
-1.2337887023692218
-1.8783239455307192
-2.937739263927073
-2.951601957592175
0.63617029704157
4.55893317192327
3.337572070492675
-1.5414849759952547
-3.102613792814307
0.4526422931180573
2.8812603328469577
-0.44840245184783206
-5.068257297734501
-3.5839543540891126
3.124815628145509
6.400083661344899
2.2450517007832507
-2.937556237103161
-2.7290841414604285
-0.25675556998322546
-1.0194784811212674
-2.4045972656143553
1.0216200237714508
6.2559327627723
5.224322124933961
-2.5615149259186043
-8.759354479056183
-7.252452599698835
-0.2673833899910715
6.520135691083001
9.506307388181892
7.090514687520204
-0.5742471180756052
-9.101258956738555
-11.150459536268952
-4.308809979758957
4.530355312500469
6.979043571532046
3.6502990706956027
1.6293439207695983
2.5861904419361377
0.7909925094268083
-5.382025980354769
-8.393030119229355
-3.135471300975527
4.003035421610088
4.834646187877939
1.548811666079348
1.1296053169295366
3.0226076532442376
1.2276267936411291
-4.104477274690709
-5.905236184216714
-1.6161966953647857
2.332126325478475
0.9327033834971913
-1.3876515589850595
0.9664622181519622
4.543109050024245
2.7766712639816946
-2.2938325556354378
-3.134058279537889
0.6535356931905729
1.710194957916127
-2.637900748453779
-5.308614406007897
-0.25080376186925957
7.321026257821902
7.287024334586722
-1.0483961851351014
-7.79334968949834
-6.171596205959291
-0.23526612187130158
3.4615660694813246
4.289719146797121
3.728158957974389
0.6792504567713834
-4.072427355937597
-5.13810657748054
-0.09635791532839072
5.073997527225283
3.6143286267749195
-2.519134919541335
-5.715251399780462
-2.8049991709555386
2.423493981533335
5.337992793839965
4.642860008323946
0.9471651038672463
-4.156185294657187
-6.947545078092558
-4.09378850960419
2.2984151646533455
6.0452794318990195
4.411044458490728
0.6064526540891595
-1.769475229439482
-2.630238428595472
-2.8923428495248795
-2.0954661812696287
0.05503598160324681
2.3888226316527383
3.3521874764277406
2.2266674071540584
-0.4068998160178309
-2.8142300391947437
-3.1696405106938714
-0.9376521329684908
2.1238768086058313
2.701740445700385
-0.12992071252317472
-2.3162426504866622
0.03679807925323784
3.7710210657268153
2.3230702285066593
-3.7755226856200066
-6.396462628299638
-1.5399330271559766
4.71110537569303
5.267752304719377
1.297467814803614
-1.8412975072638569
-2.6810322683215126
-2.68701498624587
-1.4543806467815383
1.7024056469113353
4.00430055589681
2.2429273681824347
-1.7408218130969113
-3.096066378964802
-0.8509639211959287
1.239986278936448
0.7471972645142344
-0.43539139903011614
-0.2568832224239604
0.23173429832519316
-0.02674051543175507
0.20956112256614706
1.1233064474880086
0.5992238823689245
-1.3579239131161702
-1.6974958714607995
0.25865414915324375
1.1408206367415015
-0.6424036772080078
-1.6263908763581527
1.0865203401088175
4.216333200423662
2.600519427613975
-2.789654937018065
-5.760286911144465
-3.1535297821964496
1.9077948578897086
4.858335773855348
4.017085083829925
0.12910795741041795
-4.347092470334187
-5.257030912526407
-0.5306718252749877
5.413453109966599
5.502312266997868
-0.7273794253909234
-5.834935889039072
-4.0921065199890325
1.3582225004257924
3.7244115087544447
1.8129685625345255
-0.09622660469305058
0.12177311188185659
-0.0442733511330343
-2.0437076721673457
-2.8490782557395375
-0.18064236408081077
2.6828027066815596
1.8743349066459165
-0.5293940304574302
-0.3731594468123391
1.3131565682273063
0.6776847408824284
-2.055714545864334
-3.190740734942414
-1.1061570014801059
2.1929632419874103
3.63201889113405
1.8074222631361665
-1.5739528018209985
-3.1278779329094006
-1.6320908491840957
0.7245145731615527
1.630187738460013
1.266773558914567
0.6732839281647315
-0.22034804222050947
-1.2238241745181715
-0.9086809848258925
0.5797708808283931
0.3918717733092371
-2.1546831911112787
-2.708176274067503
1.7135375595638145
6.312035849077687
4.211302645759478
-2.8970629085080746
-6.30808594135203
-2.7833445812644397
1.4405335754252377
1.1564211624352572
-0.4185825245041569
1.11456193791658
3.137076536779484
1.24787553296328
-2.086900213113374
-1.5247263068185075
1.5930640893404617
1.3493640101824984
-2.7567830000188103
-4.876589441543369
-1.4778178281174288
4.062764934365551
6.029779940835071
2.8949021907099053
-1.760559121912193
-4.02821885693615
-3.622429682394941
-2.2398631019903803
-0.11826298485728104
3.096231414203721
5.200414159587334
3.022252085998565
-2.197853524357787
-4.840522499503581
-2.1713901646005156
1.7100831672311656
1.7203455139612198
-0.9965009481468143
-1.2926362993005747
1.6611292819473165
2.9532468104589813
-0.12782173052913828
-3.479039069248733
-2.22123614456051
2.1277489850796556
3.714830045048722
0.3151534640665866
-3.5644447940213455
-2.7841118560109726
1.340047280806484
3.274611734757945
1.1208765619078673
-1.7226133330754423
-1.8983838229024397
0.05354743903942641
1.173772877486797
0.30361395942326563
-0.2965670496101288
0.9575337972507191
1.4087697962000143
-1.3930130401690093
-4.109713706849756
-1.8735894203357755
3.6129275282837345
5.6711377260834634
1.6852904467081462
-3.860527157111924
-5.429701200258271
-2.2163453778921913
2.375376761141638
4.434713457129617
2.561637704347137
-0.8334807370576448
-1.8843374796337518
-0.4798804911795399
-0.6423891034683085
-3.3890883176951925
-3.4615397994940076
2.400791480652348
8.235092248567558
6.153475826637948
-2.122299706740837
-7.6812337950704945
-6.445058098359309
-2.133707019814036
1.600786810760365
4.918008701036191
7.134364917023884
5.0984743041094545
-1.3138142087934703
-7.1133819912229095
-7.983212815933905
-4.268475698408944
1.553822809736565
6.885293658810604
8.352734432075236
3.9689306835460725
-3.2959139768395285
-7.412536026202797
-5.514716260044343
-0.4926141611235119
2.8841898955256635
2.9378036043082774
1.6114716266925164
1.3371666292596913
2.13698851378298
1.4129524767900834
-2.5996802790789215
-6.794989041809198
-5.575950789163347
1.0869638450338681
5.987415466206319
4.268735936140948
0.5478673764650512
1.2763703862156153
3.5850120869076667
-0.10683988388307547
-7.903121330937076
-9.229723266762136
-1.074018447249501
6.79949147448505
5.778067705685842
-0.5983399453261178
-2.773343825482233
2.3402336358444757
7.703907844071357
4.795245447215541
-5.264051017644606
-12.443202252982433
-9.952530205320487
-1.0761106271063743
6.7370409829820455
9.489559475738016
7.232461610757533
1.8481740112701912
-3.425724487130641
-5.31709591303509
-3.6882549288233815
-1.455353511492168
-0.19208132725967403
1.361988628046427
3.3339708399757333
3.030758843150959
-0.6576065651502507
-4.291421738243285
-3.8226190874796795
0.47774000840198777
4.8371526049683125
6.057080050884672
3.60668506831454
-0.9484863033520374
-5.794512945543119
-9.774430724664771
-10.39013170301589
-3.4718344145091864
10.054997794816323
19.351467134479105
13.80429339562397
-2.2961668789851295
-13.638678882456393
-12.597830702939383
-5.5322924114251055
-0.3733217055218472
2.6472252602068367
5.821496437535252
7.448053232543694
4.722188560927388
-0.8400476592869277
-4.805361414958427
-5.092396245005666
-2.803090356061447
0.6266665782446061
3.5222491478254603
3.0674885314691647
-1.1758451815406101
-4.372538832186735
-1.7827839210887326
3.978019397981477
5.614327302388459
0.9089054701148799
-4.381876778825963
-4.430084494401096
-0.5552523546345038
1.958813759560193
1.5479503185724222
0.8400930750688822
0.9049698670011715
0.045560133582095326
-1.745331949885888
-2.0025674221032386
-0.06163716621956742
1.890385480938154
2.2771521284001985
1.290368289721936
-0.8670132826819641
-3.4969564726736353
-4.039615936853624
-0.7799837316196667
3.733046711314959
5.214566170179713
2.8995713771021334
-0.5032644530787851
-2.9953992847388253
-4.396811958331899
-4.065040058763343
-0.9184686943618435
3.6556590979805943
5.7015824906808685
3.176249927336979
-1.1802635740154201
-3.1850354689568086
-2.0968016326336585
-0.47115262484012366
-0.268021779163788
-0.8378035465058385
-0.4266259146325384
1.2969742421105532
2.5373369318910224
1.6550231182419068
-0.1729202959620315
-0.5323586499152406
-0.05922831967413219
-1.596870863448159
-4.203125838323136
-3.0076384582631097
2.760841314399581
6.9487929806375766
4.659952014282292
-1.3388503157491187
-5.129744913924583
-4.764930259399812
-2.255943966099514
0.7126247522297027
3.693838383778681
5.145726040329809
2.9762701458269567
-1.8334538060590977
-5.126341695458777
-4.039196282896695
0.17591763763280116
3.5669593656836316
2.9079300910885877
-0.8073202957184392
-2.696224336051972
-0.32907607647555565
2.3776730066088585
1.3888478746400998
-0.8939102379743877
-0.48731798396192155
0.7617843551726888
-1.0665039552064892
-3.9776848130178704
-2.560265248409169
2.998856892757145
6.367690747454864
3.529585472071906
-2.4761933028869083
-5.581774056345536
-3.059244251510737
1.9312894605238804
3.550806226587832
0.13348036753317422
-3.1677290576795953
-1.0825257699959483
3.9185973682675903
4.4972887457991995
-1.0569360856151482
-5.92834240389894
-4.223613472454172
1.173462229281004
3.8489068524902392
2.88800214131248
1.486742634495198
0.15399542539248723
-2.230074903343807
-3.5245768646229716
-1.3529093404317178
1.6535873903011116
1.7154600917231617
-0.15720098517392092
-0.8666645805008293
-0.09282341892984651
1.003337529815048
2.016016465940943
1.7972657395114342
-1.1831773419911564
-4.564688222647965
-2.8404911609175825
3.971678658081214
7.41811441761667
1.3539859926354836
-8.766886707711764
-11.902014224831284
-3.569460351708364
10.000784037465028
17.074315514278886
10.278520659285197
-5.543923853838043
-16.48982623815305
-13.356164798604453
-0.8360670486185278
8.93321036559264
9.299923357531613
3.166142267434943
-2.50352073696513
-2.965806487013274
0.958431260601548
3.335385956405171
-0.6724968491262089
-7.548758123255134
-7.965659001376143
1.0908600971901454
10.81833002772768
10.702683267813823
0.7054706408529879
-9.558744765891706
-10.97363536988002
-3.0587697656950734
6.00414507966924
8.088424747118614
3.697454968886377
-0.9651491091878708
-2.7806597962050934
-2.725230993956712
-1.8182084722751675
-0.7969010911305848
-0.2450908424250913
0.8460982218906765
2.64592972510447
2.2891489253169657
-0.9949960813749066
-2.7213692162737537
-0.275444976564955
2.2323132378907755
0.9519360106895528
-1.5837757084479922
-1.54442834267974
0.05338005141069593
0.314548878784494
-0.3323739455159932
0.06909415345758103
1.010976593124497
1.1114649157185854
0.6964690727933105
-0.1134692540156621
-1.7526854545618578
-2.08662368041145
1.051226962795661
3.787645108719091
0.48979094480431584
-5.6869893815696075
-5.316399162104201
3.0192989073464753
9.251005310530829
5.3649121428545605
-4.019155150724032
-8.332609752512562
-4.149540600456866
2.385047237611574
4.308126675324364
1.4526876141309972
-1.1127029549104985
-0.3415010417382672
1.2965151460168551
0.5835934834412345
-0.9201583245476092
-0.2764530870612604
0.41395905693624996
-2.1939361376213147
-4.556197103182593
-0.6006883145821778
6.8275892910590885
7.9275478726865884
0.010729912185899512
-7.957158645869209
-7.230344476682716
-0.13017471193589045
4.892451944265834
4.69402877766617
2.100651740192093
-1.2376918765278715
-4.934471555906233
-5.477918181999431
-0.11379453136351074
6.655303011237291
7.715515642932316
2.4957246504047457
-4.028207723594711
-8.00783300425394
-7.6284144283017925
-1.848736045119598
6.629945529978305
10.615947133328977
5.553751525276526
-4.034207407780148
-8.809338086617439
-4.972164272900063
2.1331520567210407
4.710541455457856
1.059083194474707
-2.984108465604047
-1.258196135069842
4.387796725771128
5.741413760209256
-0.6573692310992756
-7.950869998103003
-7.311785181468075
0.8325394475587187
7.344158450568935
5.739031052805349
-0.41578794637856786
-3.4271405498064205
-1.617171066918331
0.43667413402899247
-0.30935470866393006
-1.987503561657345
-1.690292448400477
0.8266246558391624
3.440680055166791
3.6744090262459213
0.7919081747328617
-2.856098636771321
-3.6739188411431543
-1.2240177299597128
0.8579506232884102
0.048826172825668854
-1.0328165094997384
1.1247684596899663
4.364640764756493
3.401726266459141
-1.5166873533535403
-4.400058150183387
-2.6866569871899495
-0.26155529755983076
0.008402728530455011
0.1227659302730934
1.6801487942820783
2.91677413000822
2.2877460590001157
0.24566764718860284
-2.3020126907805762
-4.003497411652121
-3.2790269007989052
-0.3399583966634766
3.0670871448144172
5.498974103603736
5.236320064472257
0.4464050419728909
-6.816884469146257
-9.642379135719393
-3.914360015396602
4.834728243120132
7.735874206150968
4.4006262546913995
1.5009850536972065
0.8737956023244654
-1.9673941106020718
-7.1952904075748005
-7.973112549226015
-1.232117227775142
6.388480260916073
7.587949481114633
3.491652578581577
-0.6901906094868717
-3.070022163010392
-3.625613161510715
-1.8169777803652023
0.4365627712370523
-0.03899571572883987
-1.6061991933767437
0.03557354627687432
3.7404701434976237
4.385159776754582
1.4010768596743075
-1.2081801871786664
-2.13471137189006
-3.6907062895625002
-5.7473659607002405
-4.112917526694671
2.9744376159812758
9.882975255120904
9.061894357559988
0.8712618220920452
-6.335933840459838
-6.717781622724791
-3.322755093174891
-1.910845044351203
-2.071407361005561
1.035166374961569
7.142515142085605
9.073057551532468
2.9625824513733545
-5.0975071536152585
-7.1884081085509
-3.8432134930845154
-0.8247463282163165
0.10322545481698513
1.0949403441920615
2.6205544630051825
3.4927727799684574
3.299209527679317
1.486047409558657
-2.280611534988882
-5.608008251064643
-5.241256284056403
-1.3158718705074028
3.2293235687346007
5.739810046071252
4.565137087912926
0.11337249831931734
-3.6213113066596865
-2.875604249041408
0.11369018959027632
0.0514970171388881
-3.0193781602855774
-3.641667800811107
0.7384596046932029
5.946180010551921
6.563747339816273
2.6221060353949435
-1.4760405717287655
-3.877995411525719
-6.4219410778839325
-7.705645742509115
-2.516303643680133
7.775186771692976
12.445503026798297
5.248364935005833
-5.59699781526712
-7.919952682279293
-1.6217334068298515
2.7838349500162756
-0.19093715478673645
-4.413763797417296
-2.683623263589071
3.2237765741184163
6.685961277058384
4.8084995046854075
-0.37699719386066516
-4.842345401886576
-5.076632526578508
-1.3298778940777833
1.884183526465182
1.5173248475771475
-0.005889480154851308
0.42572408378670307
1.5395857865251041
0.9695750583504161
-0.5481342597259158
-1.4479929472062218
-1.625927076681743
-0.6956983534281816
1.6921827376609728
3.154948471205581
0.707276377217468
-3.6023702854048727
-3.824251423169101
0.8531264373277918
3.490566336321257
0.3177347159181329
-2.189386708584226
1.8007409225466668
6.139543724753976
1.5734850415861608
-8.20979690511995
-9.779313261565413
0.3866182152785258
9.576807260381688
6.9366906404078374
-1.7518274704006005
-4.859305419727443
-1.4827680606394282
1.2736879247438344
0.5209243164868278
-0.731311651282527
-0.43412516735645956
-0.27381204573070056
-1.5475183100839793
-1.6651054454283065
1.9510259577382902
5.796442097554288
3.893928384632713
-2.238748947471299
-4.80170719363205
-2.181467394953277
-1.1238139909675149
-3.9748242273671557
-3.5132806963551735
4.70295099005607
12.660114015823673
9.362159693474233
-3.720726258700942
-13.434065870797122
-10.798598205402392
-0.5197826696395712
6.704054797975733
6.796388144518776
3.736149416901392
1.0612820541389532
-1.7461714147791252
-3.9000774660066475
-2.5483807605067628
0.20839416009975917
-0.7553776020056417
-2.639194562582543
1.691026939094456
7.6893480421682066
3.392204798284013
-7.479878213255724
-7.153717619114511
5.516514892690778
9.432008697104344
-3.405917152322756
-12.058537570859011
-1.5638502556175307
11.05887050179558
6.152376543250005
-5.571953528920308
-4.081700036489487
4.431810385476387
1.0221995229421197
-10.15601510066966
-8.481226780051726
7.150270373546238
15.513503481243575
5.967593264842384
-7.362031769168776
-8.61874184793517
-1.0765311303817628
2.5811320480537416
-0.553826287974028
-3.2889656572228376
-1.0035319906803974
3.299487745809013
4.783560218024929
2.6149879521634984
-0.6467200504178601
-2.7346863373002956
-2.8998226638965443
-1.3294226687439354
0.4306687701156735
0.2679896133454305
-1.2633934953885286
-0.6832926630985068
3.113010145539546
5.583054266824551
2.2108015397299448
-4.033244422047945
-5.816655799129155
-1.6937560630686603
2.090481206764275
0.8843582983994344
-1.9067786608436548
-0.22575015540232532
5.00369743287981
6.038417549798762
-0.43301192105972414
-7.197318786039962
-6.265510281563189
-0.049085300436964505
3.5943761178937614
3.1811543625711254
2.689541306554671
2.2844428928989116
-1.1837690363891682
-5.858859890434426
-5.445339076727137
1.117326558114475
6.710714003242359
4.9049351922396625
-1.741026813473835
-5.10715832521489
-1.9687446305720724
2.534307079207707
2.623332740718733
-0.7679397370775419
-2.7582030439552367
-1.5028723497290226
0.6454625566378349
1.445867058816864
1.609023205190838
2.5085152835140363
2.4155456422380257
-1.3981014129424676
-6.3167704057045695
-5.757031233313082
1.1693562170113334
7.1993173747313435
5.937507401150737
-1.1238658044248124
-6.788089408629927
-5.039886631196323
2.5073195394092016
7.08629936861036
3.000313759851659
-4.459474634850018
-5.8124050823105105
-0.004177500368000214
4.9600667205055675
3.306227742912926
-1.7028098530474796
-3.696202123703027
-1.6680959021626112
0.5916428463294827
0.8565987541261135
0.6849180353753893
1.6905385434236109
2.2555234947536347
0.19363728675365546
-2.2964484336627837
-1.0343528678570084
2.2095144862720812
0.7808549149422475
-5.793452848712228
-8.768151156077561
-1.7257264163424533
9.796046284566785
14.13611923686798
6.845496824017875
-5.081254129905592
-11.691811616389971
-9.60649644887984
-2.8025399271827416
2.9981110308327783
5.235927796880066
4.930124749664371
3.653815185788599
1.6268709700171011
-1.0065716609143875
-3.096921166574113
-3.6190709877976888
-2.5999261700678873
-0.7358113895404517
0.9074878447772307
1.2685157806818408
0.6091526075552691
0.8719749955712509
2.912477818054752
3.960476451701243
0.7981402860641714
-4.608899236052873
-6.527149397304814
-3.060205321924791
1.7248392531098444
3.8628714775795845
3.430636954505814
1.8598046986443804
-0.29726465094653937
-1.9373581263641864
-1.574240035934894
-0.0913017676617871
-0.13280850421240215
-1.6771523026986002
-1.4710704273922914
1.5623724397848566
3.697822858494335
1.6424187652733662
-2.250762051551904
-2.9484330520278608
0.27541729004909743
2.726964748844113
0.9421905068182705
-2.222172020883269
-2.0901925168935263
0.57637773622704
1.5333955473806542
0.3928318673447111
0.29682828639938147
1.301223987283954
0.09332176631670722
-3.2128157422157453
-3.6925890456756023
0.6643030352134847
4.851683969605406
4.044241719152404
0.25259044110943607
-2.2027395636471825
-2.9859018613850363
-3.3477073769968304
-2.2386778273053203
1.061982891605695
4.157295568268533
4.4665288024886936
2.300111433610915
-0.5945626425887879
-3.237511102382764
-5.152073526931099
-5.341760967147375
-2.285831553179474
4.272088078800004
10.482964973461199
9.724713782829378
0.3792477691331727
-9.871679478033954
-11.981688034216193
-5.791465306853626
1.8835314402856285
6.575266066696205
8.263893257659214
6.615427540006363
0.8429089845158343
-5.8921707306275355
-8.01868948762922
-4.478324110491733
0.38246769068454445
3.0377192310861987
3.761832542879171
3.5298501203527475
1.9590893377664889
-0.8352429060352451
-3.002522871306737
-2.9785373533065567
-1.4610507221654858
-0.14324012345736564
0.6081635031876303
1.622158996771867
2.9269931210595246
2.7667519099840185
-0.4885640532581342
-4.823459348214853
-5.129358404781651
0.06937095282042491
5.10602912225737
4.396088921970076
0.17075673378810663
-1.956271326826203
-1.7105333789058415
-2.151250929319509
-2.2392164963798917
0.8473222691317948
4.1748641311772525
2.240738233385391
-2.993329420258418
-3.561728572884556
1.9910779797733262
5.523895291692351
1.828568369942246
-3.26759113688594
-2.8356603146105277
-0.2151655296217892
-2.4292340781626907
-6.79601562634656
-3.8989237822668983
6.88391357122333
14.12304273971786
9.332387709663125
-2.039121844314681
-9.167213931842426
-9.375321709415694
-6.875072148300922
-3.1801614009853103
2.883643407091911
8.577207733498888
9.028236849977333
4.387628454540645
-0.9736824071274914
-4.5333606524413
-6.140916662528776
-5.361510256766697
-2.5623022745412154
0.1482184912911907
2.239096167965844
5.423855526301911
8.208962009312263
5.1436451062397435
-4.128128730313922
-10.855981221147188
-7.837756634574844
0.902681670642
6.383861852890764
5.923411700312014
2.9166119566840405
-0.3725281023469458
-3.758691408982786
-5.414145943550398
-3.0836707724449255
1.8143823946601312
5.262133129712891
4.830032541140264
0.899617928330372
-3.9076135610572758
-5.629584410626399
-2.5013970188292753
2.1899996143321077
3.8660016031666267
2.207691634187332
0.036640834293970276
-0.9707839327565533
-0.7805166537735253
-0.13835490446358467
-0.5950636503919428
-2.274921116052399
-2.24603167768979
1.3099210945639854
4.997289985049557
4.026949476846485
-1.0894066264665503
-4.889476412726109
-3.838455433994528
-0.16120013976387534
2.056908254250756
2.025555740969016
1.5912925634784958
1.4433284077064652
0.47952163363399386
-1.6922997354707094
-3.466820947605798
-2.783091812834934
0.4632758351680726
3.5391113813070105
3.1372167124701495
-0.28013115709535147
-1.9460303305038267
0.6927275534283791
3.090657342596991
-0.3261615008337243
-7.019833365559579
-8.527758798171506
-1.2059413140162432
9.284195767983057
13.92074013902699
8.3513326233741
-3.8317068132726306
-13.648554203298405
-13.62292306352991
-4.313988702816604
6.095752930185542
9.844495307462829
6.665098656813266
1.8773203557155635
-0.816257545520561
-2.047772815228786
-3.328497273482897
-4.104718131347562
-3.0685494471254744
-0.5860759379478112
1.6662725973279462
2.961315604975246
3.7744082412185995
3.705129111487407
1.267218569522632
-3.158875402844342
-6.0596185619691045
-4.444748117271741
0.25173728453778754
3.838486880949322
4.098910775550614
2.1099251428752024
-0.14137513575098015
-1.6496278128601078
-2.2826734476122343
-1.8294325985712028
-0.01638835847647016
1.83857019463733
1.1248415195533312
-1.7790896491701549
-2.422165526038349
1.175604279660589
4.573575377542945
3.2037870430098248
-1.2162197525628797
-3.903615566817371
-3.273874236856018
-1.2867401649876833
0.10777309642932703
0.8342574239414466
1.9395327832575495
3.6471969684324694
3.921139467494988
0.4016815829180962
-5.0381451548708664
-6.650002445999168
-2.2484525580013615
3.2962940708800565
4.787283420353321
2.7273845777693944
0.024987109018892367
-2.4111363822225957
-3.636326353313444
-1.2831890346754478
3.470651794506554
4.26271586782006
-1.5355446443391458
-6.48244613033294
-2.4748300067667595
6.505742065501394
8.622754063911218
0.4147193986258215
-8.582467970548361
-8.97551244036636
-2.378575942668868
3.9365509064491566
6.619679267923025
6.300261247244397
3.556913916409283
-0.8380843483242882
-4.750545656482365
-6.448046375160365
-5.770022710768351
-2.6225436257067045
3.0931451383057764
8.553090364980456
8.293755210298018
0.9165305062475396
-6.669164530631869
-6.4271178847440416
-0.22502413231380108
2.11450732874604
-2.2627717037310484
-3.8436414703405486
3.7572375126163826
11.014016075466136
5.710080764955917
-7.044896979256103
-11.150847678667661
-3.149724409961446
4.327764576304113
3.0388546851827014
-0.7256938342721573
0.23665087070735463
2.6797008721005295
1.106045213832466
-1.8585832809343183
-0.5840423107192954
3.107063547531182
2.076185273950752
-4.391883846859497
-7.74258303950723
-1.921305633551276
6.967789103814054
8.145196398181662
0.7216840959550914
-5.671276156238125
-4.486378007049109
0.15350146962938294
1.4341898455241477
-0.292649885466477
0.13525555148081342
3.4282264745230755
4.175698423813791
-0.7395887790186298
-6.232695104850258
-5.2302339495576025
1.2564055287959444
5.230892905787285
2.61316272417062
-2.0786362499836994
-2.7462490074015014
0.9593127980416415
4.305479888571761
2.771151773543504
-3.1509935259328516
-7.343157688396237
-4.283077650366715
3.6411061317655005
8.159716286004077
4.882692508729024
-2.177929481556421
-6.225396428828285
-4.738133950609855
-0.1875797386285972
3.5447958008971527
4.08061899938915
1.6753453461072514
-1.2539411603814998
-2.5206936428154254
-2.164199884492391
-1.1864113188356775
0.5004849100835957
2.822882925446681
3.57619969492975
0.8492984440331325
-3.1103095067210207
-3.925531864178072
-1.1500937757178107
1.2926908845990461
1.2950076621144704
1.1084059700270705
2.289343011379404
2.3365941291373415
-0.8878992071096966
-4.6177440712607565
-4.5299080613775615
-0.7558107576757596
2.937670178268768
4.542882301145471
4.3212307668042085
1.4663393775967866
-4.053056486378247
-7.306805205583753
-3.1512322608958137
4.67466471285998
6.598332062153247
0.49870665518742713
-5.15973318211851
-3.509016220575974
1.9716429527883836
4.047153063943006
1.5662797009078018
-1.3980908335545796
-2.3228425389281027
-1.791759313469287
-0.5096440110376892
1.4001386361241446
2.856852374416066
2.238612275357041
-0.5235899406693366
-3.3993282595908134
-3.8965728648863682
-1.2710373823237522
2.458587446775864
4.172735891845598
2.843814196508019
0.25267365499580086
-1.5941834549097467
-2.347002531873888
-2.5492654127718777
-2.296223368202071
-0.8943654815740599
2.0261540142225782
4.714208092327756
4.196630699937657
0.25199737174099096
-3.591058031551869
-4.317246067234346
-2.3530978806954255
0.4008016062424433
2.5573180595516467
2.8678854090326866
0.9173365799058125
-1.4257963858778875
-1.7093353144772787
0.054927863813471464
1.7056620180077644
1.4045201595101529
-1.0684382919054312
-3.8007602150621924
-3.455827858820426
1.0433842253766994
5.821115869586403
5.768334745862037
0.6949724429292382
-4.536703865934087
-5.697863071886951
-3.0640099389725557
0.4045826987077887
2.847617272509581
3.9599181068400453
2.903026637877441
-0.7908257489872416
-4.004658867694938
-2.372214024602565
2.639948290281145
4.11844803192927
-0.4488113127549949
-4.980641359318301
-3.629093140465623
1.154853587186096
3.3767756367224315
2.145894860399509
0.8006588015429027
0.3848491166092434
-0.7054614206722154
-2.0799046065863633
-1.5616359384387866
0.38562587754747024
1.107969009184699
0.37666364823029375
0.09135294103161803
-0.008187206769923593
-1.5447489483989527
-2.9478267133719402
-0.537436902063772
5.359883099978193
8.77616961772622
4.090488054666958
-6.710906530859762
-13.92495047379664
-9.629295440023736
2.692687826110114
11.384065770270938
9.760198309182988
2.316088248710252
-2.4575415858976104
-1.8997501823759233
-0.5721634054469512
-3.084554313190579
-7.207835085908799
-6.353939009548911
1.1267582994148777
8.67370783026494
9.236528056183312
3.4427144486339767
-2.4127791826999014
-4.52814685583079
-4.321813799716236
-3.8280048933077913
-2.3945631724628025
0.9675820479128328
4.564906775317407
5.266590388159537
2.219922270125923
-2.109186076554555
-4.4402663411623156
-2.958153785515536
1.5754389635126098
5.105634652825939
3.1727998185458137
-3.2470230383192096
-7.612900157097773
-5.188074397840435
1.990742691326298
8.035311741958994
8.591869209471488
3.226792401121191
-4.6817624563458535
-9.49871326860198
-7.394733301902439
-0.4228483876912351
5.291866522085176
6.185870590563462
3.9799803840653927
1.5514905834926465
-0.927177554821827
-4.197895306710321
-6.480050400703547
-4.513339466828324
1.98873263638459
8.395352971249427
8.515630241273815
0.8080526574460071
-8.431431159789325
-10.21277192309139
-2.802250705007741
5.813281785409165
7.487452262885284
3.0939404816977953
-0.7684055581980208
-1.2713615752941418
-1.2642204221126054
-3.020014604398164
-4.220038211562853
-1.392930699229718
4.152846393764207
6.325779185272637
1.8419593033839385
-4.386931579083257
-4.942919604402631
0.2991896391082678
4.043174283932582
1.5657645997998213
-2.7533199257561836
-1.9038744407916859
2.8502754597758475
3.4122861805252094
-2.340492648756342
-6.336193574305348
-2.052151776702908
5.507570574802914
6.604340225784049
0.3230831787481933
-4.767478659855405
-3.3461027497436993
0.23177404200749221
0.7244463517470406
-0.13096945285753075
1.0335340321347664
2.4523065193072475
0.8946589909708682
-2.2299196398216705
-2.8423644986920036
-0.16909552646607426
2.428079118821279
1.994057563067694
-0.6973356832276889
-2.4265059231811934
-1.1491981227948664
1.6870145500316442
2.5665946477046355
0.2065167202863688
-2.486357005563978
-2.100022112910209
0.7264905841342214
2.429499396909892
1.4154251180092432
-0.6588674846033944
-2.0349394627385213
-2.3169988959837915
-0.9918851641279695
2.1656064667706545
4.840130818090648
3.4806890779114377
-1.8282505467825747
-6.036963906724954
-4.811044147757703
-0.0635129827349913
3.0043047805971423
2.9176210636302593
2.2623903732180812
2.290481967224458
1.313595983660224
-1.675760132145659
-4.621240169874835
-4.537151391415768
-1.2409594181175085
2.343465474873438
3.7415256476827543
2.8904832677399597
0.7810109857687735
-1.1055820155534724
-1.0736627619678085
0.2294505821415856
-0.12339647666104875
-2.4913091973678965
-3.4171122369210116
-0.8390243366906471
3.023826764245254
4.826248488514821
3.3198491399998176
-0.5614855529444078
-4.371213118874638
-4.9708333313079125
-1.2259445685186503
3.5958887124133314
4.669822363254716
1.3897561422398579
-2.4604133187770016
-3.9436708421332343
-2.829650658633039
0.5082272165142514
4.614679680912064
5.738717457152942
1.6290513288539201
-4.399915819862032
-6.761849792343706
-3.9186601505422813
1.1133621984970368
4.7649401005570535
5.1098592071985935
2.248369172100082
-1.3682378849805878
-2.905653379573056
-2.314740283872175
-1.4717092164563397
-0.826045221738236
0.3663897462889285
1.6288418149548312
1.756597081585492
0.8568094342427597
0.14496130131794194
0.19064582755385198
0.27334768151429917
-0.5276370920047976
-1.979327595590636
-2.679876813819403
-1.366492232675563
1.5633037038782907
3.7412162832080194
2.9947412549539574
0.17730207080473362
-1.7256941647302315
-1.6970244093432494
-1.589596736285162
-2.2277521545528263
-1.5678811027316741
1.544971886712236
4.421167340397779
3.6752821671155784
-0.1904755828165252
-3.250325252311062
-2.7113260102562196
-0.05836065512494157
0.8242401696440713
-1.1489585437803893
-2.3422974119245
0.5790771033285067
5.061910858100671
5.206062190735824
-0.2057252362745866
-5.541595814836575
-5.401969715589226
-1.010183327468939
2.524377283664921
2.878867622498024
1.6250294610180376
0.45467474193931995
-0.4054837940659632
-0.8338719019909898
-0.7596872351539623
-0.9338811407807455
-1.452540873516008
-0.6371018148915777
2.0926826551552957
3.8328415878781694
1.785827575801218
-2.257122586069058
-4.071729243363408
-2.3352405502166174
0.5223795582570194
1.7616138723393016
1.2966293141592495
1.287934160433969
2.4954556216181656
2.143930240681077
-2.035979249610127
-6.58853893710062
-5.287594598077907
1.9496161653613755
7.285461931335827
4.778081679811125
-1.5460601681686823
-3.6876741810312867
-0.8892240302494675
0.8179390217886822
-1.155070473275601
-2.49720739274999
0.18978008570982685
3.4987867169432367
2.557770289154759
-1.1640009805069456
-2.2597581641051416
-0.0026542545189604276
1.1075845315013708
-0.6883026284841041
-1.8655483234854506
-0.14161637987427203
1.9233928854054363
1.5376435676478344
-0.2898427824499859
-0.9449190712087203
-0.05136987788434925
0.3484557811697752
-0.7289667873180061
-1.1033364831167058
0.9250577028503596
2.4072077371377865
-0.23633728750043073
-4.167920409370977
-3.2201520860669404
2.288632208188265
5.624865169246925
3.7323891879416555
0.1894067851337791
-2.2302394810942006
-4.590382714853709
-6.447352872376446
-4.263111482712882
2.6460362068476666
9.147639435049827
9.698444670436794
4.1101348154416515
-3.7082716339169046
-9.9285715090128
-11.513989428270305
-6.073773919560306
4.761403576501659
13.286410602876328
11.753182629684074
1.4372832218904446
-7.829642671828804
-8.91310979606449
-4.569521186293961
-0.9084739229614412
1.3869228724932197
4.363556410864939
6.036965880171116
3.1822947770272156
-1.9793236619404273
-4.157353416850464
-2.320030288043236
0.009723177020136864
0.3007845909872571
-0.644234858259574
-0.9557297815650561
0.10559989723918214
1.8178771613878444
2.616556791679707
1.5112127069634278
-0.6935239053873802
-2.2324415793167436
-2.154668068932664
-0.7302586823316297
1.053660687625601
2.1468293423004687
2.1652307759428417
1.0594594616870046
-1.363677120987079
-4.124656159264947
-4.677875761940358
-1.7304735889195904
2.85647262681755
5.936288848928661
5.566492770459297
1.8751014679521474
-2.803711300166854
-5.066099540929917
-3.5666974401512563
-0.6007251932115382
0.9812092756860249
1.099313744536269
0.9767160850012321
0.650109182668093
-0.04005254362997454
-0.28124410254431376
0.34415869391085646
1.0399342189860437
0.9324734414435452
-0.014442552535214691
-1.0374808830271407
-1.129007855782392
-0.28266583947365775
0.021759062317115344
-1.0342748548537892
-1.6698827542688213
0.03048657759115109
2.6047560568230925
3.0233166049520297
1.1179846230041721
-0.6971082296820846
-1.2469320965543833
-1.4014107257887074
-1.6490990102915193
-1.3327228019300517
-0.3184485837170766
0.5320898473900363
0.9943122846845475
1.942114296171416
3.1343930906737856
2.089921984244855
-2.3103365622529886
-5.986250939005957
-3.6757733075245134
2.8511037897767313
5.824073025250431
2.0461780408828916
-2.98433606638127
-3.4219131738631634
-0.5411031972149756
0.7802935121002449
-0.4118722340092349
-0.38271139616574934
3.140785855535671
6.547899607040116
4.182332135866553
-3.7401613935818867
-10.087531506692725
-9.049678035056981
-2.519973009894233
3.7889991176447673
7.407987601467857
8.942901142335911
7.563790433316661
1.6304099037656403
-6.598612087546465
-11.26998981031797
-9.040774352124386
-2.3130478379173662
4.239743830750198
7.958166886283907
8.111338281698812
4.511207367474814
-1.1413251989918523
-4.96277230096395
-5.281897771737122
-4.773095611815893
-4.808211723661616
-1.6813897991553224
6.5144245917327535
12.957048926006834
8.720261210129483
-4.458238218138521
-13.891893994685839
-10.28079878573709
1.4576975878370408
8.677979665791165
5.956933544432834
-0.36324524098999983
-2.032023665294237
0.8298595724861545
1.6391630503559895
-2.285023271420537
-5.488235051282256
-2.5533965845715967
3.2808352519787483
4.663219418842833
1.04736973666577
-1.3805160230584586
-0.016770146591060145
1.006051370486627
-0.9564820902617295
-2.5896015231492626
-1.0751787921053926
0.9199699630868285
0.36503704698513134
-0.781446200343621
0.6417917635427021
3.283812901892274
3.185159965447861
-0.47644791937342323
-4.317577084262973
-4.718121807248389
-1.5291263363368943
2.1970983057305875
3.986395621790595
4.186239218407172
3.1002079830008675
-1.242796882668618
-8.406376609528703
-11.397742162440661
-3.5059344050944374
10.922133149390488
18.220924481030163
10.179029651922612
-6.1243448172016155
-16.092429922893942
-13.184654451950628
-3.283552598833634
4.758790509776594
7.924257890598995
7.932875091033699
5.879617071888272
1.1802251990712185
-4.9946837795112815
-8.317544687358302
-5.740369138766904
-0.2711628198023801
2.3887704475561238
2.116219693750894
3.988368663394226
8.186758189630835
7.2949018937201755
-2.477613774839002
-13.662752777602194
-15.818357977630578
-7.21250255499806
5.227159503232011
14.090957209764662
16.043147647142987
10.622752621387647
-0.5463892025383306
-12.286968539158119
-17.167610795687892
-11.503503300894602
0.18921805829716723
8.876146974880633
9.926437767719403
6.5516804118871725
3.4647716094838676
0.5829960344056312
-3.9386288835006042
-7.808379355254636
-6.705126568564483
-1.084190282693267
3.624770039732979
3.882293506613729
1.6979704069529216
0.705011960333102
1.4621888698342485
1.9547835436949095
0.6491487867653809
-2.2601655559521734
-5.044783407601874
-5.068446579939705
-1.1179767602649688
4.153564742824525
6.265121652593139
4.059574553077351
0.4403324696409139
-2.420481224072591
-5.102399767151131
-6.789498475462832
-3.642342089013915
4.738162764643692
10.971613927156449
7.7731724405723135
-1.9287227145919035
-8.366149947544777
-6.884190331404078
-1.4445236790146139
2.254585347257732
2.347206810084595
0.4574413848684654
-0.4789580454640308
1.2853192847232806
3.8148433945724216
2.951856418000842
-1.987440671615888
-5.974368714869652
-3.991143217893006
2.2195247766756845
5.50474469585827
1.8251315803041515
-4.209488586059965
-4.703219061853862
0.8602950260282015
4.727969028864983
2.309017605141367
-1.5591948468951797
-1.3991303430701914
0.702695819333625
0.9062686827313573
0.825799492546049
2.3241415752380195
1.1310743374916612
-6.049120205363856
-12.008684291602554
-6.307202373580735
8.403128892851555
16.695256139594967
9.80548058835574
-3.115063249458731
-8.279682303095427
-5.034974860387718
-2.5634166557923046
-3.8679752671971
-3.2592359913748994
1.8746684458086762
6.451845379030422
5.828535965074884
1.8257399663756955
-1.0982773708612752
-1.7019532085933038
-1.891707691700057
-2.590756112842411
-2.396409997595842
-0.7056621843385879
0.7029030866879579
0.9179161222036898
1.690802800559488
3.4410130775836074
2.9752716183148906
-1.113590771993553
-4.382745265571568
-2.6697787471622187
1.038556995412689
1.2600770195764817
-1.4728383476224869
-2.1952335745725584
0.7864426786419867
4.196442605110711
4.268210192121415
0.6042666578840803
-3.5175374394744523
-4.41729803150681
-1.9729658014477627
0.6984519576778941
1.376478852443523
0.8229567151129806
0.7450286438533104
1.4579253572903255
2.0630508743976796
1.5834636334952594
-0.46397926474642687
-3.304201562110377
-4.807228140222447
-3.502416926654593
-0.0999264847830518
3.6743346982693104
6.166460436469885
5.477625209847418
0.8024761009790587
-4.8306712892128685
-6.1259090526756
-2.1615248381710197
1.4607361726674368
0.5091078025618895
-1.3880387092285393
0.9170774822303553
4.963393448401092
4.301120380808162
-1.1793566741043557
-4.99303270213973
-3.3589851938876767
0.5550730742298284
2.027745147263003
0.5894398084309507
-0.7133884049236812
0.09735140714041102
1.5186745340129635
0.9615950402591841
-1.1473911342184704
-1.555695800122139
0.6863219068687884
1.9035437111456917
-0.7775171929497846
-4.075185602393508
-2.57830483385323
3.1340803742233394
6.45434499033765
3.1784859565695665
-3.0654049213649825
-5.648048243034011
-3.02471505472908
1.0565282347204654
3.176270586794337
2.3288013564878236
-0.5930679562152683
-2.220119348923691
0.1179090562129209
3.0626934477799503
1.0460526055840682
-4.020324968777494
-4.346939942288605
1.3878811456183728
5.321509346906014
2.4487201742037787
-2.319887577434111
-2.700890278873762
0.07586949338107488
1.0674387879602276
-0.5040666621173666
-1.3044530826861107
0.25022525201644563
1.7689188325540117
1.0223024897891613
-0.5457808605189333
-0.4637172828051184
0.6353387526684056
0.01599833724596403
-2.573699693069076
-3.4355891435505463
0.1881706367884968
4.83154232765523
4.567400808619525
0.11145245517171046
-1.9848182309711004
-0.3919847043930489
-1.174336484832411
-5.617887564862081
-5.372774498723701
3.3900128317386007
10.252710485080454
5.104582206293911
-5.303667155350929
-7.019228435398544
0.552899394798957
5.399436681445358
1.3038264297155095
-4.890045203439918
-4.843854666926339
0.4706306051411303
4.550277949053269
4.420113350313033
1.768731496597761
-1.4020217787666738
-4.004175902516034
-4.395796357130577
-1.2968008426271262
3.447436664703745
5.389952153585073
2.420258994104545
-2.2909007030791573
-4.225581368462954
-2.800504029602494
-0.41914676976787313
1.695464042707691
3.3719098663744336
3.054736188965284
-0.12958599091005232
-3.153106016236319
-2.550908642803109
0.1624625396302758
1.0024480510801355
-0.16238323672758062
-0.23925907952786915
1.3586310295505735
1.8527982342065017
-0.07461795712839073
-2.089209587023036
-1.8449771898009226
-0.22267400489775568
0.7516209785642222
1.3165846805073007
2.5498857702981828
2.4632590221493835
-1.9048941643601203
-7.408039334608846
-5.818261075374766
4.302884782102541
12.409560823109647
8.178858524898269
-4.855407464237718
-13.384997337217932
-9.919398056108093
0.5281184904941082
8.238786250811895
8.7913311158854
4.645590508251018
-0.08834514094282128
-3.6544594683350384
-5.469990598151998
-4.31733926086698
-0.5040396183302583
2.4516129820709915
1.772126425957973
-0.3033597231322204
0.4569222886592111
3.5883253911409687
3.894456244107232
-0.9002306805563146
-5.94608585859173
-5.451222180832983
-0.4032000674190688
3.5117261045794788
3.598822514167003
1.64455296342152
-0.35591815226872714
-1.5329536669228234
-0.9488909643462293
0.9933115244874673
1.665384459415775
-0.5318726203066493
-3.668486681534068
-4.298210520192301
-0.8195525761885146
4.758831940541528
7.520155793701407
3.862167108342074
-3.618251509016423
-7.557475318585279
-4.0969824944396915
2.1655918613506953
3.9530830009692757
0.5336763325519149
-2.094797431599607
-0.044873211239353325
3.2358695237261186
2.53802360263993
-1.5364371547939957
-4.0240007563123
-2.5298479374668124
0.8054197939506627
2.9244123762504532
2.583285009415388
0.423987376596631
-1.651402145900331
-1.9920826283033737
-1.0887841341800555
-0.5743907726467654
-0.24109045331749784
1.2938740794921393
3.048372804821507
2.341854810507081
-0.7686110123821839
-2.9825549390972834
-2.1411773670233867
0.17412866357074774
1.0166397905320164
-0.1409688466666777
-0.942936958348368
0.32833215191072684
1.9373548361021702
1.2585854273933355
-0.682208736058817
-0.5875925090539399
1.22644487954597
0.7682195737876509
-2.659810279260476
-4.270367522722378
-1.0078095951504504
3.5146332492889933
4.381625028424367
1.7120740966025132
-1.1657668432843633
-2.1242694846080816
-1.017264214872362
0.5320883100828129
-0.11441914293931427
-3.119426388654775
-4.593129045822017
-1.0836630042978057
5.600901055404437
9.808066112530126
7.552751926193577
-0.23401920264486062
-8.946880489536367
-13.183057486125273
-9.462894472659567
0.6792914437700355
10.323323113899203
12.824978999619741
7.780457382692551
-0.2591120680592648
-6.929005172050788
-9.723005964708799
-7.315894150904904
-0.7809954493608615
5.411302760408263
6.627580850483904
2.9546765812321367
-0.8990678106767258
-1.3193786274997992
0.36359732857158295
0.6825584620504643
-1.3820575152838526
-3.83433950103983
-3.922182381692017
-0.4807490206890641
4.246291026261746
5.667915896725309
1.9702347938272162
-2.789141363359275
-3.4149965893463663
-0.29596357925789707
1.9225170358954216
1.3533691377996617
0.2676682936576247
-0.2603579083567684
-2.1145854151825008
-5.1971267778553365
-5.17773854374488
0.862288418888385
8.946613425916125
11.3690502302603
4.871277119329454
-5.744416982678157
-11.857282688536241
-8.810105758380132
-0.32438340358222456
5.494684212957713
5.24211099997892
2.9337752327720232
2.4802823883353367
1.9097890550504961
-1.5713766380790914
-5.324213226660656
-5.065293764846023
-1.6238953812051695
1.1345415092112843
2.63685431801153
4.766340901072996
6.211977898081847
2.8904415263006706
-5.237332695619738
-11.437816558480813
-8.793776646769606
1.4065634441680506
10.268693548147406
10.726126294564459
4.147624872820845
-3.0675646783801365
-6.465365259284794
-5.783218476025027
-3.091241530805491
-0.5698718081816366
1.1038579563001314
2.8853291984275393
5.175088182437946
5.744426650656274
1.6365192243119784
-5.716100149824922
-9.418673093869778
-4.564119481621612
4.388723461866357
8.073437830827997
3.6574396860523377
-2.707685214545722
-4.684664003808938
-2.2811346190178656
0.8237199410577016
2.2064848913241675
1.8220009882276904
0.8403090155478212
0.1940744712636167
-0.395527340824405
-1.4264969691389762
-2.06793160797905
-1.2286662725271473
0.45487610928407873
1.381634746032609
1.1321506964625374
0.6318878179035126
0.5824762256646409
0.5561314386036533
-0.22660255304608096
-1.5325640319537672
-2.021954047384425
-0.887799137442999
0.7822031634969556
1.3200506315959077
0.9412421344326991
1.001868506870286
1.0677506642092978
-0.2619898899213527
-1.8699307268104435
-1.2975751958691142
0.6960006820482397
0.797444266829057
-1.4260416143764638
-2.533261912840656
-0.43728293266374274
2.5613431624771557
3.440927236422902
2.512116580521942
1.4198875950059462
-0.6517712849533333
-4.842992297988954
-7.791465482602624
-4.208297605452115
4.6421147270432055
10.023639572862253
6.194235401316745
-1.9342720258457287
-5.534095987194131
-3.411439014583845
-1.427727911950373
-2.0162676530829096
-1.1749897095607342
3.3329547373245116
7.140798890954701
5.277623257335576
-1.053701761612143
-6.446469341757708
-7.610011653086909
-5.089405169498233
-0.3471150541235157
5.391918411730805
9.347119505788466
7.781228815156076
0.5646175411496903
-6.822708065394346
-8.545852986563265
-4.71453995510208
-0.01781617083580203
2.662499042034227
4.083442202706403
4.750206998202322
3.13886968857819
-0.8372841814473365
-3.8948006697193804
-3.6599868887093407
-2.0965034905782773
-1.2863818900930792
0.63567231713611
4.4782549058238965
5.290852585291239
-0.1287501114322932
-5.156617357771309
-2.1509247004197096
3.995927143996783
2.2811921479581656
-6.229657345206313
-8.654249106806743
0.3882924560242139
10.387852937216575
9.537127874363973
0.17778153420228518
-5.904798499565809
-3.7631474386310675
-0.13245380160551068
-1.659048822256153
-4.768776868218769
-1.9639774198710704
5.61458593463506
8.754233773145637
2.925417200069206
-5.414615359609747
-7.145959823577116
-1.671680592809654
3.3901904980443605
2.9089332327580504
0.12355580984953726
-0.203408655991312
0.7334967110720079
-0.40759546324550844
-2.2756583273508064
-1.2384093045177262
1.9895988356638186
3.096751085710047
0.45651127149099335
-3.273591908132898
-5.004208492398368
-3.1486809933396587
2.6491316290101663
9.23028448873271
9.412095982955876
-0.07417562488955709
-11.204979369649683
-12.192025754428641
-2.5456457954667786
6.499550240578233
7.351453471165935
3.8496315582410863
1.7095038058035639
0.0031162788630753092
-3.496001573970473
-5.989153260754565
-3.9261959487030356
1.257231970988451
5.0547387331541715
4.501649716132963
0.33834233494528326
-3.3041464260670956
-2.765287679578589
0.6290014112812118
2.297712078261299
0.46109930907464014
-2.182071102314914
-2.3165629995265506
0.24949588252132193
2.401558984776269
1.3116454139873746
-1.348267878640336
-0.9169384632594764
3.1024794508779117
4.898596675444671
0.34944111175513815
-6.124630584388964
-6.782914137049326
-0.9661163459617549
3.952170970127787
2.5600429267593507
-1.5190940038847838
-1.4742244169460537
2.7387545806233646
5.013006193910618
2.2512156797926317
-2.169937882161319
-4.05450360302034
-3.013121957842457
-0.8278993896895227
1.0007884338614983
1.3853953056377257
0.2999060933105959
-0.5579301953751074
0.20594810169071498
1.6738826896707064
1.9932922682116414
0.7496697347593961
-0.9856296644353728
-2.2015994805843366
-2.5482196722086963
-1.6232077869205
0.8417287836850554
3.404553838318602
3.20546403683587
-0.5362941931935408
-4.346695646827109
-3.7885548573922696
1.2295595725859807
5.971344192041055
5.671088830661123
-0.03254832405899982
-6.684461700932837
-8.378547041410394
-2.97523776476241
5.077129038627928
8.477887541108137
4.695172717944499
-1.5682905226576869
-4.660880578758907
-4.112012252717481
-2.2634261641099016
0.35821853394333536
3.346251860889385
3.8689791633074186
0.5705989155028601
-2.8571189508287893
-2.3700517476882745
0.5051711800744069
1.4937158871218075
0.23056189295391538
-0.12391679530190844
1.4383390179028457
2.195069516855215
-0.5986704841693121
-5.943660339097972
-8.520113284596407
-3.075845806292095
8.445844065317184
16.056851409075
11.193097406025588
-3.4915994334951153
-15.805789324124081
-15.82455660555436
-5.172427030745688
6.132911642469832
10.62449115953525
8.608174158915054
3.880132097201631
-1.142893278904979
-5.164112199692915
-6.425206835223081
-3.8714754038846495
0.6872664189400144
3.464728127352857
2.618675701050999
0.26058407515635523
-0.37594798527356654
0.984042166463722
1.5496756883555052
-0.5308578249504822
-3.3036559888861254
-3.2741942289572377
0.13052725724651237
3.5849463223549423
3.3852062389150532
-0.28843762978788073
-3.1208613091414854
-1.7486904085829533
1.6713490944540088
2.3154554984661093
-0.44119652842446344
-2.3023912556587667
-0.6506262772148252
1.658438095471003
0.9187563698517162
-1.815377504579964
-2.348087188018252
0.7657769966266701
4.162069448551235
3.6153810083613496
-0.9794947469833779
-5.233070815171834
-4.683015222162357
0.5157899527677534
5.056235269522828
3.8353108062179166
-1.3707059334946352
-3.6303834823797105
-0.6192861199603582
2.207015887329713
0.4431096010722582
-2.629340601426779
-1.5365005483877303
2.97423267580196
4.7861847013630445
0.81631050946123
-4.729548643376368
-5.7553428264710975
-1.3713382948625221
4.061805258347945
5.750648655258134
2.4132424308872746
-2.611955049682354
-4.405200003471771
-1.9183469512718636
1.1297801527241864
1.5994047773629414
0.5735133916104581
0.36757545568282934
0.5835197674160588
-0.30648377649161845
-1.2627053987837729
-0.21885443544556976
1.5403179915504759
0.7977593003554828
-1.9411640918278408
-2.5291385625442304
0.495263505698921
3.398108661834643
2.436319882593086
-1.1661089030190352
-3.3238432404520455
-2.3195028878303217
0.2828676860935711
2.5574970713899248
3.434072245967992
1.9405786976340198
-1.74262461666405
-4.662286530930966
-3.579545262877219
0.41889664232826984
2.7097192958649425
1.6003659054526305
0.8369966683028377
3.1908450902460466
4.708256934566985
0.14068491071318887
-7.695545882471455
-10.119379152314243
-4.030120874553068
4.543795821191123
8.73839318950115
7.659537072133304
3.9245349784515287
-1.1525807139042616
-6.782105153299624
-9.439166473659736
-5.496860727638985
2.4003302970348632
6.855747258781776
5.080536929384168
1.556137277144074
0.12264695074042412
-0.7112601250355561
-2.626914210526892
-3.479103580461954
-1.456385901359613
1.24536246784775
1.7999804851852803
0.4205077011419298
-1.0360985094614434
-1.1365477854973174
0.9301587659572587
4.371870612757029
5.9530029535556945
2.43372458260051
-5.448215467831933
-12.086868441041078
-11.142459179700934
-1.7504419323596174
9.533602985585208
14.428465320072432
10.748852474940383
2.9502823479934053
-4.521027061313031
-10.408517020281668
-12.897738867015732
-8.81341753932645
0.8685369019861342
9.695450175881957
12.327541765575006
8.848985236531867
1.8335144026950883
-6.29901871981034
-11.567115362000164
-9.275854744984912
-0.2985250430053908
7.350813936093406
7.265794286806248
1.9481007759956646
-1.7199358014562856
-1.1424417549480532
0.6359592405193153
0.07499340349411623
-2.6267059307909473
-4.137029932241835
-1.965120774670595
2.6619910022148483
5.790097977197807
4.281692824373319
-1.0317566360482722
-5.501202388712174
-5.111829625189852
-0.7121111550045323
3.4600203111390733
4.467049361181584
2.420152922288614
-0.7933376243644075
-2.8535404821630155
-2.3979053277185267
-0.34850603263431856
0.8439696049049178
0.07274184612380541
-0.8630907500964802
0.20185038835322267
2.241986463932326
2.3662185637269046
0.32426400168301805
-1.4895081249958197
-2.1082854282904053
-2.3809162596944438
-1.8236055496491073
0.843735633762297
4.102837232182937
4.359406523030163
0.7620654519229013
-3.3853829155277873
-4.496103102226687
-2.310071721573103
0.6505353432161536
2.2212771915748912
2.4878740840660374
2.4687878274561426
1.883494130995589
-0.40274497029146517
-3.9124306301522287
-5.908631945357478
-3.750054406842254
2.1148598267012684
7.371051293109152
7.099124161575481
1.1977613435557493
-4.760694903668225
-5.87162405261654
-3.102590220382799
-0.23205953205225957
1.4782601436921565
2.8174268349717946
3.3097990028239854
1.6037296756876638
-1.464009581309788
-2.819098902366513
-1.1346109076853261
0.9230066735166895
0.3434622505472339
-1.6329750638661822
-1.3239145473931575
1.492914315464818
2.934285515966786
1.1180629056348665
-0.9293167574511882
-0.6919634768804375
-0.1937399228944875
-1.239783006804238
-1.4495590831187732
0.7111721296131406
1.8991937901376803
-0.45863772064889136
-2.9652246467521417
-1.2694932128241931
3.081279782601203
4.866386815152996
2.222346914201767
-1.8751846160171273
-4.037557823942902
-3.5462071551580068
-1.5142969570162221
0.662173750655745
2.034504639311279
2.562575605631295
2.568753559154025
1.6674344308740885
-0.5201461808135666
-2.8072324914718463
-3.3176345818325124
-1.9898867345837696
-0.5862735732482046
0.25103182498326027
2.0254830117225238
4.83671670384014
5.1162486337144655
0.416886660146661
-5.440370848272682
-6.542283270596917
-2.748133776520162
1.1481936792188767
2.4950129878214757
2.4539357237792196
2.17233920105889
1.6866688522666484
1.262745991548785
0.35568951537209775
-2.4217692182011334
-5.452757037064428
-4.291618708929549
1.2472944816460063
5.169895727239056
3.7116489163926425
0.473371442706682
-0.24920840076346124
-0.14669393979645548
-2.3748900278243723
-4.487386249856968
-1.936678142007621
3.4959885878807757
5.197888854650381
1.2988647190629923
-2.8986602544857125
-2.760420885283238
0.06802918573197067
1.5085888442943924
0.7625232458815592
-0.3416928343374959
-0.8163793538670374
-0.4739233247578568
1.0431266736491422
2.379037895049802
0.4640783725377798
-4.41807262943353
-6.673443165751129
-2.2478249289418573
5.43352289218383
9.634910873335771
7.4680889704793225
0.9087642909986219
-5.929083681506573
-9.249477535602281
-7.715445070153416
-2.807476920514533
2.8428838517394905
6.580344349443191
6.757003297021229
4.37975444448907
1.8305364510509823
-0.969137280156019
-5.6694231963320245
-9.867403567919375
-7.721082865825834
1.396792300136214
10.08079423338119
11.30417482442158
5.367061155333217
-2.6833076536840825
-8.304566836833637
-9.144389862561757
-4.977273831878296
1.8911556268143785
7.132220808354951
7.232722474110962
2.542059534509787
-3.0630622926384543
-5.673468407764141
-4.055325218712167
0.45956467158957826
4.935143699148416
5.590695078764205
0.7045448801214882
-5.665375181253201
-6.392306100814312
-0.217649654601195
5.610172543428097
4.507031291036297
-1.1460873042522917
-4.1296807658026475
-1.9831494530147726
1.230607651602959
1.7637199652229985
1.0654345926480595
1.8656731618262505
2.201624700283793
-1.6228277015870092
-7.137135712124178
-7.111964846739653
0.4584011008736717
8.831664488753178
10.066405079405106
3.472239574663151
-4.323066102810337
-7.035092428958131
-5.0366511846705375
-2.7695836750067198
-1.6463330962981986
1.0466174879949977
6.129448197633372
9.085486899288432
5.217832426267522
-3.3280577291004674
-8.889043657127129
-7.073285950906025
-1.6302543784577428
1.2710846323979705
1.365274071910442
2.9010067481392183
5.981846994747006
5.604397670849731
0.7918536636804379
-2.740964326036827
-2.5571045993849792
-3.7062213298320743
-7.9255687475710035
-8.067059017550095
0.10143224673298665
9.212278803439228
10.321512564862754
4.981413697371102
0.8515087182339731
-0.25076491089711805
-2.8403271097983063
-7.775842453062593
-9.199892215989653
-3.2924124339164744
5.371800122487921
9.150906693633209
6.042487522555773
0.3968977668603233
-3.359942997134602
-4.361264649231006
-3.247881565133619
-0.6685942062497932
1.5714776903578394
1.566692374353686
0.15450011284736803
-0.2023648057078442
0.800368025880594
1.4597464387334034
1.1521718834463974
0.33479696468728953
-1.140044109447695
-2.9176958025043973
-3.1625097375875946
-0.9666149473286638
2.017326946808706
3.690070950560199
3.576793012204985
1.9426023115400541
-1.3205241430222159
-5.184508373935736
-6.177832167061001
-1.6589487034946484
5.393618147222627
8.088672872702992
3.4806657357205553
-3.8344249994115995
-7.273680301870133
-4.865974528632006
0.7580666110416983
5.721846222835313
6.458163784430631
1.527204055293776
-5.0709462739570945
-6.207501041635586
-0.9611242886681455
3.4368594537302344
2.5308968146920945
0.16221578705091638
0.10498582352218276
0.6967213486721305
-0.0599713786093523
-1.1109230397861543
-1.357576867973702
-1.8057078826368749
-2.764533611835424
-0.7862781959418035
6.273194447958555
10.853200006749304
2.407603537401129
-13.568922067656098
-16.265041080974477
1.5016249340842303
18.107448127072562
11.793736715225881
-7.080929688294009
-12.52375662075922
-1.907841019434928
5.415037351809442
1.7849482067701952
-1.5984124285664678
1.1016066867556782
2.1413279685679627
-1.7572747163423075
-2.835973746815477
1.4542399952672223
2.6511249410252047
-2.1824610629634065
-3.877833905159028
2.0095519781053874
6.398056991416025
1.897876464922234
-5.334481628173553
-5.644532196233875
0.48837937220878075
4.61697556381789
2.42134862679285
-1.5778923594193461
-1.9116375710805156
0.2603700870422206
0.802923444532939
-0.40730778925201366
-0.5440546371289405
0.5133436408083676
0.22960952049695757
-0.9872976300408128
0.15150063051027005
2.504587898568167
0.9301307351053851
-3.403186073777965
-2.822140402748643
3.341906405945806
5.29218757642358
-1.9887392777238049
-8.82233164633106
-4.0782290558224705
7.43513372452155
10.754093131112539
1.5532511020822724
-8.670233833452349
-8.336120993365846
1.0824603554079906
8.5168589738523
5.178431680285584
-5.803580311610944
-10.327997531348847
-0.5283669739595989
10.875080783010473
7.261651272312438
-5.215776238381522
-7.55680713890756
0.9672090431608337
4.440645583572003
-1.4828536462625896
-5.010791320582217
0.12234412863029998
6.380733857039459
5.707790058470138
-1.0732026386213813
-7.399653057042295
-6.855014060174757
1.0092429117117732
7.846504138225915
4.893558798053808
-4.14580077419025
-5.940501345574961
2.850559540143895
8.011765400349002
-0.8181724837327179
-11.284701592932167
-6.436000752298284
7.495463385976684
10.964548611592447
1.5712263483268267
-5.7918919106914935
-3.8667215794745986
0.5456346534176381
0.9399930767282435
-1.847805756105592
-3.5255492741619197
-0.9709126168886911
4.327120464833483
7.450668937357714
5.220748259872849
-1.642984615317143
-8.545573217403987
-9.335037921417479
-2.997617222092591
5.050889147314104
9.269883980841348
6.594287284382432
-1.8567782945535067
-7.350078812945328
-3.010576449064476
2.647995845036459
-1.452654446055899
-6.24153347730526
3.021934597226819
14.691011635428994
5.499117432604649
-15.771322975440059
-16.584128944732637
6.617963317493274
21.04554568318358
8.040874015070576
-12.62032408681103
-17.172627112816727
-6.474737082744892
8.048149838135995
17.95561309485904
12.9997650527467
-7.682518060526743
-21.700320231971304
-10.065327693976911
10.808541456866736
12.79433660221984
-0.7704442606322071
-5.868091498867582
1.0436636230643133
4.174974675091963
-0.04273838460732263
-1.8669011426124558
-0.25566820309639987
-2.7516582190043946
-8.600086269438384
-6.987192136628211
7.489166169422198
22.465216291704635
16.804388274703534
-10.644371991384013
-29.403816145230532
-14.746193343700055
12.438988016546997
15.094100211021958
-2.4084382833239286
-6.348422773160145
8.498910760153564
13.61783905525012
-4.254209810796996
-19.90767469473808
-7.578872800543083
15.717531082940404
13.633093941304304
-10.089461938009153
-15.967412836652937
5.147719358384587
14.793019223410894
-6.725883657247062
-19.734978510353415
9.638573580713798
40.316366630870846
11.952197607860523
-50.47822398091938
-55.853851503647064
19.494109065974268
79.86188722173564
38.53208953670694
-52.02697937719542
-72.70982617926718
-5.193010168979832
53.64202729957354
33.16339436684283
-20.720537467954063
-25.14156577209107
12.862331736914253
23.273408946365077
-2.6827930561614783
-16.812195959818144
-10.004872003695398
-7.687620201773502
-9.743886982160188
-1.1497687930826999
14.624746788373399
24.011655026382183
22.039552873788846
11.06334236567734
-9.06056941187816
-35.026792973223884
-45.857973655415414
-19.685501441889173
28.33346586818425
50.00537826824791
21.773955848734918
-18.870228707365754
-20.680901482958348
9.760807616855011
21.35030850830171
-4.678986643378759
-32.99940258392822
-28.669597232401276
0.49784349055948546
23.35308926540867
24.652640787949302
12.181276978068096
-0.5808522133081824
-6.1088054919214745
-5.829923626399476
-6.597352384805726
-10.276688702913713
-10.931764084823362
-3.973403198251354
7.641258865365164
15.9365209225653
14.49606085570416
4.27700875226051
-6.916713502111725
-11.419201052279753
-8.229922341452186
-2.451304160631006
1.276244041726603
2.3817372237534613
2.324513571487739
2.5617794927445874
3.4145686093028043
3.4556476265909386
1.404234703409164
-2.1209897302380933
-5.199482612252027
-5.819773438822457
-3.1050402871156977
1.7890372244741217
5.579253500458217
5.047387316823743
1.5205097059534953
-0.45144222126465244
-0.7888301906487719
-3.07339644817786
-5.922383608691564
-4.3124554525784085
1.56821498926759
6.3333519447737
6.620195828391833
3.483840491872809
-0.8891989339522158
-5.185696037469754
-7.63979933790846
-5.484822508110594
1.7683993678107641
8.72259643302403
7.862294110048422
-0.595078645240217
-7.298827953385792
-5.411775853661736
1.3093235555119789
4.854232758309918
2.7561311264179107
-1.5629720058783638
-4.422155061516179
-3.273276715466662
2.997402538790387
8.68745232820246
4.132446311372562
-8.066931322899405
-11.847944127660496
-1.2597004566125665
9.408542433271812
7.497047285893387
-0.6190213779746243
-2.958009125496663
-0.359096297628666
-0.9986357114274546
-4.754190035574875
-4.030319866558022
2.9199358073001522
8.174146654868224
4.710078272638099
-3.789531269631588
-7.0792606973973635
-1.5734476916246296
4.827804443813082
3.5245381019748057
-3.1989765798189915
-6.066909792324794
-1.44541387266685
5.260390906085781
7.115366557878269
2.3191025687113056
-4.812239190564605
-6.813868764730324
-0.5818880418334461
5.989349973598006
2.0852426386918
-8.266824824272915
-8.457351362274938
5.487118115036785
16.585861922431945
10.252439402578075
-6.809201360689536
-16.469068358885476
-10.656870138069063
1.2883819201396074
6.620110731594266
5.436522105813982
5.6728343542539745
7.108683696183623
2.157380293299387
-9.012298497509299
-14.518464966560053
-5.8405962677384196
8.658677414202556
13.674835982857411
7.429959489495844
-0.3149533984679471
-6.666247994115898
-14.490601272978433
-17.305451531105508
-5.289391445865003
15.738208574980602
27.260631313498507
19.040850800783065
-1.428891984225834
-18.390777487641216
-21.813768979047296
-12.732778943563561
0.9248034998343688
10.722078508117697
12.789253140360703
9.395246218703258
3.606089836135088
-4.6645001414801275
-12.619588418460895
-11.845920384948728
0.283372682652281
12.724774547946597
12.647144469389302
1.5053179487060488
-8.365532642566208
-10.27317268516008
-6.921490941732275
-0.5186884557900684
8.317468635578466
13.222397123874645
6.984964196084637
-5.747310540194686
-11.767787669348293
-6.474006564461137
1.2867947066303183
3.027048023486478
0.9073596896192361
1.1042602607316092
3.733232858715238
4.249271826041138
1.3317622458492782
-1.740504748441312
-3.0617607397782898
-4.451175771642328
-5.949786248897757
-3.400086229997501
3.8573851738749507
8.587403681936541
5.837627875113659
0.9642947875218812
-0.43196170578521936
-1.6221309501301646
-5.43039660649705
-6.9923663045653175
-3.3803336010900544
1.0556614440005154
3.429703701531973
5.4247796229177325
6.659510896204901
4.673698887846768
0.10044323722337428
-5.172644544971476
-10.2748362915994
-10.757141731422346
-1.0759586482106063
12.132858191709158
12.360946023289076
-1.7151272857696516
-9.276271042436552
1.119571065970514
11.472835907279618
3.4995551666474856
-11.859156509775083
-14.275177600990242
-4.32405507925914
5.279956641372599
10.647848196654806
11.768614371954866
4.054747157974721
-8.788983957904662
-10.75052752886769
1.3982974909274144
8.200227997100527
-1.3167214288653804
-11.353804067340517
-7.514656569075745
1.9779909200748644
6.642257396374195
10.027775593483584
14.202721929792673
10.067629328748982
-6.53810194956986
-23.538183091033947
-24.534173218099177
-6.618842655398027
15.49119599922393
23.68920983600776
14.880803282377972
0.5293764621691371
-9.325582769868154
-12.786881417581743
-10.901610849949135
-4.439094394075426
5.050201266950339
12.620066491303493
10.948667365408998
0.050987739820768645
-8.906872635068895
-8.033098421160634
-2.436722384822603
1.9282935523912335
5.793001995670912
5.45219687601688
-4.405823197992549
-11.686583276910627
-0.3803757732387667
15.837798861823378
10.770458638175276
-8.768523548413814
-14.6577113617683
-3.053099330477115
7.189392433772242
6.5489895078146105
0.26000949292303355
-4.330786710343311
-3.2186151087699595
1.5532786702022983
3.2034394301293228
0.4590914334477856
-0.4276007964330688
1.8369253503878644
1.3151738118211562
-2.828615324724992
-5.829780873717346
-5.7677670979126106
-0.1946506735318751
11.91663179650221
16.644580693155977
-0.27153375795580725
-21.659716996019867
-17.338682887576308
6.509010678872807
16.178520896037035
4.711487667594833
-2.7153808299005626
4.776288201841418
8.214194170577418
-6.00076289683724
-22.33567963044806
-18.34669889707103
4.621039510189472
24.6030003381397
25.344542725961492
9.327410488010138
-11.291566916024378
-25.65797352101468
-25.86128906229673
-9.113129215299697
15.960185507337856
31.731889831325667
25.415340883857795
0.5518509402057273
-23.754296934486465
-27.617450179071835
-10.227239587690724
8.58450134439055
12.281273014693106
6.1185352351868465
3.7037096581442124
4.81025423505997
1.1979191942751308
-4.373287840766274
-4.220055492284316
-2.1791222446960434
-4.326234636327248
-4.260724261488209
3.1905513624058943
6.778173382935285
-1.6737653935326917
-7.123761099143259
3.325786665697972
12.69976933870106
3.339325887616599
-9.76320961409431
-6.460799843306348
5.976684043033975
10.005798622444068
0.2661734202517508
-16.506256642925518
-22.888335637290226
-4.28705826492366
23.864442683266255
28.436826956428746
8.619537967833473
-6.2314463449167725
-11.946381762604377
-23.633010577969408
-23.858429985465
6.886959269763525
34.59374016184164
23.281659816893974
-3.0147012425593793
-10.494459071296676
-12.709121791577667
-28.59399435450086
-28.575443705717134
19.730549633471835
71.44928045155412
51.09627628148281
-23.978751342612767
-68.3580824380374
-58.84149228011745
-28.931409623071463
16.521060395128593
73.33515201315234
90.08587523586068
33.904291026506705
-48.38337757845172
-84.66053098339387
-59.26046371520479
-13.533254444322136
16.915154773884836
36.48035258652757
55.89139756289278
55.54543767097393
12.670743186137447
-49.19604046148819
-73.41931083536629
-38.22343603524007
14.271001307684301
32.357996493182846
19.068526091526053
13.917096862427734
23.391733288371398
15.32277226500869
-17.588025960055923
-39.63749192934414
-27.298223200355295
-0.7629885500775879
11.737865207773062
11.58808039982546
15.284608984265247
20.202952847541596
10.076501194218359
-11.559470500344691
-22.01115383753619
-13.705303871153697
-2.8329039105106957
-1.4613893052930966
-0.5979699679285831
10.890329409632962
22.47994343108164
14.075531792744822
-10.31323280173874
-22.925180380972947
-11.02465793475182
6.751998132001932
9.934625400570937
1.6111774360010547
-4.171397146731535
-3.428498452519664
-0.5671963189756579
2.9442521818110365
7.1276055797788
6.85962425734512
-1.5243122229666413
-9.98578097187286
-7.630647997467205
1.5963145561734062
3.5141860418504693
-2.9816281578841397
-2.614363427870418
9.166614810889529
13.337198764866997
-2.2781246190760918
-17.565441544407612
-8.980888068191554
11.335653762987087
13.260065806851237
-3.9578187684786217
-12.049490681898211
-0.48917457796420494
8.628292484405907
0.690344638162458
-7.874669782414162
-1.325727519313228
8.061082490496833
3.6550511967678734
-5.916168606852878
-2.9983564808675505
7.384249657197983
6.8437937179638
-4.388044040971357
-10.133199709949599
-5.681856429995691
-0.1501504298646944
1.6119672117508475
2.6723301485852855
4.923877357094359
6.537408720494421
5.631997383688388
1.7054051845527411
-4.883983370987689
-11.75467654819741
-12.881642250430925
-2.738117941085414
12.669345038314383
15.746260179152978
1.0694167960922931
-11.207622006038154
-4.362451754547609
8.24685214172037
6.135502870660432
-7.064169539086161
-12.433857286862803
-2.256587697059808
11.185452735242068
10.442591391556855
-3.4308930286067967
-10.649783191249714
-2.116100035662929
7.320224200470829
4.322404981617868
-2.8897694445434436
-2.0980290240914625
1.764192269732307
-1.6764635767958596
-7.101125293710343
-2.0054766698381123
9.587491810574969
10.630600376745523
-2.005342766393085
-11.63966625955406
-6.662211481139787
4.149757310927528
7.056986660511698
1.4580123806002263
-3.5615321846523114
-2.3278347106366826
2.447290108587519
4.1510611788087655
0.027325552140487153
-5.146436876492581
-4.902889953336501
-0.14802772828667443
2.6043365426819447
1.980488530630459
2.641336162623758
4.718304703233252
2.739488980118712
-3.374827117054537
-6.842208028151016
-4.731730538304946
-0.8436751448612787
1.7176725967540087
3.0495271821280516
3.3388978249992927
2.7274268497495484
1.7282284090836282
-0.1822567323770587
-3.102903999162098
-4.621422538693965
-2.7650685731092666
0.3186945236818775
1.1581730910933028
0.8826064057664204
3.340526341969944
6.346731156741432
2.9835158231305057
-5.694239858464871
-9.596751249862775
-4.493249648902574
2.4342992731751547
4.911352985879709
5.358227645394165
5.843996543425238
1.4820750408068504
-8.431340134127304
-12.455426635097325
-2.550851944721754
10.967509249095784
12.42721177952387
0.9492342418254918
-11.371146172515378
-12.843766570448745
0.36881465094979937
18.971053487272293
22.778969240789277
2.224614043912101
-25.347521452395963
-34.495695563058604
-19.739868865756627
6.315491005690565
29.88291553922253
39.05607116952517
24.86988269748498
-5.969810051754364
-30.016720364495352
-31.176720043742886
-16.59547417576422
-0.8935746377455818
11.065441406439545
18.41139596622531
17.55972742213874
8.892798993168276
-1.1262881528911597
-8.06959311750785
-12.689708403134134
-14.965872659553646
-10.51687727842144
2.9281208563585297
17.24204192947445
18.72079212736372
4.424414833405633
-10.950211476443823
-11.00115489220386
0.8183891812551212
5.363504348365997
-3.857222659182027
-10.398231127288536
-1.35148162316108
11.327899207283421
10.252762782631121
-0.3309195329528663
-4.772954228860496
-2.2382065929990134
-3.0254527738886607
-6.5181738382445555
-2.7957258517890753
7.1027560064874695
10.53707830066432
3.28167152732527
-4.82994894813692
-6.051086535010241
-3.595588934466281
-2.2657861721394763
-0.8503409989589638
2.9997377126144933
6.5821176814679285
5.225827771274906
-0.19940787394502862
-4.262785814395728
-4.616831749305832
-2.3819508714122253
1.0143878392986778
1.6329594539643106
-2.8798093709813193
-4.569561720476425
4.181840744632743
13.205953102318025
7.483089859829314
-7.0940632258293785
-12.274720402967802
-5.835495521541977
-0.10408374646347858
1.285557262628161
4.172088773508159
7.403532029346167
4.760383875652354
-1.350886673054354
-3.4465757179043335
-2.106592400630113
-3.3479393286070542
-6.009041097800551
-3.0778936470231955
4.971315350890366
9.00402676181944
5.044220222906713
-0.8662599453148272
-3.7198284747379473
-4.949430607407525
-4.474981240918544
0.9199121848945695
7.551420444028216
5.49353654544301
-5.323570124901263
-11.327284110730032
-4.031133383839035
7.372043593827169
9.349489459600242
2.6968402998773264
-1.1413680664993062
0.9233176608003577
-0.018657675505755072
-7.488207924099461
-11.172246775867382
-2.772424895203189
9.723342469757503
12.337304941787211
3.578551533579235
-5.5296469424466785
-6.813530399073796
-2.6608347134301114
0.9972100045555692
2.218148083037527
2.0408022845759586
1.1835704031450764
-0.2545124114172377
-2.1827718829598926
-3.7225483140935176
-2.3913006591287056
2.9603625747386784
7.586233507033248
4.753430962769984
-3.7382524319185992
-7.833895902123252
-3.1398405852008735
2.7873702276643044
2.1586660437549052
-1.8387980783269926
-1.0855130382883769
4.460478694355002
6.378559551330202
0.3907733378517014
-6.67694044042613
-6.323053220960903
-0.2703169511682547
3.121023326934552
1.444726137517626
0.11085030189363651
2.324566581699075
3.9074155219061693
0.42269527265230844
-4.8455841352186635
-4.955990187491803
-0.07344840022406218
2.524792974944626
0.334603331094834
-0.60160744773448
2.774293390568048
4.124855873337994
-0.9012085826025639
-5.341031094953405
-2.0639957204015693
3.2864753731643512
1.867708326377352
-2.840459533030327
-2.220459498057458
1.5805132979216692
1.3804294475638677
-0.19061138454750226
2.687194503021668
4.481977357392983
-2.1611771998088147
-9.311072579046824
-4.922825345490427
5.8035613387039815
8.512149187572646
1.9144152364983094
-4.070985088322386
-4.848042879621826
-2.6945057282859333
1.0958091747084664
5.049548143652842
4.722157493272707
-0.432199444131771
-4.005385739563044
-3.3353269271866615
-3.418816132263748
-3.8905951784679234
2.4716531100976074
11.291549875764707
7.6208253175531055
-6.421084929032916
-9.85768146761778
2.2100721493328046
8.94494964041508
-0.5764038891424951
-9.801300073276726
-5.561593486027248
0.5741065035956712
-1.778735920388275
-0.4743098742032468
13.096695397577742
20.347948004551636
3.9622182205843295
-19.585253827366113
-22.43876323665547
-5.301312518906905
8.59320249720917
9.087589705957491
6.670513176228212
7.226879686948237
1.9708469859010709
-10.105716930920186
-12.88206308271971
-0.15672762266839005
10.70657884802938
6.323486991177599
-3.475146722911512
-5.00848782536459
-0.28848851337466636
1.577034401137819
-0.4126338085357927
-0.8654380873399176
0.7689721048636158
-0.22983556522815496
-2.8527161896004807
0.6825980929835069
9.810841550720411
10.327222361006449
-4.833832809820382
-19.05112251300007
-13.414942001994136
3.6704189062127472
11.180717429773612
9.365678553431268
9.923477465616681
6.568182280756263
-9.647045035858447
-21.231737890613704
-7.871257305264613
14.235820324832291
13.078783919816788
-7.294585114360137
-11.833395308264805
7.350401345680396
16.070354415069165
-3.832856868190295
-20.60715051643505
-5.0845162959438
19.133313924305824
14.934987789606241
-8.242879978406632
-14.16717079726361
0.025612863512378434
4.987878174466333
-6.939350486401106
-9.754293282667117
8.524328378116794
22.413754716852395
9.233156944052944
-14.811521776010597
-19.608362072299908
-4.233642323296683
7.588599015709918
6.283976023606656
4.960462569690491
7.919433172465705
0.6167826021912453
-16.77986011758542
-18.354207200986714
5.010212768576983
24.467015309613267
16.10377690723944
-5.91473656044581
-16.720963887722018
-12.754473346456939
-3.4449734357309585
5.859900669134034
12.144512733006756
10.13847311918308
-0.9263976470367639
-10.724230415010991
-7.482123464308863
4.297747396764398
6.906621995982656
-4.1444395745617095
-10.614926462205194
0.5387661922043401
14.319700096151559
10.02950998687574
-6.013892696302786
-11.577016296577275
-3.0958843274717354
3.2515514122477636
-0.14689001878820807
-2.895221974874254
3.6384031048806365
10.675651631029586
4.344231885106043
-10.683814968789491
-13.612436160904977
1.6425552375369583
14.207021579249242
6.7059384912635505
-8.101773914358958
-8.672821805546183
1.4608427261346841
3.5563798265200317
-3.0634305953481094
-2.5896852663560983
7.807080968846747
12.928724134714155
3.2919421517576084
-12.087892650130202
-18.319434780818415
-10.81416955786715
3.8897419269518716
16.974629365396364
21.371053134539945
12.099274889882675
-8.355459518217632
-25.828605987126544
-23.915203683364076
-2.244388359388974
19.26905064290789
21.49398655921334
6.9609885201036485
-7.2693968360028665
-9.732402895017014
-2.5069616851390166
2.8844161368374595
-1.1328443969861965
-6.409298307753303
-2.174211283109199
5.147430412583107
4.099103750996859
-0.7292219321359648
0.7110521554198472
5.204736823287546
3.179995040448341
-5.610628423389456
-11.305764288621896
-5.052625483973966
8.780978154242568
13.285038603402697
0.38569624184121487
-13.475636175694504
-8.564753344178587
7.594631148899587
11.863675038985797
1.7220358656175418
-5.018577066827183
-3.1822791910179236
-4.551200687230426
-8.147947487335372
1.441204412919089
18.649898537442528
15.149363155082863
-12.816866173250427
-29.208019593647514
-8.920700809379166
22.811520755034167
24.69588131252075
-1.888636600032781
-17.22936484100092
-4.924318395249967
6.268123389408082
-4.916030564439518
-15.118152245435905
2.0210388578766496
26.589949168269158
19.3464946843609
-16.09573462949556
-33.978008450503516
-10.4207515756623
24.688860571488306
30.081672742463205
3.6849278546543855
-22.432841748580568
-23.444554444210926
-5.22347969899424
10.35666234044703
13.298946345317523
10.282362410594656
6.19700113990121
-2.3527186585598665
-12.440641440478894
-12.5931434205173
-1.95430371917056
5.6417954631243905
3.414850180079365
0.880256367165791
4.88787031731441
7.646137458726329
1.691968395050097
-7.083041874003485
-9.41623594598641
-4.8605014660471975
1.3130007962870063
4.977735482851384
4.806201167610556
2.482560703484169
0.946449499559676
0.2845539510667946
-2.469216118864329
-7.276009131580507
-6.9948335457935835
3.744283345656689
14.91461010022745
9.703416361578995
-8.713289350828015
-17.02120552329831
-5.445597352379077
8.661335529295945
9.037483370302494
1.6666406182143472
-1.3779992041428744
-0.6081593683970608
-1.9584974122293464
-4.370486142537633
-2.6859513917315176
3.323814982493135
7.181922455412117
3.0452195653924146
-5.632025673780946
-8.77719247143777
-2.747132919226998
5.1097035965798145
7.330290621841123
4.87024460827293
1.4088199458326567
-3.054972492258018
-7.602399770887111
-7.061881830062035
0.0646772689763722
6.55071291774247
5.367054615483308
-0.8419588526281896
-3.9884134975226813
-1.4005855436791346
2.1297446727086538
2.465204531709899
1.2371854902408073
1.0546153578461608
0.38253680394561607
-2.9449150528273016
-6.103699439699467
-4.027570684868179
2.476813200264358
6.249270813227282
3.6268611858469364
-0.3226397846781801
-0.4906095933477796
0.5464870515376872
-0.942116415706575
-2.896974767232096
-2.710366090818072
-1.568987055512012
-0.09843946398616973
2.27889200652166
3.394737289067068
1.431744042851782
-0.27123686002695463
1.6211262175115302
3.3633173143902
-1.1186228542420817
-9.248679285837621
-10.35162522921623
-0.11765675305906789
11.377377962094174
11.847923879460923
2.432044947421214
-5.619673619473886
-6.242895623356636
-3.226962722871548
-1.6573667708584747
-1.3123630839347826
1.1024524789924999
5.926102504650576
7.730327710999575
1.2093139088422908
-9.027791171772694
-10.875085491192767
-0.8126140282522074
9.613831956934774
8.978960165782421
0.6685533766005073
-4.64113847761202
-4.615260288136859
-4.0948973984964825
-3.3454225408144898
1.3790989229290544
7.659720021594092
7.975785636826258
1.1573352030350006
-5.571527491095538
-6.568804133202463
-3.367145810124623
-0.055261585992438376
1.7681942259495225
2.683093488502202
3.058715190843272
2.1843729552643074
-0.33554989794484796
-2.865945315064773
-2.7845888945252986
0.24039336985022147
3.0530668287037774
2.182998332823266
-1.9070572303961124
-4.930875065106722
-3.472173666215578
1.4396534190627341
5.62611190326605
5.780067317670641
2.035202719858407
-2.7687191840154384
-5.569938562155095
-5.024434008977543
-2.105087185653617
1.2128827144133476
4.1740025674509
6.57003431421995
5.825877444444098
-0.9234238096048369
-9.840635195814086
-11.05397007587208
-1.125054858375703
10.02089180094623
10.742586293972577
2.080778306723745
-5.658023641935798
-6.618166711903189
-3.3822119911002178
-0.192094478034009
1.892516058598867
3.4498130402868075
4.034148597969919
2.4210111372560297
-1.2657793254634124
-4.694590119453553
-5.176830075243514
-2.1251659564233343
2.5273517648006525
5.592729860929435
4.530795233412896
-0.07717198343802883
-3.9823812332669366
-3.4167104678445126
0.10790260204726265
1.5239405314329884
-0.7975199185124752
-2.6015003603588482
-0.09868439954492357
4.074951504404614
4.518709784623043
0.6673553880739208
-2.92586210509449
-3.1094385446020945
-1.791706946598685
-1.9655902423946894
-2.0673379485892274
1.7755311883995957
7.502271978390105
7.201995563508523
-1.2187275064293348
-8.717466984409679
-6.91651186188957
0.19208654368795053
3.184632735637957
1.3873885687901486
1.436222287267777
4.243391533996349
3.5837426074675416
-2.027814396321717
-5.8383634454772855
-3.6268424986686316
0.22259200847511512
0.8007993310712259
0.10554476919118741
1.8967196010849605
4.1982349474137
2.6759653279187403
-1.5976586750173796
-3.800455682227768
-2.8142564557315257
-1.2860452755423775
-0.023360048049925346
2.1101463432872953
3.9443077272311546
2.613269196181261
-1.575088025094735
-4.3053056513429
-2.4485662624768363
1.537406939439108
2.4289737564172875
-0.5448269603146938
-2.1747496998800866
1.061132169557379
4.833158484500798
2.6091098387350327
-4.269025618398919
-7.346652370688005
-2.271463992451772
5.2208430101767025
6.605711988086301
1.122938943442749
-4.010760289099668
-3.2931668770937685
0.5748626545180323
1.66148110840044
-0.5023945134421665
-1.284123169726392
0.9072199937438877
2.122636270647128
-0.21741539265127902
-2.781130428142678
-1.2893302425629232
3.0355872738520366
4.481379580673447
-0.12300343661654708
-6.2903067932730155
-5.870830693106545
2.129356814376942
8.21500953849121
4.308600157805937
-4.45497575525885
-6.5070948190104065
-0.28797818895222554
4.461817173537783
2.116632760477612
-1.447236530766057
-0.2616791756928507
1.8036433680975446
-1.1403942283874113
-5.775013575044602
-4.029060817507363
4.051663075287852
9.157779877612088
5.055735781925361
-3.4291149582651372
-7.416562489560585
-4.712236874682157
0.1542694124890227
2.9536889582341015
2.7145237396561455
0.6384145553209352
-0.6247019400670755
0.9632182741068889
3.539303644994273
2.400221471242022
-3.8440478506328897
-9.440129397510631
-6.591201818938194
4.236684253586466
12.159788087045106
8.080162276872896
-3.189232427002654
-8.672116390473361
-4.166643688434498
1.568640579229111
1.0075237573987526
-1.7142175030578757
0.4044186861727121
5.037814687245012
4.72373977297522
-1.2136964721863184
-6.0899424890453435
-4.998829747225145
0.2982682987277247
4.564499169609893
4.459557541099413
0.8341754743224582
-2.955126551887434
-4.039747290228861
-1.7796541200260476
1.9452639271626018
4.011956063434095
2.757159874490465
-0.615004703570413
-3.643533258347595
-4.457561690235048
-1.94230125283417
3.1570493409638796
6.526516206278074
3.701615088105315
-3.141117439552273
-6.4506758520807805
-3.2038304530448842
1.610673692131166
3.0587855847214858
2.2386845406877374
2.0794620676981723
2.0327915855055974
-0.053883067427035816
-3.572954443979608
-5.611363003188646
-4.538922571227294
-0.9033805687422484
3.936057983643062
7.676049631408244
7.089764482256266
1.2757005497857832
-5.5424437621374265
-7.33318216045718
-3.196877407498744
1.3344762752463863
1.4941650717274095
-0.6963173617141651
-0.1776778909058916
3.465221401578599
5.404030910928286
2.3026367244389347
-3.0593652713845247
-5.437586975119621
-3.878502580930943
-1.7172869227508714
-0.17797317020768422
3.20174838640975
7.772950439875296
7.042035237668452
-1.885468112679515
-10.681628471387594
-9.20355619510738
0.49545176975799143
7.298154298781426
5.772066652039721
0.750986157176432
-1.3944235049369644
-0.43800697150353307
-0.3160553935015397
-2.118445601795617
-2.3628422398560653
0.6351825367876628
2.7789596300443486
0.35244568197585124
-3.3591943269065045
-2.4138413116006805
2.9546105846284068
6.236456393456252
2.925857128140087
-3.98108545074397
-7.514375550380542
-4.4677576150939
1.7781905207315671
5.81817156239897
5.667285498216191
3.036621864071192
-0.17653729269631319
-3.719173157634242
-6.750553724482256
-6.21808037576649
-0.8105408003634016
5.210687557466069
6.508695574260688
3.430490143401419
0.28805753632521974
-0.9765536763297838
-1.7483888965485013
-3.0039662000160745
-3.525408453808472
-1.8479908772760592
1.216718168854393
3.1167690064040268
2.767947481932491
1.6210805354805053
0.8033206380713056
-0.6841452883403959
-3.367127968842107
-4.768138269803822
-1.9419377348103821
3.732160288337857
6.611180392593792
3.2468634108364522
-2.6147297007664427
-4.587666400923731
-2.3127349738953513
-0.6299108489539553
-0.6635395418504261
1.0703384177723294
4.242720776219611
3.819850631595243
-0.8930636726931055
-4.240589606334198
-2.8979182822289227
0.1803524380360244
1.5950859124753511
1.4894188298381759
0.7903643824269341
-0.5198570856377043
-1.2201217930644968
0.40505249114258507
2.1694219831592942
-0.18584890803313014
-4.626919493532161
-3.520172580041773
3.876018466568038
7.985729318256031
2.6067634368096733
-5.856247759884967
-7.771752579563893
-2.632945737580893
2.8786578268806235
4.91722348029219
4.927964942174559
3.9130300761784556
0.5784173041914907
-4.363890394391184
-7.467310565070278
-6.785889609512534
-3.0991470950673996
2.2013480866379695
7.285985621788461
9.276122613555081
6.328566197016955
0.2467697947258473
-4.844232907384392
-6.982077538063939
-7.425719502818888
-6.28156254519099
-1.116200674765729
7.106922474528478
11.367834984571083
6.865685804633796
-1.4076750972009349
-4.9276227268582025
-3.260699169239885
-3.002447679246169
-5.708968978270255
-4.768488880958069
3.0061435496197664
10.039213883406296
7.822174758642892
-0.6945000303364398
-5.186071773614039
-2.511753292753694
0.13041647554380592
-2.3015672424170233
-5.121440927256092
-2.804838784703197
2.518169469482158
6.174216755157248
6.939285123624628
4.578776716165944
-1.0826716204230395
-6.632336045936075
-7.20501268020941
-3.337480105941084
-0.32255611501526565
0.17040593491866884
2.1949352489524347
6.944003583213902
8.395705814260808
2.286146380854663
-6.109051868027579
-8.789933161262852
-5.243469771423624
-0.5257946056359408
2.916035605852886
5.475842543416127
5.396015657429635
0.7194922147495313
-4.843419425184646
-4.982090487363798
0.1391898483048916
3.926880372822075
2.8776076075661745
0.07092345455039933
-1.7568498746164654
-3.704805147762531
-4.940414153608496
-1.1640879216417368
6.857874879338294
10.218464649590468
3.0779697012355745
-7.679350027784821
-10.140998905796978
-2.8517589352509236
3.8253896962852965
2.9218658615119284
0.3970893303641556
4.001713613217464
8.44719562822084
2.1697222314392652
-12.101224763584415
-16.32151826244367
-2.0232597036606736
14.854539856540203
14.116888104118742
-1.1063980088422527
-10.043620073171034
-4.331985320893567
3.0535224965644443
1.0190620517821893
-3.2348331944619493
0.7206599767603854
7.168420320222011
3.1822085041999086
-8.451962130751888
-10.835498496638458
1.1443562408181682
12.042212701656407
8.653788548580012
-2.5677110759791244
-8.089283455348374
-5.205595660640972
-0.08658910206178866
3.0405645631071523
3.9296541900190953
2.5672801327135057
-0.9411893760102955
-3.997163352413666
-3.0414050848766245
1.4308099413365798
4.160872180190382
1.6081076815871074
-3.082528066510964
-4.118745592639534
-0.22237589698254828
4.5454536625387805
5.50467728439633
0.9611577605231512
-6.638961943168506
-10.372232363166182
-3.4735391867076535
10.257879044760902
15.788267715948166
4.825690695723982
-10.98955973369798
-14.238572646012463
-3.9403519050052296
5.772933069141505
5.749560811874184
1.0887811244131456
-0.10374328741240926
1.7486971488027518
1.9925438287438568
0.24927839036921184
-1.600338323411339
-3.89396876828525
-5.789259162238115
-3.098006293845904
4.593760688941465
9.57018027950791
5.204262524448999
-3.8693539173879703
-7.346517140105785
-2.8431657816240197
2.4500652566841317
2.580371116087064
-0.6335990670360241
-2.184329910802626
-0.3537073024994568
2.602513852218073
3.532527207186512
1.2625146300489007
-2.5184554731572732
-4.930352057469903
-4.021848428950686
0.4487149542875967
5.992526940146193
7.433569027035721
1.7463990230999444
-6.711340523202805
-9.313168239775642
-2.8185882927150843
6.226889508557519
8.619461960025482
2.874314683127288
-4.020627559469736
-5.525669787559325
-2.08069575023159
1.362750434526271
1.5451142867661891
-0.351285000352765
-0.9897124897905992
0.9872548931332693
3.444596640715355
3.3137082206869146
-0.013906321177338324
-4.045221046814245
-5.367410933112003
-2.735007785104651
1.5600452613667426
4.070278954188615
3.6381478893451535
1.3218394002254572
-1.5685555392775348
-3.420048313587431
-2.3470228117856236
1.3492456546686797
4.230849320118248
3.1460904015642104
-1.2115310960464973
-5.169232839025245
-5.498489303443219
-1.4048418896062962
4.79789663250039
7.807008434054795
3.442636015918247
-4.841041686422646
-7.5963278201979065
-1.2661771906448014
6.003207022728859
5.065559679205665
-2.054135580667607
-5.909169977247308
-2.514956988832964
2.5423939719475763
2.6122627919657675
-0.973001029378334
-1.4059922002702072
2.930973606353326
5.48753442027741
1.305701250631847
-5.262186253440035
-6.616066881906995
-2.262547123307495
1.7815147487186465
2.25403000140585
1.7910784649769504
2.6049058783757943
2.6689120411476184
0.308833937171933
-2.1478624006269738
-2.3454604860617065
-1.6857027521694936
-1.9391663604788618
-1.6216045835509134
0.8519262688893153
3.409879965199374
3.02757422894603
0.3711707489130498
-0.9365749101386871
0.7134972714296033
2.546822529400044
0.6813084159639212
-4.960391686009104
-9.346620733664828
-6.418800774093038
3.7181338304094353
12.436170119020082
11.102265177879941
1.3266752906001866
-7.162445708575047
-7.76156588837644
-2.8377045579102744
0.6988120372777432
-0.3091666993538226
-2.0288378838557444
0.35234990452332304
5.042628849548786
6.099573746829259
2.2193203286050167
-2.26865624096578
-4.303707744462216
-4.402446906041583
-2.931768648638131
0.3858958182284107
3.6067208211158297
3.7726866024570427
1.1655713386117514
-0.7759519657990178
-0.32444724572192885
0.2571583996628056
-1.1956510671749367
-2.8864485857172455
-2.0926824736946017
0.3765410929591294
2.029432162388718
2.5366050181697974
2.6103247376525123
1.3018160696853531
-2.198478576087176
-5.000489272346587
-2.7881656509655066
3.1357301384322627
5.556280905266911
1.0329982472976424
-4.658782062107382
-4.524295503209636
0.35269379586416216
3.651752053088561
2.763677536701913
0.3586568439452943
-1.0291294791365395
-1.2253702466973968
-0.318628424330143
1.1486093434714664
0.9219443601308785
-1.8637752753099082
-3.658107452957933
-0.9658777668435541
3.3081859000877736
3.280889268351431
-0.4966787898614541
-1.6185304941348684
1.2748775347263346
1.8441366513216326
-2.6445307866611607
-4.954780938845024
0.826184407862015
7.364366771313797
3.505899698474778
-7.0057986232879506
-8.96023011392344
1.4667607129431237
10.303346266630145
5.9260413492194095
-4.939509818747893
-7.716836172579761
-0.4682260849289692
4.716773110956244
0.4719145565568569
-5.057797291592951
-1.3679485456593388
7.721807415632805
9.29911280887465
0.04100127615963553
-9.825665196284321
-11.020218491053638
-4.7385477526989055
3.021374264305433
8.215610175389566
8.75101431931097
4.623218193104483
-0.8888280346528953
-4.179172300153186
-5.053957155287886
-5.0622902242409396
-3.8508970872419663
-0.19887566193229145
4.374304027041857
6.216708366723363
3.9400550627488955
0.0049426135836354475
-2.4453608198871377
-2.7452956167648233
-2.1610047719722263
-1.4571842467963823
-0.36091171057075994
0.9260648946494928
1.4407469590121142
1.1578277935952823
1.232902955220742
1.6390659475057376
0.5368762876296322
-2.4005767062947134
-4.142059405361666
-2.23301337078169
1.3552755981751885
3.2288527984084143
3.127071963040522
2.0189114796149226
-0.8393076474694584
-4.244991181106955
-3.342360099312086
2.2402781646497587
4.507165500868709
-1.1923270634751286
-6.892960377073783
-3.0611954336932796
6.299113185686571
8.894938162786172
1.7722895095612874
-5.538225980559551
-5.48675124019996
-1.3508346838356446
0.6521337233439338
0.2957535200445308
0.6071175857600297
1.9201313405521845
2.3220165940747988
0.9848478986390551
-0.9180432875125967
-1.6221215075949025
-0.8678766774652511
-0.23598321378842027
-0.7361932215253294
-1.288369750838691
-0.5084033430676151
1.266319824104602
2.440264057761896
2.013520160652086
0.5388236741369895
-0.838026035695077
-1.6462846223262737
-1.8360578222096227
-1.3636627223097662
-0.582830057402633
0.2834277365885485
1.6985913078161037
3.101233282748356
2.1524615253879706
-1.6881248165567104
-4.5895822629871725
-2.6107010371735346
2.551106597232261
5.195588170713704
2.7167567463148288
-1.702846717683502
-4.061923865423307
-4.242376463443187
-3.5018169198138005
-0.5954043112175295
4.97382688834896
8.646450856683
5.661173331418438
-1.6183863136348309
-6.496232466448215
-6.387780214505405
-3.893524695391948
-0.9888312335218516
2.7601328150056332
6.106037507497345
5.5271631397040535
0.7541044097232888
-3.4223436402974627
-3.4088251085348777
-1.3473631747262833
-0.8218255258560462
-1.1501081959518626
0.5363734349730503
3.362572575268347
3.138055530704749
-1.14686748134537
-4.848941593166187
-3.2136434179510673
2.562819698352321
6.616623585760708
4.941632336314039
-1.0836393242218194
-6.837776064585537
-8.058408482740363
-3.4305301672125488
3.947710105363418
8.273794994016683
6.132558487239551
-0.010206130533471879
-4.384405270908821
-4.0742473824044305
-1.3011592868035884
0.5095087168116716
0.4822600822945567
-0.35525841156814686
-0.7697732624398823
0.06573997738896924
1.7995032169987244
2.897598297248619
2.2101010927936846
-0.03802929499420646
-2.7315465592113406
-4.3955175600583845
-3.4491464611817455
0.5553652165039397
5.049503782280338
5.528659040159425
0.7867019926607798
-4.421196487680673
-4.719820638458812
-0.6411010218494443
2.83605086036242
2.7001655312317316
0.3179893679039476
-1.551977026798347
-1.7651987977691586
-0.62574512691703
1.171192822258741
2.159277589825926
0.8150074934363418
-1.5668699182667152
-1.5463673186264657
0.9491362751183754
1.5768017276919606
-1.5330508622745758
-3.9002368309240047
-0.9744921745757569
4.714696427848663
6.381006026700368
1.5644596692562782
-5.233619540577628
-7.876054412346291
-4.270500176491165
2.561042605672972
7.212148442518927
6.304508024272049
1.6034059285914943
-2.0847381819893145
-3.1812940081690773
-4.754805558830977
-7.123124688481207
-4.397849762511744
5.539985167726384
13.509364210536134
9.693841159788079
-2.6079047881784523
-11.101952842522953
-9.265582687291767
-1.7275023161223226
3.4962457695220484
3.961177374151164
2.8364428317609103
2.65672061462646
2.399983456254782
0.3113534646805419
-3.2634063210157396
-6.0366708021560225
-5.363204137947604
-0.5745812376179572
5.169565819669259
7.112214706244644
4.181037759817032
-0.11400665353506376
-2.748658556681426
-3.9633347927261053
-4.389190622797492
-3.1571120586548282
0.09434206526958153
3.7499650687658614
5.233580559819893
3.1356572370436697
-0.7933689786947663
-2.8451361515694678
-2.00194793444393
-0.9550167167416809
-1.089510020866686
-0.38664202003241943
1.8324878285662167
2.436806507784138
-0.5634468333396558
-3.7220256475084144
-1.9767125517222113
4.156733842920113
8.11374865130793
4.860560146670334
-3.351865911543673
-10.071243979121196
-11.013919318678683
-5.938799672074686
2.856221756675561
11.2461291831193
14.198523838899536
9.165838801875704
-1.001761336351255
-10.1214110686326
-13.632473283205643
-10.538632195499448
-2.376429731312262
7.005054615261135
12.178699557152434
9.975810701552053
2.667268235659325
-4.210851862873206
-7.097525098005785
-6.515890927270119
-4.239150511406589
-0.5475497834381309
4.0361920595296334
6.507108854172868
4.303375644003437
-0.5034843861806948
-3.1979407505741673
-2.198013570194812
-0.29719305535290763
-0.32364480501420445
-1.6107787214742102
-1.4468318821762354
0.9150513659581466
3.0927240937952853
2.803968954146798
0.6104653009546135
-1.6531410821126995
-3.0796859590532395
-2.8981539774528757
-0.2757731372921004
3.2726667036535773
4.1681336030323175
1.2639520520214744
-2.335659271784636
-3.1851463409662646
-1.331998578412348
0.6221203983022051
0.9344908418662654
0.18398605136342744
-0.07589026510008794
0.8289056022421906
1.8742079160720437
1.001925346844796
-2.184748556195586
-4.338400212454973
-1.6885025449913513
3.870899358060658
5.603155783320853
0.8467074165846576
-4.49185943813141
-3.8910708811190498
0.6691720005116979
2.540151686000598
0.42326311621413854
-1.2870345217098142
-0.08555690953089061
1.9150547085709193
1.8262826200281235
-0.5379995221457518
-2.7378808201986824
-2.4321790892939967
0.031411841169202676
2.290583235437658
2.6763597367356113
0.9563809990052898
-2.1758678014279353
-4.137012808365446
-1.5133725735967531
4.4098910279578005
6.562321123894496
1.0466695479836698
-6.426432151435322
-7.5127383224601285
-1.46652841978341
5.059046420795074
6.283367672813788
2.769452579206487
-1.098396738293972
-2.9504168195772866
-3.4999523985976007
-3.003399473136114
-0.5314876837267546
2.9553717805276545
4.383669908023456
2.4629274364891676
-0.7333346120605246
-2.8140553472590897
-3.3237441484595407
-2.375951838867044
0.3188419814611174
3.756330138599422
4.892647071087023
1.6778649974790745
-3.462013116494953
-5.350343260785701
-2.166955432284382
2.207012777526324
3.210047309054882
0.9020035021468972
-1.186581743008969
-0.7797994310496168
1.1065673434904377
1.9610909735425
0.39171987004433595
-2.5738801000668103
-3.8796477419919877
-1.1091485599567323
3.747311624256089
4.903550416961786
0.07145314974504326
-4.904292900272154
-3.3436867932845296
2.2794604076948257
3.8884085299642255
0.008665720489435121
-2.813054736135955
-0.6689569866488979
2.5833514801414235
2.127624608110138
-1.1660460819305873
-3.0674110300376944
-1.9328632064463072
0.08061467719255867
0.8407420205461813
0.9949185686060195
1.938108556326995
2.6885159700259247
1.0811891175628676
-2.3860435430709757
-4.336173799025145
-2.6395333873925577
0.9990535897594297
3.2881060459612175
2.8402704125127296
0.6051081597134569
-1.7719372740280397
-2.6218337010965875
-0.7415168551595712
2.4922634078587422
2.8767461661457907
-1.35008343472399
-5.228659201858838
-2.829481736722038
3.522937538464919
5.779628692518565
1.8114300448447949
-2.218758065821925
-2.0042058177570876
-0.7107535747139863
-1.906232108169364
-2.85419691844843
0.5184872450059166
5.481971124287508
5.089961622757234
-1.4827013661350925
-6.5353301671520025
-3.9284846186512086
2.5196300995019163
4.540152034581408
0.6832657793025192
-2.7293977970755536
-1.149555071784802
2.3883894385028355
2.3802695605535704
-1.159455079539758
-2.8135003727054313
0.015561758579583343
2.4157230969777927
-0.7421746900820583
-5.2643192610226315
-2.629976857897553
5.633026814307754
8.085411933933596
0.5664998510910678
-6.637913372186189
-4.1045072853806035
2.7882015093004204
2.981554773640159
-2.932332493988244
-4.464379397845336
1.5412284481270537
6.176547958760852
2.812558793091554
-3.1774047502404152
-3.463498456030152
0.7722172947621511
1.7381150048052587
-2.020352347413524
-3.4733138322468107
0.7657516445384767
4.681837742566257
2.904324167920369
-1.371130964152183
-2.7533654224052007
-1.3816997123167942
-0.15602279189973126
0.7093295695006181
2.048974291818179
2.072036717143526
-0.9996341234110427
-4.336534773669635
-3.2084270564679462
1.873324710011675
4.950660099838895
2.607802933777688
-1.6424915618796343
-2.778243778929998
-0.6494769348087518
1.121452266863728
0.23593501506831438
-1.7392849627790175
-1.4598616578441346
1.490648547097007
3.327334618240216
1.2342811971716134
-2.1972427598536743
-2.428737520972603
0.477067210558186
1.8488112376713441
-0.7139559918180821
-3.3344804022983463
-1.1792138449328284
3.9947187998894846
5.531026368843637
1.0487488165805297
-4.356133521493592
-5.305320898129686
-2.2587848249311295
1.3387459183425015
3.6620591355224636
4.089956802876242
1.9715521739112993
-1.901694764574368
-4.6998539606345595
-3.9044868226685794
0.15453861850834438
4.069841705291342
4.079526060115916
0.3277588895502513
-2.5702124676139744
-1.4400490247317799
0.9019507975573854
0.3247272074361376
-1.968674025238274
-1.8197026895531094
0.8823703645733254
2.208840948539988
0.7339778546028491
-0.30012553548377513
1.0588782602258928
1.4589303907818625
-1.8250583136701752
-4.472163242480844
-1.0299265460119318
4.854446777707118
4.364528698303049
-2.4520612906453896
-5.901326907295008
-1.5374988077509595
3.8372613720881947
3.8399103114644833
0.8333114783022783
-0.8682961213105366
-1.836475548190458
-3.363626045486764
-2.908037163963881
1.3201993990700454
5.3472363783935535
4.104313349834608
-1.0903438043052414
-4.20726874580919
-2.5608544827599067
0.6786501766690918
1.8196691456575818
0.9610672624878182
-0.11338455466382731
-1.1569245684551106
-2.0453360454114526
-0.8842052298372978
2.684413090314814
4.508024616302864
1.040234715028368
-4.156862775816131
-4.490305577663948
0.009986747927050985
3.0498819961784855
1.8696217400397195
0.25165149014816884
0.7229815739824051
0.38321341063987857
-2.6390569459898408
-4.385453529047478
-1.093201089438622
4.008551623232487
4.747213036649548
0.7919911017176452
-2.2589259042695002
-1.344021621597691
0.18298233421067386
-0.982442922261083
-2.334223776136308
-0.3635113661697436
2.5493700255457092
1.7312739358571227
-1.4090633680700395
-1.1458723429659277
2.7074551138762026
3.70224351224205
-0.9321840145572684
-5.637286632720365
-4.797658859049321
0.16625938485860337
4.346146766378445
5.138843997329169
2.834143764284265
-0.9084678081282151
-3.9597428115728337
-4.767178380257611
-2.91755424654181
0.800711405498193
4.004863808744843
4.161450321795944
1.8805758857743802
0.27397849720348655
-0.01472231132048393
-1.579312473221403
-4.984288393063832
-6.544393347537704
-2.8922733054635668
4.523796824624257
10.113460712734332
8.545618907541252
-0.0342794511958823
-8.439409167886485
-8.959742520179793
-2.366119932687985
3.3255585892018122
3.5876586506942476
1.5854602997860687
0.80830405636983
0.20656403567913914
-1.0163848544647849
-0.525930888148893
1.7127892514525203
1.3392024212183051
-2.8400979086144544
-4.989660288747194
-0.8914613532874512
4.701677543587501
4.782319700020084
-0.0036282775817999824
-3.4374544410720054
-2.5412396802500674
0.3334762057298778
2.0137985717199407
1.558752063830634
0.055448367406608474
-0.9439428256439358
-1.3891307413523217
-2.246578976449796
-2.3313813075951364
0.8110538542127901
5.301975630116564
5.462613071685722
0.1695926229059711
-4.831407175515313
-4.8287094132913095
-1.463178836450038
0.9843049055200128
1.113109375667504
1.1407863052113414
2.7668196782730945
3.4234516766421055
-0.20424371986160136
-5.089823962156676
-4.197009607428717
2.47802642770478
5.81845496709566
0.18144497903877635
-7.465044733483372
-6.462839745062052
2.787684465482322
9.561636509636521
7.259614430742693
0.09936664130154826
-5.180893224181153
-6.875660791748506
-5.613111337501244
-1.2227892064169397
4.492286768591629
6.962679519890331
3.8116246005816157
-1.8741672535222413
-4.521032681485523
-1.6316017593323304
3.2223023087095215
3.5359812207227796
-2.182159117122281
-7.234521952940309
-4.868862878094758
2.5196046202312723
6.9195714669174775
5.326031113635106
1.5419493227616294
-1.0015016651637778
-2.6938272146340743
-4.221686656378334
-4.288193782959297
-2.0751775273879405
1.1209987836604831
3.906803535956091
5.752206493524986
5.176284153080946
0.49579435826643287
-6.013676691280528
-8.247215576307319
-3.4763827305474284
3.171144830320957
5.0291858479453175
2.329443084712129
0.06509304063784975
0.17735964495892076
0.7523939360474521
0.34402715132970646
-1.1077601203175507
-3.155628107817599
-4.031518052177775
-1.7045913357752993
2.7224264820760395
5.45446246165888
4.618407238770727
1.4547709626719076
-2.85122771537823
-7.036783419424367
-7.069196814324774
-0.06494983072598329
8.731727796925492
9.793521341596792
1.5690290199082695
-6.981021107116005
-7.858928177868491
-2.832250069008174
1.6987628590744197
3.5409872074101156
4.113090070845706
3.0543397786570896
-0.7624563686264978
-4.615631219680473
-3.8834874302221696
0.9963126384973118
3.8107394732879647
0.9130449665850267
-3.036794935003291
-1.7122915411050443
2.9352714294018925
3.504850258778813
-1.1043439598432605
-4.080592412365595
-1.3464883161263015
3.3420602530255232
5.083394206680036
2.88202010057124
-2.7527410793348497
-9.836614102926475
-11.706958054267739
-2.519793975801309
11.873128752631452
17.33706179583457
8.836962152418284
-3.71167254468229
-9.69575752006417
-9.289228088405757
-7.246848990430156
-3.8046637321883
2.612012862786174
9.007124172391674
9.919445317867986
4.429239624745037
-2.5205618707779855
-5.882828105596972
-5.20649938901707
-2.9200092398744215
-0.4746939165809194
1.7628289092481544
2.611276183131575
1.0163088463093688
-1.3558702092473953
-1.0297198497807587
2.839354808990407
6.3138746866179964
4.2157758985945035
-3.745114416255047
-10.802262094987757
-9.287620127904969
0.099106166170877
8.305640447185445
8.632152344791416
3.534782637770252
-0.8084604721039915
-2.3554353889576167
-3.0826147698450295
-4.022273795316434
-3.538967275131876
-0.27874329432114275
3.8435729012440842
4.890518229917574
1.6594382712618598
-2.1662407530172367
-2.4715318241157953
0.1100040526289415
1.7834015750886607
0.6838288874187899
-1.6618811218160847
-2.56480598522863
-0.9614148334135769
1.4690693585412957
2.3455608379379895
1.1774100046340035
-0.8632514355287713
-1.9981066489874824
-0.5205876893662228
2.7184252765800876
3.3085241257256524
-1.3075098123232964
-6.342493676536149
-4.458431241849611
3.53969873241296
8.059982797004244
3.2962871269160114
-4.486312001498843
-5.668764062491747
-0.32431698482582705
3.206603638275154
0.7712349172179893
-2.693461838299075
-1.4880293924460544
2.7483406087044395
4.328377149379656
1.4987432402156393
-2.512314966845505
-4.1247706092946705
-2.32859381037706
0.9348563421747799
2.2540965534055757
0.7901822120289773
-0.3442709926085443
0.7777073585283342
1.6318588849944742
0.08763242003730493
-1.665228268244849
-1.2770061768986851
-0.3151240951872267
-0.8467737227839006
-1.2251258826129967
0.8809754658457408
3.3818086764773136
2.3418225757693767
-1.2090288328420806
-2.374364179003928
-0.2760217852376926
0.9437857220797116
-0.6074166363364603
-2.0773248974501133
-1.1771387275068843
0.9793403937134234
2.4763080436665317
2.3186582955719146
0.2894415818854463
-2.1839347157112377
-2.3516566832010444
0.49141212636918213
3.07834035556193
1.5654521819928817
-3.145664916322809
-5.310887805842554
-1.2766781388408839
4.897861707922257
5.953757906716575
0.8659854748033088
-4.12235302016834
-3.826729332745266
0.347171368896794
3.5295465741007344
2.828027765903165
-0.9718854378869982
-5.083098024560309
-6.8989066367310725
-4.409963095657918
3.4746142749351714
13.383018756006289
16.127614343875244
5.4763068458013
-11.957205653612343
-21.629317720071654
-15.95892481271287
-0.6058343407960709
12.810422636219315
16.97020327556528
12.167257289005413
2.476616287514103
-7.754674448865496
-13.394211683548416
-10.042694113656204
-0.03174342240682616
7.214508277098873
5.555355104919547
-0.23188853067892876
-1.624729107988929
1.9486660630508628
3.6371490193063845
-0.36711093430443886
-5.634803311745807
-5.266006878206653
1.568639638488133
8.247408373447303
7.84536211188182
0.46712095103458307
-7.8708489955863925
-11.992858646969223
-10.110183930333443
-1.9583904870704714
9.766626329461161
17.31252311490851
13.878993283835882
1.927845402629201
-9.281629929728894
-13.752500536267279
-12.241512415929185
-6.937548993358181
1.7858541183846393
11.408376214699773
15.01481823130865
8.319681780742744
-3.1351181329823548
-9.410395601029741
-7.945018534729817
-4.221970233412579
-1.5352471075472764
2.194419853512368
6.491213045361941
6.172904343447308
0.4541206184099908
-3.7898331299220414
-2.0440500411017877
1.1759913081260231
0.02171799341248658
-3.7275878840612737
-4.164105377577862
0.07141650959151111
4.980173299033018
6.473906546804737
3.4060878472298297
-2.241522239501479
-6.216763402142627
-5.247630563481436
-0.7399112167735807
2.5160325999673083
2.1829371147816183
0.9784006208411024
1.9843372122864467
3.596650947812733
1.9654333409553997
-3.0118170658908396
-7.085794142653404
-6.352541807941095
-0.7555183253005686
6.010208273651089
8.795241167973737
4.932089924851545
-2.4246651622500597
-6.559844658701892
-4.474117734960199
-0.056984366382995505
1.556486973051582
0.38784456356284036
0.07254181294972653
1.7632804651468599
2.5817363537998337
0.2925172461814894
-2.71435678739458
-2.155134929580384
1.7051372785114594
3.3109866912215926
-0.5613657185000999
-5.256617004867204
-3.9404596994456096
2.7348230576158463
6.940666213660305
3.905404217419232
-2.2340676981297345
-4.853968972207847
-3.240096142279412
-0.8875131359477393
0.8731325967573635
2.695341802651923
3.566887479301667
1.8872678822298137
-1.4683257617412673
-3.7065326651051325
-2.8233550322269516
0.3476386435665497
2.3109527130634366
1.0590332411555405
-0.5135258421958009
0.5934607148246858
1.523638866052648
-0.937232584150327
-2.729823772630663
0.5326007710710079
3.814761869695489
0.5342419732241493
-4.854054351930575
-3.6344633066775653
2.2288975903897312
3.833995795023553
0.687082238508741
-0.1656998637390015
1.7168521835019956
0.0935580447126709
-4.385066342755437
-3.767620954538618
2.691061952551097
5.637901970205894
0.4471996069860593
-5.0343221834375536
-2.7682180650371695
3.090524194150422
3.385784208163437
-1.4992061077403296
-3.1912403435251844
0.6617539597853915
3.272454455667559
0.5771444368744211
-2.376846909231933
-0.5752520815059429
2.475821253451718
1.0212649145982364
-3.2069712331648477
-3.950330988684201
-0.18211522211706455
3.216849084690088
3.1692961209925317
1.2976053292427565
-0.4551331841850555
-1.8730806096835049
-1.9729836516206316
0.2660803531931324
2.238762519681675
0.31001242394440315
-3.406660117071
-2.9152698111880424
2.037995679428492
4.613413529193781
1.2023849126490167
-2.964293740998672
-1.9155910904357487
2.185373098815663
2.8046081542166172
-1.0666892235029921
-3.8271346436957017
-1.7901827087686617
1.849163047671412
2.1934340546764473
-0.7426191319568863
-2.8533086793857043
-1.1704069678458944
3.3436200715591156
6.9562520751786785
6.173445918152186
0.01929877914573004
-9.112842844238436
-15.174925840595039
-11.379203073061527
2.2270390825131616
15.888561271982141
19.247306801939683
11.143750015402343
-2.2984865439151907
-14.351202630305094
-19.086047136291608
-12.442627578967944
2.3359087671119463
14.229352715625296
14.662324598928658
6.030027766968272
-2.9274731794683526
-6.8705933495163825
-6.2366226421757505
-3.5918933147542367
-0.9701878479215758
0.7943355028882207
2.1160938468854766
3.6559888486616385
4.631326907908944
2.8751901490126985
-2.066942527267755
-6.425242514785901
-5.5139994020449885
-0.12905961970517954
3.7836412713101195
3.2078179669677933
1.4633562662580124
1.3640031155364933
0.5642738217581474
-2.612991570852173
-4.446890177900309
-1.6024041923011452
2.8773294334818464
3.7659620869372152
0.7367827311190005
-2.2597395067577297
-2.4097595308099713
0.024541549078190728
2.953269995538833
3.2163963526285917
-0.914703832931407
-5.768876854028056
-4.933055603111806
1.8308166294381365
7.025791758002551
5.085134745225706
-0.8912549470074496
-4.324781459936486
-3.3580265468275288
-1.2241636419570932
-0.3899999857355831
0.5236732980421996
2.9827434808410462
4.3628359848135
1.3390561111583215
-3.8219809146705774
-5.367919364742971
-2.017469305751939
2.1156330440250546
3.875904616583769
3.5267014866771635
1.6490037011221905
-1.7582340834285455
-5.026724243433391
-5.09277421121819
-0.8578022972908704
4.904361791057939
7.298447206505459
3.4983466986264755
-3.7222755339436637
-7.447117434395646
-3.655352778700698
3.4565507596547147
5.63700931328072
0.46835789178897735
-5.630991413052132
-5.394014601944383
1.005885868451323
7.1571959502269875
7.682932686204747
2.7572282147659575
-3.35004685495218
-6.648285644564651
-6.1185996814628245
-3.14560700736304
0.39676891252931334
3.438486693533719
5.570192259981188
5.715053173572453
2.167676987813079
-4.271947816376116
-8.317426757154365
-4.897719150952251
3.5140769673580246
8.108842294852392
4.2377263409355175
-2.969802213660233
-5.874862791198479
-3.3484389451397663
0.36673324654377654
2.249991599680788
2.556697089257574
2.333175224890893
1.681662820845185
0.14442325553319046
-2.14140663918907
-3.7616085461119253
-3.116905916920256
-0.4874150510743287
2.1198277512041495
3.4035017721431124
3.4186507626125566
1.7823316514241747
-1.923208571294675
-5.1938778747384555
-3.9495767988903197
1.2103285767227596
4.3325685856068255
2.185688982389925
-1.253251275268865
-1.0270836460071264
1.7420068153197215
1.9502888185181848
-1.9140492490175676
-5.120703130885184
-2.9586898447312215
2.3625281573062247
4.714196920730922
2.714972942960469
0.3276137252404436
-0.46581257941831633
-1.5953721519342174
-3.390948494689806
-2.9845522035159227
0.5837430849716841
3.854696863912118
3.133814528897475
-0.6610987633006242
-2.7987003747919954
-0.7800487695798993
1.9784951063047218
1.0842527583206838
-1.9374286496925004
-2.128226879653366
0.8556902971320935
2.4516139359439957
0.5778263342424037
-1.5449135570203105
-0.8159184986977277
1.135242633643795
0.9525935195629847
-0.957053235111343
-1.4459812187983372
-0.25525597396914596
0.10275263329981982
-0.2263538890242836
1.0440324794707947
2.716049156742255
1.491189828380629
-1.603688283034425
-2.6428457924735453
-1.6580292677388009
-1.5260775974911924
-1.0169631932661485
3.206521181853335
7.289333833156709
2.99331755317183
-7.155698361789632
-9.53528848275643
0.11088435263383534
8.63257339245663
5.1647354645404535
-3.5006850834585657
-5.538463583720404
-1.1121360506223268
2.5066030941989776
3.7884569646506967
4.644156647011376
2.322977402650129
-5.280948370683922
-10.998610168247417
-6.365089677746008
4.124577231073542
8.026178405054464
3.8695642478546466
2.182777205004483
5.435946624213767
2.883689380614915
-8.446095977681717
-14.65944344113587
-6.1349253388878235
7.255113105801731
11.368199730116286
5.946339691333807
-0.4554311164797362
-3.66527567144694
-4.582762420733545
-3.6790914462326616
-1.1075152172975784
1.517496121827549
2.895697386621907
3.0866828296351496
1.96725309169381
-0.73409830373352
-3.682750169564879
-4.183384983770964
-0.7578157178362899
4.411231132798353
6.022676532051335
1.0667243227135783
-5.976572776411018
-7.283399363211737
-1.64212178023408
4.509419106479775
6.322416771407679
5.312489255994527
3.7293510928494498
-0.5429046095693375
-9.14446584259185
-15.600541271619685
-9.865141019158802
6.956435795529355
19.782047941838034
16.5745700948931
2.0232064587310927
-10.453464117530011
-13.626885244237657
-8.862156710897747
-0.9356338009069698
4.657228985362439
4.928449495600539
2.7510987103213043
2.722304471790261
4.183668202673476
2.969773902005078
-1.4314499294962142
-5.333985816513517
-6.88427619570453
-7.818436872238085
-7.726783552711774
-1.3119365124781877
13.364954597109408
25.66239799802892
19.629432012568845
-5.33956672636793
-28.294553097691544
-28.58965564607773
-8.952136877230592
10.359879860531231
16.200613360619162
13.103311668084492
9.482984475767948
3.9524685362565197
-6.265424737434435
-13.285625215269388
-9.076352190354577
-0.20133769821906575
1.8796756589932277
-1.3557033183179874
0.4928573496426292
8.395981005596376
10.81129667337185
1.7202762951253852
-8.251229082339428
-7.253671711887828
-0.422663459019763
-0.28611294012273963
-4.599429676548789
-0.33885972559518573
10.21873618721198
8.90925117698823
-5.874586915720237
-11.883797136147512
0.25029352459972487
10.840629759649005
4.16699545061413
-8.439781147468736
-9.285548416310661
1.491161512170161
9.979123703001871
6.52081666529917
-4.026939243225148
-8.714574354428487
-3.0559491304627757
4.217086763532045
5.360147412589957
2.6724099837105246
-0.21208208813999702
-3.862613458637023
-6.478400162661505
-3.5552797808321253
3.663446999891219
8.102019519291659
5.600907387784676
-1.37165503825238
-7.396720923747478
-7.732843685711623
-0.8051642211830484
7.7922885471477175
7.883300566591127
-1.169229391067915
-6.432921260287161
-0.7604577580035172
5.532200368690568
1.8309771290792733
-6.9867547642331305
-9.441391967880852
-2.482017009748061
6.508448738028885
9.37662835773755
6.533226873248264
3.093608945371066
-1.2353800924002962
-8.670069671212392
-12.977181021062957
-5.760020155663605
7.738892958195783
12.36035214097967
4.397785380146763
-3.910142568533624
-4.3334384560685315
-1.9680683404461052
-1.1781943981366967
1.159648563990917
4.988894977174324
4.011580112681493
-3.6303735005555873
-10.124963431946922
-6.50218654228174
5.67284705951684
14.309354794575057
10.016104329469833
-3.8267656051877657
-15.26449035676224
-14.553612403937493
-1.6703950631238176
12.723336903986795
15.50811817085789
4.831945724504756
-6.717534817097931
-7.714042626048577
-2.1093295324851673
-0.40597555578136324
-3.0351122365645766
-2.7366756438643454
2.1355136002998703
6.661333802304669
7.280735506123486
3.0518106792662327
-5.408992619946884
-11.463710339644235
-5.914658227752183
7.195424808016505
11.15279233100131
1.1236211182592704
-8.284835130250672
-6.4325350075768215
0.6947940164696539
5.081709819475212
6.487241587706471
5.114345431818618
-1.5232781343644604
-10.793754971037876
-12.90012870505635
-2.224615132456689
12.93709577736485
17.54203024932072
6.232070142274662
-10.522464044894184
-17.022108715255843
-8.42618127982534
5.208634702588576
11.8275077331492
9.364029249667492
2.0461861891040294
-6.621817726258594
-11.777791168530255
-7.427419967980983
4.463738155175824
12.284833075266885
8.069550064977793
-2.6446971302446296
-8.395952423229447
-4.992160554809632
1.6498314201075925
3.0678277956568554
-1.6708409271274338
-3.7521205673408744
2.7965881478547447
9.46489896491049
4.568634949801233
-7.578761621357825
-11.658957157753276
-3.067494714438421
7.069214330507094
8.353703504107001
2.914119022598227
-1.8609616842789904
-3.8615583289040254
-4.185576834128008
-2.1672687919459506
1.3073819036951553
2.134233009536472
-0.29646268466262204
-0.762819580320121
3.2065680654185704
6.018125584496215
2.0541115660575264
-5.467005603766689
-8.519576062491282
-3.9374846843484956
3.872231229586722
7.436693999385321
3.3768362902095888
-3.464230928180365
-5.304951756104323
-0.9418909259269923
3.5341579759385184
3.226560770801641
0.03341861009836531
-1.4002378568555396
-0.702565849321235
-1.0306262437801696
-2.2580818266542897
-0.6109779441474642
3.779008205749769
4.892177692341118
-0.57089621545864
-7.012045347615715
-6.422807006812035
1.0984763104094537
7.247209916071189
5.944326095479701
0.5052985854087799
-1.9238490338188614
-0.6028410963248916
-1.1763440320538416
-5.64757490359402
-7.608010368092483
-0.831245291656081
9.800228837863742
11.989948111648701
2.258953363971371
-8.31528040445251
-8.688875757206015
-1.652908488331082
2.47759970222507
1.042860388039891
0.548564254191069
3.935965703325259
5.020809617761149
-0.3541633728419557
-5.8336661992588805
-4.287584892801704
0.7451714489404548
1.5382837798171336
-1.1361545961225499
-0.7991768313865234
2.626012719119451
3.240484559342043
0.324873746005909
-0.7837746815036971
0.8473192178336167
-0.02632092992833171
-4.212556928411762
-4.758894209924943
1.3084388626061954
5.955492178666906
1.9376748542183873
-4.694468362230366
-2.985481840864648
5.491609439816493
7.764369632814723
-1.0640647996992574
-9.560772529740817
-6.861377257151231
1.64019871529175
4.825338400178173
2.9706765317912804
2.6526631672453918
2.912451981659201
-0.6860294346976032
-4.7819303395390085
-3.4540980201361817
0.3704808231135812
0.4809915677549519
-0.7997820861027667
1.4287711204997169
3.077775591603847
-0.9801827976857123
-4.607541111167659
-0.4312864902198507
5.586896210543013
3.7766203464748873
-2.420324491190445
-2.6966564425838464
2.3329504424030443
2.3036718194080117
-5.059459923248655
-8.857724967141786
-1.5933913216479672
8.701111206472119
9.827417862339395
1.5866744444903538
-6.40270486534221
-7.124388623496695
-1.3393204632322733
4.784489919435223
4.952703336185358
-0.6504220681632591
-4.844841247851255
-2.558309048730119
2.5134652606973744
3.478539556186954
-0.5188466068564994
-3.8225057167888465
-1.9466789549668055
2.6189304518262264
3.77849683062967
0.23265028494549936
-2.88556486131164
-1.5832572650611527
1.9209211931994898
3.482192780702828
2.25932024438517
-0.5808457034281554
-4.314734016071581
-7.011689694229935
-5.179253220410323
1.6674712331280273
8.597125013240772
9.709878148654662
3.7303159727072313
-4.869522834383014
-9.178124496852746
-5.696487360729429
1.6481645256238955
4.986435419891958
1.7338528728859326
-1.8355436440843234
0.20962461790257214
3.6432137092523846
1.0147340329323578
-4.311040560396487
-2.9158675408967327
3.200850841123172
2.8445360422243304
-3.945239851827722
-4.288785063238523
4.840447381540974
8.958678335463876
-0.7769107399491471
-11.362952153998277
-7.235095220711409
5.26701097304971
8.313182710438097
0.5442234038875386
-3.207461035332361
2.22645632810859
5.306051302715514
-1.052296105031387
-8.094833744080331
-6.609047594860483
-0.003539510368982042
4.189633708192003
4.8135983757244105
3.8354972802366336
1.5145277591957151
-1.4360743714464137
-2.9447876464129985
-2.5534447463026555
-2.03171414382609
-2.3723324466522016
-1.2553538601056058
4.09701591612208
9.677995395588143
5.762024661901481
-8.229653592785985
-16.20517761164629
-4.516763535638256
14.979293694869382
16.81071452679654
-2.2508726038072844
-17.359286208795506
-10.764471776402214
5.604947176590919
11.264233802360282
4.765397834889129
-1.3515909233810477
-2.123920127201859
-2.764643486356614
-4.483393013443512
-2.3533873537066383
2.857643936806583
4.248201127422203
1.0266265981125156
-0.7805342145767662
0.24817498452701503
-0.1912708649491163
-2.2949052886925525
-1.4214604148557994
2.282714577281064
2.645560448795695
-2.0096777878628997
-4.753968893987332
-0.401973082864305
5.6808853043197045
4.877195305296987
-1.8003637085813802
-5.3659160282569704
-2.336798185443961
1.5947652674039383
1.8372040287787734
0.560475978450634
0.3555720722759058
-0.20490883477215968
-1.7262129687427519
-1.2235430053141323
1.8845711119535942
3.0033890182587286
0.00018196941809323075
-2.575715419774863
-1.3408075017336913
0.4408684355343672
-0.2925495719095763
-0.5303872461323603
2.469390236893612
4.2481898317662665
-0.4168458221427948
-7.2221252824794675
-6.723698477121586
1.7798420890821522
8.769574502896843
7.438932318703462
1.0221739976487756
-4.198991598956247
-6.683837153735664
-7.017027749628998
-3.2396591616379538
4.777274061372181
10.063124516696618
6.039733071752771
-2.556422241075734
-5.305774974882119
-1.6064939409498256
-0.28751012329135356
-3.6543010207714466
-3.751774010141798
2.743709390862789
7.692943911188108
4.669084855932388
-1.2987782689262404
-3.255890932837679
-2.7383945435655477
-3.8565962913273593
-4.254345840920966
0.24189268423327084
6.536170121143969
7.533797512957104
2.435708255426578
-2.8652086794233584
-4.5677777024023625
-4.01655864070637
-2.6545395370063676
0.04196504928609855
3.1681124167048695
3.7875406168003365
1.1033945953938347
-1.6160903768115242
-0.9992746528801375
1.6249510899805593
1.5100948508949552
-2.581437345258517
-5.141405579867508
-1.0230615675992245
5.77549458598221
6.099731652262711
-1.3454029677283428
-7.44954771809709
-5.0278428772283625
2.3984015882637637
6.856501744386269
5.367764512336703
0.06057873592193724
-5.471075291785215
-6.665984099428587
-1.2181619771317982
5.196365037842312
3.8696239347126307
-3.675329409417518
-5.991492489846231
1.586366659588322
9.351165513912653
7.13594653783351
-1.7703918187136936
-7.118687982630471
-6.227275650840332
-4.077500053769066
-2.529961955474261
1.6972069482342138
8.237733032485874
10.20972217344057
3.7591336592545357
-5.309708824374841
-9.233988176519874
-7.353790094659309
-2.863143123350548
2.9475990457309504
8.096312856967232
8.248740817880371
2.7300734995526885
-3.362524129930713
-6.253669804110549
-6.68790986443445
-4.7003047798764905
0.8163393986795642
6.573910987316993
7.561992076844631
4.57136167208454
1.2390020561961144
-2.8044516183856096
-8.282211866654338
-10.586874253312663
-4.89428850526016
5.801046629331702
12.497168468283546
9.716096893713026
1.0730555959282397
-5.723760007884929
-7.48067367695013
-5.9771423966028046
-2.476937700436133
2.3395101103583866
5.147969882440405
3.3904346078599223
0.16150696196253272
-0.03596485926930523
1.6315121605164296
0.42912766543894404
-4.013881185574938
-6.072386635661073
-1.6472644892769883
5.201423492761683
6.6297150151782684
1.3155430350459205
-4.170493336808751
-4.5442400925815765
-1.267376273559224
1.9488114774298493
3.642421442731644
3.029986432396508
-0.6426094220479639
-4.732179188358576
-4.234966876298796
0.9386756854880507
4.608529585291211
2.955408739466426
-0.7294070241962411
-2.2219907241062984
-1.6517490797119232
-0.739312926653157
0.10813450071956299
0.7997494322782648
1.3193963510502815
2.275199773918632
3.0740659624865927
0.9560225435307703
-4.826382566049963
-8.973122769233301
-5.275271974817945
3.819136586603834
8.963836858677919
6.480200905700557
1.8856403752733515
-0.5517017131933235
-3.054676503999215
-6.547977102226382
-6.531562106242208
-0.948087720586485
4.922223660517341
5.691151770813539
2.6035839338434896
-0.3038093020468977
-1.8959123856962672
-2.4988904166075065
-1.2592228340941256
1.349708052677973
2.1224763139712053
-0.3811313983642072
-3.06988270594215
-2.3580194922853766
1.4010904861761717
4.3749061050447065
3.136005831800084
-1.473381070050081
-4.811402201076572
-3.590053508826943
0.8721324644541493
4.743004107702963
4.9541670557766775
0.7211896327523177
-5.403616292474656
-7.6631145266339225
-2.068114111175519
6.846350585726512
9.112210631455158
2.2677949410149396
-5.025206546524586
-5.910513793842607
-3.948050253661669
-3.6600042820594725
-1.0632342383346571
7.793131459291437
14.938750237722852
8.348784859509086
-9.434520221243469
-20.620159438161167
-12.978340184370499
5.2254527498368875
15.98305802514878
13.01006333085629
4.5793803193270515
-2.614147349271845
-9.866849397285344
-15.185387570592129
-10.083263456531332
5.7296615243590985
17.732143908686208
13.434204802485436
-0.902823075647022
-9.216894699934539
-7.120571095896132
-3.653093527818568
-3.277433082185496
-0.45278610269362324
5.645100880564875
6.99697190729685
1.9793330945930971
-0.9319450030608178
0.8187905070126533
-0.6966325488639188
-7.6931798192350005
-9.537431964943146
0.8031505271059108
12.711087427479454
10.881483669126242
-2.322852172361928
-10.044543831073534
-5.189764104284829
2.007576924621966
2.0322110377412668
-1.198379267568934
-0.08953178988412591
3.934330472761006
4.2334126033458865
-0.018182365044088274
-3.5732288974500768
-3.525637676162402
-2.007500615499796
-0.9464457163875211
0.9015166738465269
3.9883149036944547
4.732072086334247
0.3722993040303935
-4.844995897928417
-4.129529178485115
1.4153629602459907
3.466242253680637
-0.8396539573572771
-3.9435753562642204
0.281200145754045
6.097874825602886
4.267886906033066
-3.4852396818849
-6.984469411599099
-2.644466022842763
2.8742805222513326
3.7945109363881424
1.5981762698281226
-0.3554837731695607
-1.2754103684051394
-1.066073415151298
0.40238291287192357
1.4435699928205283
-0.03860918559665868
-2.7640523098881915
-2.8143863260931754
0.8076201461326726
4.007948903458203
2.945224577917283
-0.6545999525234005
-2.345770453818539
-1.3877905866209552
-0.6091713299217626
-0.9134904273304774
-0.2607734163215135
2.119300362600131
4.234023931477253
3.7041396452861006
-0.45989244650779376
-6.590081901729057
-9.66354312791627
-5.15465636196583
4.656553311815225
11.282940409040412
9.206876319692848
1.8667387746453383
-3.935383463895409
-6.198399729633753
-6.743940939765778
-5.637051533349119
-1.3948650382173995
4.638114418242127
8.014308749131263
6.1115708794767984
1.3538982733853107
-2.0780932707842164
-3.3346118867461096
-4.411920227386318
-5.452597698160327
-3.524099100476621
2.5221316784312133
8.048067272079162
7.063664227625634
0.28980724945278474
-5.290839758222006
-5.048417416942403
-0.9929918390333097
2.336371024591704
2.5120982464350807
-0.11404704306316632
-3.038968414602714
-2.9065739882075676
0.9836530709011745
4.739421546160249
4.070613721030676
-0.2409674694215551
-3.563031815090968
-3.202628472442712
-0.6444147263187282
1.1957008026903098
0.910527667200844
-0.6883389226924045
-1.3162137705213406
0.6179742154933194
3.4683389708611747
3.369852109168554
-0.7099293801867682
-4.6135356700982015
-3.9156786452202295
0.11187529446545243
2.488161839529445
1.7497985222055366
0.983912041831297
1.4374409597294626
0.5231192493564819
-2.256577987873033
-3.14352533707551
-0.43817796710461804
2.100197796325461
1.0873722083395083
-1.2855164096813279
-1.077531234944101
1.2234183100886051
2.1100788629241483
0.9624588055983543
0.09109150951929636
-0.17230507646319543
-1.4434583854330303
-3.0514302104091184
-2.657558632901861
-0.25557771124440476
2.2402739820327575
3.9376439972574033
4.464190105954501
2.3160305029404653
-2.8551329207533795
-7.125700490620055
-5.597289496657943
0.5736599632050182
4.7990953528155424
3.811210954146053
1.0968907624214526
0.40151206371638615
0.6948014107760757
-0.5490578520164604
-2.793347047799807
-3.3404125216949523
-1.2163517848545395
1.3741172969599131
1.8892245235613374
1.0368942188190846
1.2574904331585692
1.8674502702827582
0.02035309880363951
-3.16592989396933
-3.0987133059636647
0.685081646066233
3.023771766545696
0.80459153273893
-2.4092205280512267
-1.728703332501513
1.946261502246562
3.3366064027807654
0.4639810309002319
-2.614570667160782
-1.8539665514483885
0.959577077586338
1.1069493301850195
-1.7646164049715047
-2.8246049447975743
0.5958421027647811
4.327342761008197
3.2594872337370466
-0.7280537296611445
-1.9903551744550063
-0.5524266986581561
-1.2466259823766206
-3.975144521840692
-2.9468824561201297
3.1679373886353783
7.596672904106061
4.69837051600294
-2.277587679334498
-6.114620703158341
-4.73309083803128
-1.1771318699097817
2.2881011003771086
4.615175896844582
3.588002335972715
-0.8135628528763055
-3.684318761617327
-1.730740899239891
1.1035615326386934
0.27425717294853724
-1.6117024405226663
-0.11407830940326501
2.6812018695967925
2.351506493652027
0.11951520743496857
-0.7735381873278204
-1.669584259090752
-3.9360140634247034
-3.492817762444134
2.1804245660397084
7.0016843298057685
4.105437091185733
-3.3509718236683996
-6.018724883544133
-0.8582773501232953
5.315368010005777
4.711926555692493
-2.02688283648034
-6.998308721484929
-4.940743119834263
0.8914412538764591
4.361894557370677
4.381119428837675
3.339034153856264
1.3910505057571911
-1.9985170213401686
-4.151317432760542
-2.919057082618358
-1.1011917312879498
-1.5391915639433216
-1.5369650135761868
2.244867083428459
6.754521501536708
6.096622673273885
0.14808119926010355
-5.274097662094865
-6.014978254365064
-3.2843808148621894
-0.0007644497636030909
2.6421196912309135
4.005418762601122
2.876152746177179
-0.20313618063009659
-2.0460456273478136
-1.1323567311103668
-0.2726754412724131
-1.5693586096199286
-2.063778170569368
1.0670735928686794
4.425580641620009
2.80196560171719
-2.3974446409070844
-4.111034435152719
0.2967510932688069
3.8744125249671075
-0.39209566165763504
-7.337359843719645
-5.4713569585484105
5.267719922566198
12.125424845339106
7.302267337903457
-2.9117234371551888
-8.84839626649673
-8.342082449842584
-4.069377242568509
1.9141994195124332
6.676879119845941
6.046589845934275
0.6013251383215907
-3.1561058189332187
-1.5785337252929148
1.1283039127554992
0.18291673005612438
-2.4018273523811966
-1.8494419823436052
1.6020504980609895
3.2147533415341614
0.38196740609823376
-4.041913956069729
-4.7515004661889035
0.10071022119398579
6.227712625718066
7.668955992998009
3.2011065934950302
-3.451889623290106
-8.04695216877091
-8.097428697154704
-2.9260373592440705
4.885247015303498
9.136339941138916
5.634786571881397
-1.6402510350379143
-4.786838003564823
-2.3478430817919205
0.05601909860690234
-0.8834590620957464
-2.0456407192060784
0.19527418751099646
4.18291843905227
4.710987810466677
-0.4540314860238713
-6.569427796263528
-6.02576228328432
2.1127032867287565
8.977789106300412
5.854739760350133
-4.286394336964579
-9.730247329191833
-4.266712414539947
5.697009764220895
9.409728080380866
3.9435372839400777
-4.371208507093174
-8.651711169556254
-7.637181046496742
-3.0344645439032893
4.464590067171169
12.584330598190219
14.10411940286305
3.4935691019744373
-12.547710402370011
-18.919681446190015
-9.428087475862243
5.690218219451906
12.340389830316369
8.000696262298211
1.4493748848531354
-0.21732220869486502
0.36184119210393406
-2.6147834307577447
-7.6067167189115334
-7.4635393103910195
-0.624221186799058
5.875026109859891
6.188575434341912
2.8651452392237435
1.1252691361980305
0.6841600343125618
-1.8816281807657436
-5.492530756044525
-5.030697929349224
0.5350099781160104
5.172701100339209
3.2926216596502256
-2.4130577329317857
-4.246948607766878
0.21964679281467214
5.407533053153733
5.627607287450202
1.1951519867344687
-4.182816524623964
-7.428423722670267
-6.445753254999385
-0.9186724962830155
5.787777895075768
8.45776905822928
4.919852459485784
-1.786902018627285
-6.125795752467487
-4.899730151531919
0.098654023196658
4.065893977699693
3.525681942979993
-0.9453850284456601
-4.940407821972537
-3.78901621056037
1.9523336840829169
5.911838888544875
3.6144058604122846
-1.4739493096282292
-3.2916937784932707
-1.774605989050038
-1.2312635165666632
-2.1815975229842137
-0.5572183836294855
4.600257271180127
7.621316129455596
3.2958970865292847
-5.249298928375014
-9.530174479881891
-5.681265951634112
1.7430652696561268
5.8652836113311535
4.933145066333517
2.4761783426001407
1.1593498094877646
-0.3551863099232332
-3.286870525769371
-5.40907455980889
-4.289968830922108
-0.6716924311611112
3.1231856623276726
5.656579080583165
6.113888634336584
3.263489573111802
-3.0469709531001343
-8.862058579714319
-8.157475847321574
-0.6110843863961644
6.502039384993566
7.146948746639143
3.040148857324893
-0.9000466487590572
-2.679041482830364
-2.661689926783458
-1.5360077924820974
-0.7528954615869912
-1.247889365944044
-1.0391599743535598
2.036670529481147
5.414330383875406
4.177014099403557
-1.609695512322391
-6.17484743194848
-5.014269879312025
0.3884898695674145
4.707753430491288
3.9648237556082444
-0.5709726682010243
-3.432143598491538
-1.5728573061206892
1.6299970823145522
1.8642147168874963
0.3011447081717325
0.11465374543746541
0.06492891460018685
-2.46025036029347
-4.589120076241916
-1.339041065435456
5.060878073448315
6.820660708290115
2.010439135798738
-3.068037865002199
-3.855775280591651
-2.659249264584438
-2.2944305689339806
-1.2589351634000105
2.0224224912609263
4.98037690697661
4.246932904004026
0.47577639004335803
-2.7903601833943115
-3.3521214573240266
-1.8482808470930419
-0.3879184950517269
-0.4847723684307821
-1.366777320880226
-0.4532776192530708
3.2747690078366465
6.736762220648982
5.50673831077555
-0.501237240062071
-6.36683094748534
-8.076171180710157
-6.268268289784688
-2.853529194242218
2.2734574586617637
8.508327500786974
11.766462681450891
8.059480447932629
-1.2471983380604312
-9.977632189619388
-12.463891500815036
-7.733292476458861
0.2523281040773063
5.9873579283316545
7.13856699847264
5.851517712132113
4.623210308099826
2.3659003535412535
-2.9722414945881614
-8.842497914453679
-9.33280881789392
-3.121587702656402
3.934619526370142
6.248732162358689
4.620346081970617
2.796423842403367
1.8007706524281852
0.17131709094925712
-2.7025376279228017
-5.551644944959605
-6.410542054860155
-3.737333362995693
2.3623578125320135
8.43784947445757
8.931550092965935
2.2215214878716427
-5.719038841180639
-7.319576453473222
-2.5135922191169158
1.6949504476854764
0.9341579282085075
-1.0830570934122947
0.8877272772366086
4.844423351863011
4.074407069790343
-2.5011423074450065
-7.501181176411264
-4.084881760084193
4.775267100988124
8.687157890305999
2.3383299109941706
-7.094439077946657
-8.632620793895747
-1.3146189036788127
5.862963807198895
6.198213699450114
1.8364939417022137
-1.5418228762530244
-1.827849207639126
-1.0663494910282303
-1.4429498723020615
-2.5360842242548896
-2.215277716478141
0.6801431056850858
4.420565702175971
5.268083890468697
1.6570275132368053
-3.0763209521628943
-4.466561809272295
-2.4229484823839185
-0.28729095796423326
0.29261008277410944
0.6320331762094361
1.7217286595642032
2.5597358366670084
2.605024819028606
2.7673376064284794
1.8931922389870344
-3.259662528421067
-10.908502319849195
-12.343946419858304
-2.2362211330976725
12.469657234035772
18.38043194202369
9.989514183730455
-4.3810605575538775
-12.401264488752489
-10.769412155537117
-4.865005671422099
0.6984926561942706
4.818139642653866
6.254811222729173
4.057665876797424
0.5246998618456064
-0.8978747489670685
-0.20624156155250808
-0.41268650759234027
-2.796311745351931
-4.921615876834205
-3.7235487475873317
0.9586026313587038
5.963083349739432
7.053386689717677
2.611761833613674
-3.955311459652859
-6.787262407166648
-3.4150133127095854
2.554985214635772
4.916240662295334
1.392213451747538
-3.49404879677094
-3.737654131418298
0.5745632296483074
4.075687038738371
3.4860817638573125
0.33467036277245293
-2.56677062407594
-3.6565108845719725
-2.411161498564335
0.4442442027251994
2.652101096882362
2.327187673126192
0.3859240655086482
-0.45058127033685536
0.5830026651145991
1.2543562529066064
-0.34142449692933646
-3.095217394845798
-4.238502240377406
-2.265359907927702
1.744059116369369
4.97146087502521
5.1043976442230266
2.1572896843011278
-1.7826519680237656
-4.173493809016532
-3.6250742648080148
-1.1161644760526357
0.5953659609925086
0.18024953249008968
-0.2502052528861247
1.7808189505587768
4.598278121103832
3.765998853513372
-1.2958013603059484
-5.428952283795305
-4.604240405877077
-1.0856573679538077
1.1389427483157006
2.077175524720563
3.3395042808034154
3.657302639178144
0.9073861365308806
-3.266289075226298
-4.6461200710876005
-2.0383546689852814
1.3225391569420974
2.252116541769139
0.9452002434542638
-0.39381640200748513
-0.22636577845859077
1.1931197969850045
2.298693007400782
1.4719900304078535
-1.798344400307322
-5.646019843871575
-5.824038396251755
-0.14208388671768474
6.851494535631357
8.091209793751876
3.1158636979200525
-2.1096213103261605
-4.16353756872773
-4.995849605726618
-5.661128956269767
-3.4394926744689305
2.8952033970609445
9.056546353979021
9.050105670171728
2.0092517106487016
-6.048090522278816
-8.11620292200456
-3.820240776627384
0.692146276584446
1.2042702231633082
0.5959852438569047
2.8787287007702487
5.506460575284651
2.977576988662543
-3.478066796630102
-6.272085118060984
-2.3316583261868606
2.286940815062027
1.4301998736947592
-2.1393112721317205
-1.4141728135769065
3.8184183437935095
6.398704043069427
1.9859097536429817
-5.175850245502017
-7.705446882286374
-3.316377023150551
3.3888844670095533
6.162474088751654
3.278220213741009
-1.600915821983022
-3.6748854604914962
-1.3850141926254134
2.488127884877569
3.5841537250015416
0.3701692282738754
-4.452780770872526
-6.740454305581193
-4.071037794178545
2.7053088047214846
9.140678979633323
9.74862373777011
3.232354654237238
-5.493840351121982
-10.066265803371794
-8.516303783780588
-3.09333258917794
3.5242904118116085
8.856648078585632
9.484469156090153
3.79480495154133
-4.44286834639817
-8.84853637309488
-6.827719689797922
-1.0632468254676082
4.144865896440983
5.86533203824653
3.6175062699964085
-0.3741016870465439
-3.137565406982346
-3.482239721730655
-1.5180187723732557
2.001430357096353
4.076672191016828
1.398514542957129
-3.87610987570184
-5.210870203186128
-0.6257126018321928
4.41855607202293
4.76622084375515
1.4933157775519093
-1.4293310771438583
-2.2094136968482108
-1.5369116643724874
-0.9409970512701328
-1.4331684771192836
-1.873190367317007
0.028305789521673966
3.5319374501222898
4.6550047532855725
1.8950065607423598
-1.561310164827539
-2.9548429173504247
-2.8384351489594115
-1.719749785689682
0.6732171555565185
2.2180228181635435
0.8111374588636234
-0.7455563676788424
0.8241694062489742
2.3937046091511673
-0.40609024582234643
-4.440969809209208
-3.3552131416151
2.1755933419475117
5.50579114409752
3.3696628293226136
-1.3349060158520196
-4.322694243012075
-3.4502551808090174
0.4872956575764887
3.7894398321809386
2.813555864854961
-1.672807003210456
-4.83799078409504
-2.9794935056634206
2.430000020165266
6.0529170689837235
4.324142499533312
-0.7459998172238085
-4.576136703975116
-5.2790835605934285
-3.6214790741468557
-0.020229362016143615
4.67119597720828
7.041038751096869
4.036668075582097
-2.218361523775459
-5.773431124836149
-3.680114979730432
0.5780021095153399
1.7113422405891756
-0.7252498905528031
-2.392218761288004
-0.22148461084558818
3.9403694299044663
5.798188266180954
3.0063037676950435
-2.82844479966103
-6.92469342501916
-5.04904273869386
0.5545662104008561
2.0352406652894945
-1.279655387502537
1.4392891683914812
12.620227080935416
14.574054053298871
-4.095884454767811
-24.244803190452696
-20.458328022812562
1.9357763355466142
15.852600640767427
10.779707479339248
1.8358154516629097
2.3332595208758113
5.6490581239787305
0.296845620871811
-10.137535141735288
-12.752742647397614
-4.588158190165986
4.689201835758103
7.4249922046707555
5.493497151142706
2.9605264075950557
0.31899045286812544
-2.7924563228455774
-5.725822772054832
-6.876587745168474
-2.6485176255384686
7.673766636084458
14.86827945164602
8.186881958227543
-7.672258556970334
-15.808666619021817
-9.058841407566334
2.3047033707129696
6.353060801810696
3.0171068475395417
-0.6429503068402336
-0.8872144754564274
1.0143753769546042
3.3513415598371044
5.251719771014045
4.265467623571736
-1.5845588357838543
-8.185973037314367
-8.343181010311438
-2.125315673392412
2.9279917577760495
3.205331024275167
2.867160003451809
4.506842924544668
3.7969093474120017
-2.0797019284186207
-6.914037777414198
-3.9298017909609393
2.3465812070909635
2.4446452476497016
-2.355132771207444
-2.208098676570266
4.025241314414942
6.191063237525532
-0.12200044474496152
-5.886624258394989
-3.254517380793252
2.4327809381789782
2.5252679026701794
-1.3310273806902937
-1.8647749704458185
1.2821507861698498
2.272526768796986
-0.4188958648684801
-2.0283226229301534
-0.04298798111067905
1.7881547018262849
0.19395740286954705
-1.958045349584548
-0.7457438269142296
1.708364201996244
0.6947021133329899
-2.5956936744041634
-2.2475466020051127
2.991822244526312
6.870567355160071
3.4558107740287016
-4.987166274261435
-9.764367072158416
-5.562101604982528
3.1156039486055245
7.47834818817011
4.984689732299444
0.8725781130441033
-0.17146006859825286
0.0817021916806997
-2.587224554056028
-6.988643157258749
-6.429295895984973
1.5035332584521373
8.936422476749888
7.187321355894445
-0.6126508815247909
-4.205445784781283
-1.4102036911923403
0.4850596491404587
-2.2587830046801414
-4.448483665773013
-1.0601973980876898
4.815978316240952
6.241552117598674
1.6679494705569493
-3.4580097513450063
-4.078562505250815
-1.288836391217354
0.8794271362099372
1.2559737567498694
0.9769158472042104
0.09583468139022734
-1.1826751248817318
-0.7919467375359036
1.4583436895574082
1.9785696874246257
-0.6123584945219751
-2.182709014898094
-0.11293168788839925
1.7507381074861386
-0.10129394400632365
-2.537639787283592
-1.233856025735448
2.2079664899335447
3.085499523602587
0.4023819773936163
-2.4200378752409866
-2.2005659385358114
0.357453551790553
1.8347356851746308
0.6336025979305736
-0.9866091573491896
-0.475538783856922
1.0707069969216414
0.7789119105373774
-1.2176374839660435
-1.8016726102644918
0.2555364522265785
2.3296491777955337
1.6714994213577277
-1.1374796511258136
-3.282154246540737
-2.6453756369861954
0.741421992385209
4.510272249105225
4.992077912675182
0.7428886870799007
-4.462822425191808
-5.168681681132133
-1.3647782286206878
1.6119040048349214
0.8603779141096215
-0.46296329178035306
1.5155670136534156
5.254770417395318
4.990581051611206
-1.7562804870915747
-9.297578513408945
-8.999877053716569
0.31184065506113123
9.595908078050238
8.906310087187885
-0.9545238101922141
-8.537638556701946
-5.432035998356568
3.463958144984249
7.48628387851649
3.879695646585388
-2.0762197376274605
-6.187432377561185
-7.1344776783237425
-3.069973357532771
5.164123892953161
10.110990142834018
5.415453077125266
-4.0721398901751655
-7.647350395167052
-3.044746158601642
2.1761469956327226
2.629710607640106
0.3990507238165232
-1.4220844711930445
-2.154524067981126
-0.49954354883492613
3.969710463737166
6.6375019394912
2.284502698205201
-6.37457857262209
-10.00383166827882
-3.8392910240652527
5.58377064358283
8.10688412291642
2.6585260240426387
-2.7526714505422154
-2.6742718849549583
0.19665977621674674
0.9899495107777947
-0.7108230199410378
-1.7060802922061622
-0.5877015726027471
0.3853877976931287
-0.39173105449809925
-0.7961460819877063
1.1863500394390227
3.2872011116476667
2.249864474071816
-0.5598569541877718
-1.4351393124262848
-1.0335324263818093
-2.7511517000188332
-5.045297506799397
-2.7327979208025495
3.9845067536944945
8.894713746451105
8.093850880040806
2.8266605043530393
-4.659870053201026
-11.626724250881999
-12.787152676175088
-5.019247711200373
6.331242785051266
12.310759699767189
10.827029490072904
6.3195994531992685
0.8378250332705435
-6.845522480456583
-13.639313908227358
-12.320811302563992
-1.9975157199804667
8.411010693766555
10.794096925788077
6.7641390692755605
2.4468437824202147
-0.7091607364106275
-4.887139180358509
-8.627711167212569
-6.857342168440712
1.0134895379728723
7.917328107552653
7.112195584331706
0.4242682303994313
-4.68597117891512
-3.9304183355829467
0.6191322709402789
3.5684991401499326
1.1450598163907768
-3.8531882879815496
-3.78040391508475
2.7494523023481463
6.625500178135354
1.6246697904108234
-5.294648814977812
-5.1197547402377745
-0.15769417707379868
2.354980847187036
2.266962473767868
3.1312722363274874
3.1029317550061766
-1.4909035166603022
-7.100175132536902
-6.2739805843533905
0.8300010377356203
5.933305104700856
4.539794147494458
1.2528530675105851
0.7950325691715805
0.7497604820132049
-2.1963571485150237
-4.914767551037125
-3.15458569005804
0.3843335544848677
0.6433155828165223
-0.6311509510154178
1.609204194393979
5.648389057739465
5.065972722997557
-0.4382771122516378
-4.53398897897592
-4.336452007466466
-3.2838036616511483
-3.126040283650167
-0.5778901787938024
5.276417358659642
8.643708604767053
4.494171325293204
-3.6122993755087793
-7.443966767968561
-3.9652088310266436
1.8542585765949229
3.4777525754615035
-0.005456725134203267
-3.463925072230435
-1.9048062303389475
3.4678546986364394
6.4378678427701725
3.294980124847624
-2.843662152428164
-6.33639996503595
-5.269460235375382
-1.7317930431948043
1.9650066214753494
4.990475895410264
6.465668888307145
4.297953416987641
-2.2792259192145754
-8.73488734388987
-7.72112925498986
1.0766368697682134
7.716756780738376
4.358600952520422
-3.1754078071321414
-3.6968218114785554
2.8374791904108174
5.885488999590915
0.23558830154180058
-6.957518638889202
-6.774620033930019
-0.07144621862058263
5.26603119426896
4.894138739385585
1.4116814993288196
-0.9436705289317182
-1.070216210558437
-0.7864385490469964
-1.6803347299196507
-2.695417955517377
-1.6129234697075239
1.4939775687627534
4.055310122668808
3.690482270223567
0.20246395850399682
-3.611574435173244
-3.7715988469392387
-0.22905691254637908
2.008739455640574
0.12701998071904907
-1.6748368945681373
0.9373837753407112
4.652123058309501
3.3631946340753838
-2.219493805407151
-5.749002192367962
-4.07607323901707
0.0448380709614396
2.747056389241436
2.96432040549201
2.0667750803539415
1.3266013407953785
0.1720445406112374
-2.22013496924518
-3.8785630523474346
-1.661970820175155
2.954847129177335
3.868382194010231
-1.0230414422635676
-5.267669986475003
-2.253994084589909
4.871273009862285
6.806483019659799
0.5799227713778846
-6.389748470306733
-5.853299586468857
1.0235153604973044
5.624906411927419
2.945760013879541
-2.5307933637153215
-3.5379911367940666
0.13192291500865258
2.387929676012984
0.2130062015033322
-2.4235334365923693
-0.7790383081127197
3.761318775062
5.195643267445117
0.8050820864093771
-5.135844544270917
-6.966458931331844
-4.025023863578272
0.581562621693321
4.34052276675894
6.223459642782064
5.602280157224875
2.251506808864447
-2.8073933241038205
-6.907746839028562
-7.127081259491694
-2.998474878893812
2.683530397734284
6.254899096262162
5.8291040940621075
1.9421926726294836
-2.7865615214516333
-4.678437944951561
-2.1024037491803553
1.7198959298439478
1.7711459923323924
-1.755640773542071
-3.058239397981432
0.6370919263912739
4.407426501513077
3.1331583494665916
-0.8360018918482979
-2.2964288572935465
-1.229700747790519
-0.7553674804673679
-0.8887704378908715
0.005597035199903106
0.8036343098028913
-0.0706089823320236
-0.7402489778982668
1.0822273886203948
3.5776067321167626
3.263877857202684
-0.1480039424254627
-4.222295274663382
-6.653041078006833
-5.4650775997364684
0.27815412410368673
7.39700471781608
9.617028270641924
4.607089587438562
-2.6918308705292056
-6.2059599541372545
-5.421950494255408
-3.4731426419303464
-1.5617823071291042
1.219681779988059
4.341168819000602
5.5547631053552715
3.782175258293763
0.17797692962230224
-3.4463095045812735
-5.503718517438473
-4.310827719392743
0.25947006329285716
4.524087536342619
4.1296794834400155
0.008152096887252297
-2.7247573893107155
-1.7309516020010083
0.5452354432639602
1.382878227475973
0.8774585577561362
0.1760261461615134
-0.7766924888940009
-1.9046166618042877
-1.493066573375206
1.0136269867172887
2.9407388505052663
2.106475275311875
-0.2661479255735997
-2.339675892288357
-3.6620488174571326
-3.178353762968527
0.6429265236166023
5.92192068792842
7.076227329139213
1.433572857575515
-6.00619776038361
-7.8114801513458225
-2.8019260672578077
3.184785540337266
4.226827277990906
0.6904585990569095
-1.2503583597623797
2.4452430846532547
6.900575452775628
3.6600182265216645
-6.716414597179633
-13.108404792857838
-7.73483111923045
3.370501340604336
8.523282433122109
5.542280065840697
2.324273289586819
3.4361980644433143
3.6446888781013747
-2.4074088528667548
-9.931379980745122
-9.476628834102073
-0.6922405774238636
6.3246722019291965
4.873246026282983
0.34483168929069086
0.9192412480531806
4.716207037516952
3.0334887014671073
-5.187162503291919
-9.89484122479118
-3.9580759682966717
5.740029006526176
7.582182551364278
1.2304864519132521
-3.7108935227178623
-2.5236586409277533
0.1871938338219173
0.5666967497613238
0.7633134995506259
2.0683624230417044
1.3642583165915936
-2.044027714473239
-3.4688412749746624
-0.5533422597578088
2.1725987632011643
0.26863126955743266
-3.317990098743793
-2.135279210732853
3.9525385710480414
7.4389569977118795
3.4162879791517096
-3.298416091427906
-5.234384696319533
-2.611711468075108
-1.1295545401155584
-2.1226208933583135
-1.5583938968578939
2.090252407903447
5.465979768993142
5.665669201565797
2.682111046040991
-2.3451933484783742
-6.850378618646296
-6.961498575255061
-1.8857362419078754
3.822212472506472
5.435621435058733
3.617920475776244
1.924896139486943
0.6479315831341065
-2.6123677791147326
-6.701291944444553
-6.312229286680623
0.3553580689391388
7.310048501713849
7.658029660315146
2.1506348418839436
-3.089659448384362
-4.908534820811988
-4.509611752252178
-2.655389553445131
1.0942637047833488
4.772145970796333
4.569897598017164
0.5569320014769894
-2.066859311570419
-0.2689700521952622
1.8181926926480445
-0.7654266053286024
-5.583892762825787
-5.8748691818844705
-0.10974150889594948
6.101530418804798
7.143099672708458
2.9866550026123626
-2.1762922452384013
-4.4884587705166314
-3.4977563354973933
-1.3721748701776608
0.7642614443717368
3.6675285949922696
5.97137108803778
3.1937196236210106
-5.578515168237998
-12.799219415143874
-9.395553097199674
3.4662447138337806
14.166334098643887
13.713586558467128
4.886755774736678
-3.869040154136318
-8.830105535489249
-11.022379141637572
-9.84441940419229
-3.0796943405920927
7.24657365320388
14.07800438094661
11.879646027784002
2.2706950941695725
-7.364153552738936
-10.656651897403398
-7.511615171354383
-2.1431906668664986
2.5046110473720526
5.724341300826818
6.321469095781148
3.3361952363842566
-1.0964317787862103
-3.5293982001883277
-3.420696219292356
-2.3070599883957827
-0.3428015896326108
2.2801771058783356
2.71427518847005
-0.5621429781779442
-3.276516228598362
-0.6452441647020345
4.405531011000767
4.439691588663078
-1.3721959533061179
-5.647448175882632
-3.486918702690779
1.3883178844752155
3.339534123712544
1.8851204664474144
-0.26545705534259334
-1.3633373776052224
-1.0228619852662293
0.06625695869364796
0.4209956387194307
-0.005347694759229093
0.6634726568962357
2.2861325025729804
1.2612421847342494
-3.5154107830455352
-6.604987058201382
-2.766788736737418
4.933409515766383
8.63181086312411
5.196108200623342
-1.482475516655986
-5.7976236823488865
-5.602661256889491
-3.1974449562186003
-1.665647050608267
-0.1950891183937937
4.4020283949121675
10.314865486415625
9.371264939033807
-2.2017265256835246
-14.664593299500172
-13.942785024216537
-0.04862294634888678
11.725915838329426
10.161925896513425
0.7124550858512392
-4.747438506939119
-3.3082643879692357
-0.6881341571140831
-0.4826625117884435
-0.4939190863930843
1.1230374345585072
2.0698562485980783
0.5062580987916026
-1.1154374301790753
-0.4054730009581924
0.6055433514548904
-0.6044442968985372
-2.2810118256808303
-1.3112084535817468
1.7713092798286414
3.524488413633254
1.9564889490284638
-1.2718639021674318
-2.826644923414676
-1.5978200867173833
0.2542185891776393
0.6953162971215076
0.5511227480960097
1.2113031917092865
1.44313211156329
-0.5913837754627832
-3.1475003903015035
-2.394596142565663
1.5915420484753877
3.972506210525562
1.8303777556224308
-1.5984714211809021
-2.026932358171572
