Theta
0.00021240150789247032
0.0018896313370452202
0.008113650981920082
0.022830995337777434
0.048095555477405044
0.08118515265239995
0.11266086451362352
0.12721759564793902
0.10996061281411165
0.056543045973788404
-0.020128212000085945
-0.09403084978025161
-0.14049864486131725
-0.15050935596315107
-0.13441357489399922
-0.1153259803584768
-0.11917086142433002
-0.16672485343679153
-0.2696858337550543
-0.42981585281232765
-0.6380900377204445
-0.8713149086168861
-1.086192252959351
-1.2154862455482534
-1.1740922068953186
-0.8774680427145342
-0.2661567895464256
0.6715749295947034
1.8833649884118684
3.245263562524595
4.567010437968526
5.613790847898161
6.142662375473458
5.945929896629984
4.893292215638114
2.965633334252079
0.27350307035012245
-2.9441538119396067
-6.342186285512411
-9.51012427558417
-12.02401820498308
-13.499887316774096
-13.644750225101182
-12.30297471309776
-9.490249345602153
-5.405687157111762
-0.4183870459805761
4.969729002094723
10.180779839275033
14.630467540347572
17.800026492280395
19.300417004262776
18.920953102030534
16.65727236287305
12.716743036301036
7.500832209340766
1.563312625088321
-4.4543380744638155
-9.902423069080324
-14.204577642408307
-16.927922004855155
-17.831197986358312
-16.886737385794003
-14.277994578948405
-10.37443890837883
-5.684917632559049
-0.7951966998122988
3.701058788193619
7.270869440619894
9.504684240558584
10.166610478840523
9.226321268014287
6.868724919572064
3.477233181835475
-0.4120634849733768
-4.181393562093087
-7.216570972956386
-8.994213342157238
-9.159880114263963
-7.584636240776053
-4.388088686710998
0.07591436421239199
5.2664251530022135
10.52876865671288
15.184912264246977
18.6249303150781
20.38142696962521
20.176802727639725
17.944766227795792
13.831584894865996
8.17824782238154
1.4815051605320453
-5.6646002581432136
-12.638859730576593
-18.8637076147233
-23.866438041577076
-27.322328062469982
-29.072341802862887
-29.111045394313926
-27.547374079150018
-24.549601441384656
-20.291840073602604
-14.918912530361757
-8.539009629842955
-1.2451684584225349
6.838119804547291
15.492824431441681
24.34957624104723
32.85911477050289
40.31020146739464
45.895616539650014
48.815432131982476
48.40157738740964
44.243818708707195
36.291251907610956
24.903603004467566
10.83890098337748
-4.819364374003875
-20.780717981480628
-35.69210198610697
-48.28857754648476
-57.530563315882965
-62.70711591649708
-63.49013290258192
-59.93610550049386
-52.44306400940282
-41.677140133050635
-28.4849205247294
-13.805037874473996
1.4111430156237235
16.262780918086083
29.94302115073659
41.762917174701485
51.16089368599129
57.70551390558007
61.09710784426201
61.17100994531936
57.90446299402757
51.427004049370915
42.03058733323635
30.17391056112041
16.474718985214867
1.6852484668663643
-13.348497932358292
-27.737822349092284
-40.60745720601938
-51.15382041295601
-58.700695118324695
-62.745318899108234
-62.99198309739218
-59.37632667790518
-52.08177602121152
-41.542579532405156
-28.426677521779613
-13.597751453976377
1.9395208193870068
17.10766931653351
30.83601211678589
42.14796797139316
50.24950159587057
54.60880564916282
55.0149595859634
51.60470655991253
44.8515172689937
35.51602893066763
24.560503918127484
13.035557573920318
1.9556008824269753
-7.81624994883033
-15.65598901469801
-21.227761985371504
-24.490336580168915
-25.6648446650243
-25.171455506103662
-23.54518228300015
-21.34524971505346
-19.07234969070969
-17.10190813473986
-15.636840753363785
-14.684068766943499
-14.061720579788679
-13.441478065106624
-12.420080615359847
-10.604271295028003
-7.692900092511658
-3.544249006069577
1.7807014316206213
8.006772073837404
14.668369030777626
21.16486966293253
26.837795963899822
31.056937227034968
33.302013780083215
33.22976842387217
30.720902645875505
25.90183256187609
19.136244665624822
10.985112470601655
2.139426484036767
-6.662843501321183
-14.718782223000165
-21.42842588481638
-26.34362706399745
-29.197371162854942
-29.913626964108158
-28.597672730063945
-25.508774921083724
-21.02132162748935
-15.581678860336183
-9.665372817497753
-3.737741005172283
1.7796065552584392
6.536627506199453
10.278013652725756
12.859717720334995
14.25403702403384
14.541527798775258
13.893965678015878
12.552001079640448
10.796038355663372
8.909588109806755
7.140040866489088
5.664867694303153
4.570551947647192
3.847765867280057
3.4005048051321234
3.0653264433616307
2.6414636132499054
1.9335929181001652
0.8002155102074981
-0.8079947781044841
-2.8328982312238526
-5.119355789818568
-7.444415916780362
-9.553631214204636
-11.19664593282501
-12.160726239064466
-12.299753889368864
-11.551854249147198
-9.943044575966637
-7.58204958657465
-4.650994217571561
-1.3911563796867716
1.91794898519102
4.984408375430298
7.531869420602249
9.329099409758513
10.220267423811796
10.150530992808871
9.178926706217986
7.473206344930523
5.286552361458779
2.921996566381335
0.6932503991741392
-1.1135517085884235
-2.2778758061813416
-2.68056376881577
-2.329542766642927
-1.3666980579145702
-0.04930658797713671
1.2956108628803364
2.335600778276571
2.799256722423102
2.5295409513530815
1.5141566826733177
-0.11289591291632098
-2.1001185559586935
-4.131805405391285
-5.891974574777568
-7.121840196467986
-7.657960095663261
-7.4467692473609075
-6.538651524742526
-5.06817462554239
-3.226480466140618
-1.2294066129032797
0.7151970089978105
2.4352538287505316
3.8121851196717733
4.787412915079774
5.35884211285406
5.569367982316415
5.491969856386423
5.215977611826082
4.833786287140978
4.424220578505027
4.032958409544646
3.656569204736714
3.238705808345001
2.6829330546731875
1.8791610017788953
0.7365781259712392
-0.7831874403999894
-2.639822987845555
-4.704364727758782
-6.770666340395919
-8.584583181431025
-9.882139109707033
-10.428406019617578
-10.05230585139567
-8.675855663364754
-6.334878723824238
-3.1848665403057534
0.5114095692031649
4.411391691259357
8.12972517507416
11.27997924264868
13.517100101470037
14.57645077718764
14.304180822790034
12.67479116921607
9.795904288885824
5.901499187801054
1.3327390721481724
-3.4936361520798167
-8.125748310944063
-12.12051124322576
-15.08596720533292
-16.71786865699865
-16.828405295981344
-15.367509242247548
-12.437261160455204
-8.295510199588437
-3.3402980541288727
1.9299606842297783
6.975736615524959
11.284109212418413
14.434071891745203
16.14904399965716
16.326897416621826
15.042492718259593
12.524307294008898
9.111514451359989
5.201039268293159
1.1948003449850064
-2.546072816437031
-5.73731550876537
-8.195053749766938
-9.84166710908486
-10.691646161845025
-10.823741181051847
-10.350526381323403
-9.39254768814974
-8.059844688210507
-6.443376583126859
-4.61660184780496
-2.6431633718748904
-0.5861681208775061
1.484014412425429
3.485957811650577
5.327633503147875
6.909430307192513
8.129935065127858
8.89549034103928
9.131488684683735
8.792426593585828
7.8704744149871795
6.402787969957259
4.475537798760171
2.222607495183408
-0.18175319040378865
-2.5376620837829575
-4.642137994688546
-6.315102031889384
-7.422434106839035
-7.892493808524294
-7.723888346308118
-6.982273728355331
-5.787594798440089
-4.2965537256667075
-2.682852061162847
-1.11407674455308
0.2746891105762759
1.4047912188276461
2.266081100969953
2.911125072601302
3.4320298341833273
3.9244652760749825
4.447405141190435
4.991682431477502
5.469167144655879
5.72610809339889
5.576500794717817
4.84831351151245
3.4342022416066107
1.336319944086657
-1.306811298035916
-4.221006355707353
-7.0267118961102515
-9.29361967051028
-10.612359685089226
-10.673441310883033
-9.336161374469592
-6.669315739629814
-2.956956446100917
1.32892593823516
5.588495372735079
9.184916186845719
11.55261371169194
12.300196147532924
11.28621481546522
8.653006032970177
4.811142040920809
0.3757104535219016
-3.933509798851747
-7.409980848368145
-9.47970529234357
-9.80460016113052
-8.34853822801759
-5.387767399724334
-1.461575465956992
2.724825032702059
6.423401456120054
8.968239698605572
9.881848288218961
8.9490098943281
6.2488013594363965
2.138197783382792
-2.810391457647401
-7.901009008300886
-12.412741846619411
-15.690204801194763
-17.22121013803992
-16.698075048400835
-14.055476527803538
-9.479120657626801
-3.3853874560267974
3.623777234398481
10.824826312815798
17.447927700285433
22.755519719411456
26.11793925077288
27.08228394470653
25.429458274116936
21.21021982178086
14.750533953257845
6.622907836623875
-2.411696052721104
-11.483065816224354
-19.7037901241456
-26.265401071659014
-30.527130843573634
-32.08438215905026
-30.807224980302138
-26.845449710191712
-20.60319263198789
-12.690556516091839
-3.859377893804993
5.072376105457214
13.302286026237129
20.122057305885072
24.982824214611366
27.54042433984341
27.678213228013114
25.508286197644498
21.353857100312293
15.714629745202563
9.214675037924232
2.533611501049494
-3.6721105054424394
-8.845738588065418
-12.59262167244695
-14.720097243979477
-15.249019803955585
-14.394150556930896
-12.517405440114242
-10.063775856983886
-7.489905921042574
-5.1941230551418665
-3.4573320880744958
-2.403810920226488
-1.9889519519508836
-2.017716446535534
-2.1914225271160777
-2.173628004382834
-1.662659992888925
-0.4579477318471359
1.493365761904942
4.0813664776443925
7.052592564346337
10.053745051694664
12.684876967219344
14.55150248511911
15.311870976071082
14.719116086172004
12.657418368696682
9.168876848112118
4.466459033961722
-1.071735095513918
-6.931373169630618
-12.514804704528723
-17.211029124650935
-20.470319789792846
-21.87276369787721
-21.183738046015584
-18.389686502429246
-13.70753009778722
-7.565110254626453
-0.556118854456443
6.623300058743254
13.248394871621484
18.64237537653664
22.247813324651016
23.685622370801763
22.796043012254707
19.657364713482593
14.579374155396911
8.071147658211473
0.7870045017898282
-6.541297360179384
-13.177181209892169
-18.45119113453739
-21.829524507570962
-22.974626611710505
-21.789024004343567
-18.431627617114543
-13.29998661300437
-6.980849434546099
-0.17832583664525836
6.369410393833694
11.975043071564947
16.079243649669447
18.31052199860314
18.520649401502205
16.792237011025712
13.417493825345053
8.851659016199175
3.651328089386806
-1.590827133528353
-6.307582683856109
-10.009692134850532
-12.32447240258024
-13.018619566369065
-12.010033217975584
-9.378332561930767
-5.37804180245971
-0.4441300670388907
4.826805563714446
9.728147870985616
13.524375270296497
15.551904508453013
15.325919208320382
12.634936727120856
7.603070786983381
0.7045780502602702
-7.276119206477554
-15.336623609122485
-22.388381407337313
-27.406207149190944
-29.571071574250922
-28.385940019150084
-23.750168816981326
-15.98387911529208
-5.800736996213858
5.766773084729659
17.482127465740426
28.047904698122082
36.260565532277724
41.157474835375126
42.13683829202912
39.03438550961901
32.146877265831115
22.19813638135798
10.248379807345627
-2.443289627314712
-14.582250687849179
-25.000009245407746
-32.787557582840265
-37.382158199650334
-38.60092480286198
-36.624679401674626
-31.942230238905857
-25.267428970004463
-17.43953868098472
-9.31545818739038
-1.663356072172783
4.928738836896224
10.113083933777114
13.799284275046666
16.126413119096103
17.39734136217317
17.989505625160024
18.260358954796217
18.46450715893513
18.696962350117655
18.87390723495698
18.75439650252645
17.997208376128704
16.24260906060468
13.206187793611884
8.767994759956844
3.0368107454718536
-3.6301506518949185
-10.662583535118813
-17.360521077357433
-23.004597460952144
-26.969188492194615
-28.81901606099867
-28.374822053602664
-25.73812338900873
-21.269748907292346
-15.525071486423785
-9.16252743649691
-2.8501473842623395
2.8143241872193823
7.36879590804579
10.538317157796413
12.266332657616898
12.71756953787226
12.247810065986977
11.339772269298411
10.510781437851568
10.207952419273344
10.713877583224434
12.083100239377925
14.119808881492458
16.399155447634072
18.329645212681445
19.248537411157066
18.53730179050751
15.74088746598605
10.67075818060421
3.469932150897851
-5.375792655215508
-15.08388705283457
-24.669927235077257
-33.075121486649294
-39.306716980217566
-42.5705417959164
-42.37622655155668
-38.599822229710206
-31.496687223958787
-21.667065669893343
-9.98315073157072
2.51056050901238
14.710500400613592
25.56865877998477
34.19801796461696
39.9575683552996
42.5053577421688
41.812902225827315
38.142852042645174
31.997704649743685
24.048456407162885
15.052389049329848
5.771027057074186
-3.1002252393080885
-10.982617049043302
-17.44245373014388
-22.200518180808952
-25.12871181998501
-26.24041360026451
-25.678320346917726
-23.698272244437444
-20.644348028330832
-16.91286681818678
-12.907438329356784
-8.990485472349247
-5.439269030171494
-2.414898583689017
0.05001724265147904
2.0425088847524897
3.739120421794868
5.3584714812166725
7.104970595835689
9.114826485974328
11.415233500049194
13.904270830443515
16.354885705661122
18.442998259146773
19.795996262859383
20.05421308149568
18.936075874648317
16.29615448998657
12.164698737671099
6.76045608919659
0.4745032417556656
-6.171915809384134
-12.588642091647255
-18.18772384774964
-22.454620380515838
-25.0096330832697
-25.650598666546827
-24.371221812112395
-21.35411417822843
-16.941740533215125
-11.591191320621373
-5.81921229601573
-0.1428022521716655
4.9797454952220574
9.20095985754338
12.32071330992458
14.298283484453252
15.23581574923887
15.33673682164348
14.848890763054012
14.005541066876976
12.97772100529612
11.84707514810815
10.601565427067374
9.152458856737605
7.368975290980312
5.123119866367066
2.33421620597975
-0.9959623273362904
-4.763058403185174
-8.757492878355363
-12.679128907971876
-16.167024293524165
-18.8405952446877
-20.34742598635998
-20.412940842133583
-18.886682376001843
-15.777184395155919
-11.266213505725792
-5.697953630481482
0.4543336137523841
6.638901006538446
12.287667506473777
16.88148247737561
20.00811940786446
21.405919171748426
20.99044155023539
18.86195891034104
15.291199959169946
10.684148812998188
5.531627536199437
0.35067891379666133
-4.37630177823524
-8.257066117780218
-11.029908534890872
-12.582914300501926
-12.952281172827037
-12.301715138116723
-10.885125372769377
-8.998860535148676
-6.933533034449956
-4.934094734824956
-3.1730661302612266
-1.7390618143228953
-0.6399550302947158
0.18279742641523256
0.8329153283258967
1.4345914148630612
2.1073356719783476
2.9433203720534937
3.9896976239971536
5.237170837121452
6.614978293706402
7.992800986100548
9.1911173843658
10.00082662224235
10.210518395778882
9.637458725612143
8.157914828886314
5.733976956387383
2.4349046087115482
-1.550191513280587
-5.912671392981799
-10.241896873571246
-14.062557310459871
-16.89044141056458
-18.300548959020883
-17.99740726554682
-15.87416319409031
-12.047257959566139
-6.858525292089664
-0.8424251427331151
5.338549690248556
10.981396571889634
15.439296437406709
18.211031880467136
19.007979547564197
17.790032038909587
14.76774609993323
10.370313919588359
5.18326066794453
-0.13437560466386195
-4.941352443558996
-8.700819118738067
-11.048438852921215
-11.832437336119623
-11.121393968213127
-9.178841148074126
-6.409088769222764
-3.2857324327347883
-0.2772360656792439
2.217945309787333
3.918339994388975
4.684084930222871
4.517513476003103
3.541923702675823
1.9661978656159276
0.0458284244517819
-1.9504958070138667
-3.764256354040159
-5.162655814323694
-5.952345056227271
-5.994401226433909
-5.21915824947434
-3.6384293184599543
-1.3526626448873034
1.4499623817517129
4.504981628224618
7.494618771362445
10.080702278569465
11.94224298116078
12.811123864040043
12.502566335336832
10.940462371098015
8.176929928854063
4.40143026267518
-0.06789458127304619
-4.814870166764816
-9.374100915296328
-13.28752862017224
-16.15746925197314
-17.68854733305843
-17.715586833654108
-16.217401059255447
-13.317447377339962
-9.27213982592564
-4.446275985558484
0.7245580434191299
5.780118091961053
10.282361594527991
13.857858931881712
16.233121806952425
17.25868916887376
16.91820935025556
15.322910068637336
12.69381393203038
9.33285204626493
5.584013509324895
1.7884136955246714
-1.7587717290152811
-4.839920200093959
-7.329887972413196
-9.195289309503755
-10.48048106604941
-11.281327588425988
-11.709637860357264
-11.854741301330556
-11.751077122890006
-11.360950771222868
-10.578464697354091
-9.255848619220808
-7.248564107138208
-4.468025706210674
-0.9251863085889217
3.2463854124827507
7.78915178835695
12.339712098662623
16.463685519174835
19.702282132183257
21.625550563579466
21.88893518204607
20.287105563315187
16.795389522466962
11.591094819765644
5.052228758540387
-2.2667697884591442
-9.683793698725438
-16.462299395058945
-21.902180495016854
-25.433580726448337
-26.6951718549332
-25.581075613028524
-22.248348474922967
-17.085744202567245
-10.652306347127057
-3.5998777447431487
3.406737293554886
9.762497836410619
14.980220429384122
18.727715366032296
20.841292360432856
21.316023780180476
20.276437920518543
17.936797843028707
14.561463725359683
10.43180117843675
5.824538347090256
1.0060248533916878
-3.7598102869652323
-8.20038554153045
-12.03160280040496
-14.968614754633068
-16.75019419327885
-17.173470930788067
-16.13252635694884
-13.652179512993355
-9.90922739247687
-5.234904558322204
-0.0938417119562272
4.9604621251860594
9.34802682916022
12.535466076740615
14.111996842774163
13.856435265109901
11.780256356280082
8.136169451522994
3.390030884344495
-1.8388604072161316
-6.857801696070327
-10.987072420192876
-13.642827825083574
-14.411196399607396
-13.107174021080093
-9.809643940000218
-4.8639754049634565
1.1535811554900712
7.507572916060457
13.399057899049572
18.068884805700677
20.893753797463845
21.464453273838878
19.63841798756717
15.558397076626099
9.631812678393134
2.4747301885820367
-5.1677826574709185
-12.51120057042012
-18.818504742947646
-23.475959017986618
-26.052777207608838
-26.339731496173076
-24.362271317750036
-20.36705202548017
-14.783167333672813
-8.162427039057182
-1.109073506899949
5.7876081530229495
12.008315661869135
17.142568915714804
20.90984496749303
23.162671688733752
23.87439726957278
23.11714348998745
21.035355484157076
17.819380741721695
13.683909616680756
8.855553043360537
3.569994145221674
-1.924842958054802
-7.36384868992445
-12.46182558523948
-16.91706358711076
-20.424866271736544
-22.700979898370797
-23.512026527730974
-22.709271781402492
-20.261450135518082
-16.28087365107105
-11.035941031032289
-4.943431930958914
1.4639756892972384
7.593898454294113
12.865209575580481
16.781119711735776
18.993615393544907
19.35116844666489
17.923454171922415
14.997841231819692
11.04321905792365
6.642208407215482
2.4030468512831527
-1.1310236708690327
-3.55865304172878
-4.674044221204424
-4.4936406063747505
-3.2526266057683455
-1.3681377999480404
0.6279264591408082
2.1762910075893167
2.7841906659142968
2.1112043714704014
0.034660542010027155
-3.3143495076196903
-7.552288388660388
-12.08664695831028
-16.197728939133935
-19.14705382445216
-20.296659678599706
-19.2197387997181
-15.781474955624956
-10.174793548317174
-2.9056659441428017
5.269980564623528
13.44925387593231
20.70765226896481
26.22338049222259
29.3811207420628
29.844155099574447
27.58816648181445
22.89247316814553
16.291383129819632
8.496897274426063
0.30633007722509065
-7.49350475000916
-14.214180222489304
-19.335957316990278
-22.555837225465005
-23.810138748132005
-23.265684964617492
-21.275368311734425
-18.302595597547615
-14.829289749305829
-11.267694265547798
-7.894688811993925
-4.8206504127644445
-1.9964042221628042
0.7467434844536384
3.634817430581082
6.878412400888007
10.599702306689695
14.771821777681463
19.1849887703422
23.44748840595966
27.020759122298355
29.285514993243453
29.634418271766677
27.578813250815973
22.849568357713835
15.472662476326157
5.806079124339183
-5.468727003325248
-17.402986449082423
-28.883078548353133
-38.768240434739575
-46.036870782804556
-49.908305438767094
-49.91877117760073
-45.94952201027516
-38.21664228180911
-27.23386330335102
-13.758910231556127
1.2673474952697399
16.78329345939665
31.668904676456105
44.807765728868816
55.14976059468426
61.77840098335939
63.985549368543346
61.34890387712384
53.80160729324655
41.68159693438402
25.74703637654458
7.146519567959466
-12.657514497505067
-32.00476036144588
-49.18362404404476
-62.59866100752754
-70.94221531368123
-73.3469986981302
-69.49743334318804
-59.6838522187777
-44.790310720265204
-26.214366745045794
-5.726227352109209
14.71768669969472
33.186579330965046
47.98811250304153
57.85456198461425
62.07619154696696
60.56486640717251
53.84286018500384
42.96005406454303
29.348415942735247
14.62998507662691
0.4038723213984264
-11.954327572731414
-21.447376254818945
-27.543505654987037
-30.189817551459623
-29.75844864656584
-26.93983953825326
-22.60281840394362
-17.644997762113587
-12.857489684776194
-8.823393838296523
-5.861701589262375
-4.019130883209208
-3.10390370466488
-2.7517780653556088
-2.5139812462678233
-1.953519090200503
-0.7339327187701604
1.313251594457716
4.153169840785239
7.55133107362879
11.115919807309897
14.370009160620747
16.838155172872693
18.128187773182795
17.992988424724476
16.365478171178108
13.365303603707204
9.278822719895562
4.51772490741104
-0.4368250265958758
-5.09772467757349
-9.034311589638596
-11.923074320515028
-13.58000977623564
-13.974537419081443
-13.22655511763501
-11.584309168678514
-9.380089137355725
-6.969175427278814
-4.667558944881426
-2.7042820187519254
-1.1957718236976629
-0.14264270026631906
0.55268229643264
1.0514547566189079
1.5343452445889987
2.15579760168651
3.0055713777373705
4.086430071759345
5.313233177590276
6.530119282775097
7.537329379031114
8.122300673732289
8.094160311379213
7.320296813788336
5.760547673890593
3.4919194046346287
0.715226225971414
-2.262865620185641
-5.0713036246590395
-7.330493315361019
-8.711657743866681
-8.991752594366588
-8.096883510516307
-6.126002974506341
-3.348216682835049
-0.1713823102023657
2.9159431292274496
5.4218931873888545
6.934310433374072
7.193734949047684
6.145657441574099
3.964954883168531
1.0432164185596065
-2.0685532194861764
-4.757716475228983
-6.470763442273507
-6.830545356510306
-5.720802671714095
-3.3178604817312545
-0.06654100104919103
3.3914335212214906
6.32590416570204
8.050222559682574
8.056758104050987
6.130232695715426
2.413435685593261
-2.5909465239184066
-8.084039409397805
-13.089798648312579
-16.613052603777685
-17.814578121879382
-16.17255777201866
-11.595902126746255
-4.464546180551726
4.409534889255699
13.890741001198672
22.678416399292235
29.49126171813969
33.25160519120244
33.24423336308156
29.22629288912671
21.470675118272602
10.737090102944624
-1.82239057669144
-14.807030008253136
-26.738227909973364
-36.236255424973486
-42.18635600123239
-43.87639870343597
-41.085093445267546
-34.106212320606545
-23.70670058593748
-11.025626838961095
2.5716558345072653
15.66109521653463
26.92205744038058
35.27295465377511
39.971317534223054
40.67593924146306
37.46821859233272
30.8299518136924
21.578486300074964
10.765511336206405
-0.44742886108305585
-10.919072475492841
-19.64829633415508
-25.871778922987097
-29.130220430728034
-29.297654302537623
-26.573820813568016
-21.44335486960053
-14.606753929652264
-6.8895315652543205
0.8601640671021912
7.871288726797816
13.532484913487425
17.445184466732652
19.43879986795598
19.5483998022559
17.966632925572977
14.986338235758845
10.946493788001415
6.189199740877491
1.032991267834201
-4.234439100170782
-9.345544928331405
-14.032023579557471
-18.005785166353338
-20.953091284677512
-22.548439307477775
-22.488093576617914
-20.536991297539508
-16.580607804379724
-10.67412328058304
-3.0810247696601807
5.707312487318519
14.979475853425253
23.84741564531654
31.329621403272
36.468823898926296
38.46809311033982
36.82149428313157
31.414077279896123
22.572292278179095
11.05576332334878
-2.0105633352024355
-15.258511434563907
-27.240533374414706
-36.61444116701907
-42.321075935286146
-43.72638083315559
-40.7068179606283
-33.668034779426
-23.495886636321544
-11.445580101376505
1.0192096762080418
12.418519674105552
21.45287755957284
27.17228048586334
29.089797785927512
27.228435569201295
22.104126939301437
14.65120726620379
6.097181667036517
-2.2018148850459895
-8.947442864350428
-13.084895035893492
-13.960894095113941
-11.426457011366216
-5.864771437740448
1.860598228820935
10.52682862172426
18.72245794638144
25.043940176747636
28.293754610915126
27.656155710264986
22.82738000450241
14.079479113778326
2.2450642098348528
-11.376407801319907
-25.178242334104034
-37.45143724454471
-46.60753042130358
-51.38779794440022
-51.029680691250306
-45.368608646374504
-34.86214721737961
-20.534266976136326
-3.849792297828049
13.462180065917783
29.61321497768534
42.963177125673695
52.203273754412265
56.49157661277202
55.52640885350918
49.55052995147286
39.28948427866842
25.84226725012774
10.550864554867745
-5.130885502843945
-19.76223819293789
-32.03487274511133
-40.883819084313
-45.581725328048186
-45.80740836453174
-41.67930767485961
-33.744974701644765
-22.92453497363977
-10.413307824730344
2.4484565735373254
14.324729351467543
24.02967639622733
30.650081579172202
33.633254774785094
32.83534722102781
28.526142966430744
21.347983380217745
12.230918693188489
2.273069776263996
-7.397318008242092
-15.756637930879208
-21.997086417371964
-25.6010503359781
-26.373799996206778
-24.43533587490733
-20.17695226975983
-14.192749093740812
-7.1989378210430095
0.04818509589712664
6.830219280236249
12.538006586235158
16.73044719142534
19.171510130846436
19.839259184542
18.907549135278874
16.705164730627054
13.658469896323542
10.225849994832647
6.833911875009163
3.823007960521378
1.4062156564138166
-0.35408761296812274
-1.5469099580000052
-2.3881962262404497
-3.1749848081153234
-4.226587387311206
-5.821552324537577
-8.137727029315494
-11.202293875518208
-14.859484091658745
-18.765349090309154
-22.41698988944376
-25.2143764320125
-26.544006657201617
-25.87204009723784
-22.834661447149646
-17.31178924177466
-9.470693830765926
0.2299067228348074
11.0770278660425
22.174336980941703
32.53428007636692
41.17859743301321
47.23601846860485
50.02999128851535
49.15156582588529
44.509430582291195
36.34847055934874
25.233622650729334
12.00016342956625
-2.3252283623156154
-16.622296655493255
-29.780407551093134
-40.79708704587316
-48.864272124431984
-53.43251682002711
-54.24562020287031
-51.34710846172962
-45.06422375967752
-35.97144891619872
-24.834813068175155
-12.542355900235535
-0.0279836628510074
11.803594355575488
22.1415163650247
30.317264692076332
35.841535206618516
38.43865577197869
38.08031931692953
35.01111727346508
29.75329013542844
23.07336299706489
15.896488715092985
9.17449187251398
3.7354728328245357
0.14843834942945672
-1.3701127741899857
-0.9919608311407816
0.7472715141953474
3.0280246848348455
4.875715703493629
5.325129008884251
3.595130733899686
-0.7565105772124106
-7.725908617075958
-16.82578373178305
-27.128902790766137
-37.383814950197724
-46.17899406383799
-52.12875926371905
-54.05823137396289
-51.1671829184005
-43.15455517889257
-30.288659451135764
-13.412622492866314
6.119045213378954
26.569008105930298
45.99921466209341
62.487442207372915
74.35091661766381
80.34406654400848
79.80132443718358
72.70820026417314
59.696366857283145
41.96727551365825
21.154632347406434
-0.8589538487056086
-22.148754676088213
-40.949368869294915
-55.82319655337683
-65.77743128685059
-70.32320748240667
-69.47955491410427
-63.72776214786034
-53.923793699815
-41.180801104038785
-26.73652286550269
-11.821809898485801
2.4525613357972724
15.178239095157227
25.69630389491222
33.609563353518396
38.764732363245
41.212915849506196
41.158427389403435
38.907236162168964
34.825774900067906
29.3146911552684
22.794475326265285
15.695828460162794
8.446988092676687
1.4536691993724087
-4.925578710254525
-10.401186692747267
-14.766958532433858
-17.908072021062647
-19.80434563065302
-20.527148977953722
-20.227807208766375
-19.11771655021625
-17.441677858734547
-15.446488187790298
-13.348498480157728
-11.305328518360977
-9.396316613897794
-7.614821212046692
-5.8750607237058174
-4.034217700861832
-1.9239741187360895
0.6203627351825208
3.7406729516162947
7.53965930667522
12.050102798619154
17.181222684160474
22.65528789482029
27.962908272799883
32.365000495964686
34.958416469269174
34.80663298090369
31.118858824502855
23.444186297821062
11.838399918752378
-3.036821695818328
-19.911442068371073
-37.01341475267253
-52.27472231599304
-63.607246825821946
-69.20526401965012
-67.82750721222158
-59.01429781197016
-43.20373008054464
-21.726868229772343
3.319190990501177
29.305679506901917
53.38500783869259
72.83950806588796
85.41650303561717
89.60428035655578
84.8156183876504
71.45933905950682
50.8929156550381
25.262223095221525
-2.751581926149918
-30.247005719485177
-54.44001460882119
-72.98001465135056
-84.20171100378093
-87.2838301486412
-82.30062689624374
-70.16228724163133
-52.45384300468491
-31.20319371137568
-8.62205015108924
13.142944789147414
32.22527379237767
47.20177523370635
57.18903301497375
61.86743735219477
61.43980340933582
56.539108186327944
48.10266199981915
37.23234582064753
25.061658158433755
12.645504756080983
0.8803750818506794
-9.543615577771241
-18.16161072285489
-24.728830061248637
-29.195336639885696
-31.664618438622014
-32.342625148927034
-31.486224544266022
-29.360039116918962
-26.20796920220766
-22.241085449955442
-17.63986387098953
-12.566743544932788
-7.184080269727628
-1.6729008514099524
3.752641536996464
8.841595422285161
13.317831582522153
16.906701733563622
19.372806376247052
20.56135614196311
20.432018510390233
19.074844088689712
16.70343643538555
13.626925050874025
10.206907288308921
6.80787723061809
3.7494634759420324
1.2662642296107205
-0.5214294256918778
-1.6224602246962108
-2.1704225898356833
-2.397612124533884
-2.590325953883416
-3.0328931843116265
-3.949417138890581
-5.453302680036682
-7.5159229206701506
-9.963036873633067
-12.499333333807888
-14.754692048813977
-16.34402208578376
-16.930983134295595
-16.28436212007342
-14.317893003030127
-11.107056924735366
-6.879353812187008
-1.9813968443635397
3.16746798795189
8.125647161120602
12.478702560716217
15.885287377420626
18.115956478841
19.07767598269633
18.817816494285967
17.50702887081519
15.404136249135059
12.808372094279774
10.007611332575925
7.232824953859041
4.627670213254458
2.2386346407217714
0.025543010548972577
-2.1119717380481906
-4.297697771504811
-6.638813237389361
-9.189422025478216
-11.92092274764873
-14.70244233610086
-17.299925410426045
-19.401947846249428
-20.66881536855941
-20.790798512977837
-19.54155261853419
-16.819016095901663
-12.670351088973733
-7.298953239908817
-1.0522849347608605
5.609265630133905
12.159308012474359
18.061235331464463
22.823417881999585
26.045321745745337
27.451041742423502
26.9118770788747
24.460734970313414
20.297934814339225
14.782881097542067
8.404460891099113
1.72901788516854
-4.665675963796455
-10.256777353941319
-14.631266675165469
-17.52331316246004
-18.832807609856115
-18.626095195104654
-17.120446852416705
-14.65275978125329
-11.633602294029515
-8.491939265340836
-5.618298407539426
-3.312730443960652
-1.7441473354955945
-0.9293134824785254
-0.7374407759331201
-0.9197661315858314
-1.1568199627484776
-1.113533615571504
-0.49431888008261626
0.9075234146071911
3.1706811923791594
6.220180933184099
9.818594082402319
13.579521134443548
17.00770126060063
19.56445752570318
20.75038261239519
20.191772385521784
17.713946026231376
13.384380263970717
7.515176833195214
0.6269266089931771
-6.616082542426622
-13.490271703268368
-19.306982956794066
-23.500884126120308
-25.696117220243845
-25.741134816177432
-23.712431613186393
-19.893582010732956
-14.736411209835168
-8.807051205956501
-2.7181824050310937
2.946421632472261
7.702948473036703
11.221601823987797
13.356061900082413
14.145693303441695
13.791213524583679
12.609216899210182
10.974104947097718
9.254839566928673
7.754465197521972
6.663326669344221
6.0343940796721345
5.78242286314449
5.705689913969474
5.528542225856304
4.960041119960543
3.758798375228377
1.7899197882721047
-0.9391501049013157
-4.2703540510935065
-7.913129109737152
-11.483436617560411
-14.557106017590522
-16.730858193714663
-17.683908019559762
-17.23152088453197
-15.360395428997089
-12.237334415195955
-8.188813073043354
-3.655384420687357
0.8729849481777975
4.933618448464067
8.168697006494051
10.38675917353108
11.589896971975053
11.956074672305816
11.779694426500427
11.385820332991981
11.04031239449032
10.87813881387828
10.866415862759505
10.811480803109271
10.409389677378892
9.324929909462838
7.2765741523729845
4.1113893654447775
-0.13752322438331946
-5.219130561283773
-10.669561692280787
-15.86162964324271
-20.095075888112362
-22.713406944626993
-23.22674762127508
-21.414718004524406
-17.383296607093303
-11.562214249512595
-4.646817752090083
2.5018414576142427
8.982135723224276
13.985020788642927
16.91741746037647
17.49559438876791
15.789034597866532
12.205936619498223
7.425966185697427
2.2934487468027656
-2.3137202779556554
-5.621374463815741
-7.081829323247013
-6.461803806963833
-3.87942078592906
0.21664750090073792
5.120178914962942
9.97818289863908
13.922850937084975
16.205343405159287
16.308465867443193
14.019198271925875
9.4532555678107
3.0335943900884224
-4.569700550471414
-12.5271091012494
-19.951805759580665
-26.002539231710255
-29.975056653483346
-31.374333324559156
-29.96435373659255
-25.792339285394075
-19.182635289653536
-10.698661652148239
-1.0791662618878806
8.839735844462668
18.205754296048323
26.22672195365271
32.236490522619384
35.74693205765799
36.4834031090406
34.40153099387786
29.684977414944616
22.725799158124484
14.089230377998541
4.46474534330312
-5.392303179097074
-14.72121733928769
-22.811861478856603
-29.052707317246337
-32.97110213047867
-34.26675552584609
-32.8375542774899
-28.794347110376453
-22.461186337842683
-14.358970761938744
-5.171904354377056
4.302254954317007
13.216389610509312
20.750122088345343
26.191700102277395
29.015171062018197
28.941548613899926
25.974804763285334
20.40685974057823
12.791413578009214
3.893272087247101
-5.377941400148976
-14.04554913661705
-21.155557072526037
-25.87603317089466
-27.596528368492372
-26.01269704906885
-21.18071103256917
-13.531458937588937
-3.8424120134277526
6.8311302918647465
17.262292942713415
26.188735264335318
32.46471078856582
35.21065774938566
33.939513920441094
28.63882043102913
19.791409375037222
8.327215359621489
-4.487389339240215
-17.205531121970974
-28.379598474532166
-36.742345191118
-41.36608383114147
-41.77696773494343
-38.00565552656726
-30.56654944063987
-20.372033810285686
-8.598536648750649
3.473865856364893
14.623538784571231
23.826214675734334
30.35340630287962
33.82439768389997
34.21283131847516
31.811883575332146
27.165744051095746
20.977731344058192
14.005158689785791
6.9525395415799975
0.38084805527704324
-5.34526368512587
-10.059205682627494
-13.750074185932107
-16.497046264649345
-18.400789805784825
-19.526321034470126
-19.868632264991856
-19.34959256843839
-17.847972999884114
-15.25411079724984
-11.53242587530989
-6.774031458785085
-1.2263597730720788
4.706553124273278
10.492807680428392
15.526686716775872
19.20402770608718
21.01210894557473
20.619657698032558
17.94682763350058
13.198113297496695
6.850696314216332
-0.4006057379955256
-7.732612024107869
-14.298361095904072
-19.324384753648996
-22.1879960158607
-22.47639359204872
-20.032498642494883
-14.983582383478884
-7.742545623557521
1.0228341110200732
10.44751612499943
19.545164520625406
27.29753900809362
32.75524797170003
35.14463610326753
33.968032863489384
29.079790967852787
20.72460010374783
9.534343539370274
-3.5145877250922934
-17.182847525118873
-30.087677955138027
-40.85162389149285
-48.26145085031034
-51.415279926965106
-49.83914472561784
-43.556292042385294
-33.09574835895351
-19.436938840305448
-3.8991073993467515
12.008486762573748
26.755048676922595
38.95417594166216
47.51117993875287
51.739029758139395
51.42807707430229
46.85601465329859
38.73359385204833
28.093680176143813
16.142561326683428
4.100226970967692
-6.9443261131797085
-16.145079790155272
-22.968761304228718
-27.218082609334875
-29.009618466149288
-28.71238983830069
-26.856985283352497
-24.030760042492513
-20.77855655396426
-17.525444661816646
-14.533046441821728
-11.896309693375125
-9.576967633872806
-7.455538291875051
-5.37858809673028
-3.188143473242652
-0.7357088650580365
2.108951539213924
5.445830435527323
9.325932533690867
13.726171813941068
18.520979177233485
23.458158711725666
28.151447042085337
32.098881973171494
34.72690735957171
35.45636871592424
33.78466084767638
29.371937004435708
22.1162121428817
12.206107030512511
0.14447517017155004
-13.262102882894004
-26.95272627646956
-39.70215085471713
-50.24518598982613
-57.42217829651025
-60.327108363491625
-58.435215401615224
-51.68875683838951
-40.52799947391291
-25.861817929864728
-8.978564450194808
8.592689399064755
25.2514574016143
39.50342650813237
50.12643326070626
56.30635400300946
57.72181864535809
54.559726329210655
47.459202768800665
37.39962550246049
25.556737467565444
13.149885337112767
1.2995020776926232
-9.089175177598914
-17.40445721593195
-23.36305277619826
-26.999421086680428
-28.609778217902853
-28.658217301668774
-27.662991447170544
-26.08651503537992
-24.250473596143554
-22.29056644346509
-20.15674457160061
-17.656233492868402
-14.529075547699836
-10.539603418867769
-5.5636011729273775
0.34786343503696726
6.9412476638799445
13.775214322308583
20.273242265711573
25.802754221939217
29.766151888326764
31.688515869982066
31.28772791145716
28.51700536331543
23.575579724416265
16.887912719017528
9.055480605941128
0.7878535182985571
-7.177282396414242
-14.15266978381159
-19.568145074165134
-23.020998715851032
-24.308315854995225
-23.439407612761883
-20.627906338875956
-16.264835263610166
-10.87531059734314
-5.063569891745566
0.5487523522483958
5.387039638647767
8.984666785954664
11.03213989604599
11.40781512234349
10.186870264386059
7.627392911302387
4.134608695764796
0.20646902160044067
-3.6334053668541677
-6.9052264119502915
-9.232114970704519
-10.377502881022188
-10.254892896663712
-8.91212052904748
-6.49977210498218
-3.2350077647483584
0.6306971611122844
4.834413922389603
9.114319305162978
13.214738077672871
16.884502865983425
19.868520694048485
21.898965782267652
22.697371011686585
21.994462851358016
19.567359790319113
15.288966976437033
9.180356831376184
1.4544636890578397
-7.459835227361223
-16.922469986117445
-26.12255123151636
-34.154647926937656
-40.12168574521705
-43.24865200892588
-42.9897535886225
-39.11241953397561
-31.745016331083722
-21.382271267254495
-8.848732630854172
4.776396011745374
18.266412518519395
30.37521903525652
39.972943878676205
46.174292843967145
48.442167735875564
46.649291224013126
41.08854403400598
32.43364744173391
21.65701461669012
9.912514265941104
-1.604320576010286
-11.798435442449222
-19.79831903044495
-25.045732455981863
-27.344754156523756
-26.864124092869574
-24.089246091097998
-19.730525185715404
-14.606644071489132
-9.524406250710268
-5.172079341083131
-2.0387068911774757
-0.3689919507581751
-0.15781232639047918
-1.1797376069446626
-3.0434853201211953
-5.263700604993144
-7.345631294134602
-8.87154871489984
-9.565735014513912
-9.314174098010536
-8.131426319306922
-6.089462391612043
-3.239180020125151
0.44114528195242325
5.046804326767446
10.6922976343592
17.414985514987073
25.063710479144806
33.20695022368165
41.09229734902734
47.67754915698132
51.73881618435017
52.04396791352953
47.563627274112164
37.68326096703401
22.37910933397711
2.324735800223628
-21.096257582030184
-45.88211754107833
-69.60317040120204
-89.6678985581581
-103.63211981943077
-109.51354071623206
-106.06954252606286
-92.99482776169855
-71.00543487403885
-41.795635923149156
-7.873617796757332
27.703925190590436
61.664400427346905
90.87432460789333
112.67243140319799
125.14546369046325
127.31864758761917
119.23857571743136
101.93654144454945
77.27753216099576
47.71876883398435
16.014162812372707
-15.092909699386544
-43.14557467460622
-66.18563792481231
-82.88694007688333
-92.6065446696495
-95.35783498165927
-91.71969389969078
-82.70187873368639
-69.58530793460959
-53.756667886001054
-36.56044869419387
-19.188352471718556
-2.61369645285207
12.43437138135535
25.467197746450317
36.2116253268383
44.56817731772157
50.55712880359387
54.261524157302894
55.77909945662903
55.19182431045312
52.555751067572196
47.90991727387399
41.30137566998092
32.823084813528375
22.6598060266037
11.1316139583428
-1.2800581935273025
-13.935976104458025
-26.07576809342847
-36.88283600568281
-45.566981691290714
-51.451285628683074
-54.04928756956629
-53.120616393719814
-48.69873450058423
-41.091825415405026
-30.86163057211727
-18.78312481133768
-5.786161208050554
7.117763543554718
18.91882062350191
28.69716523200101
35.709193202786544
39.46256197697143
39.770256647501206
36.774266676818954
30.932724472879183
22.97022459858655
13.796097123257866
4.4011374680525615
-4.2512526449739685
-11.324304375292092
-16.187791973121467
-18.473703988992018
-18.10621869690137
-15.305801612409866
-10.565751031690699
-4.599187198360381
1.7415949872895482
7.56519476737641
12.048482235087555
14.539320541136563
14.642295358591163
12.273108383953431
7.670210093413614
1.361629175449945
-5.905579032008543
-13.260670705889138
-19.81603347880569
-24.77375315511962
-27.520634724600864
-27.699238944010737
-25.243391406335345
-20.372683356003108
-13.549497215177857
-5.408667335658753
3.3268120736584073
11.928564060636056
19.729918584192557
26.169596335633198
30.812870043203333
33.35792322404461
33.636649971232856
31.615067863733238
27.394492409262046
21.213077542492684
13.444533550020877
4.5878788286254855
-4.755912964467322
-13.919177028671216
-22.21078308671387
-28.964484858745898
-33.591752727391416
-35.63907383115329
-34.84667654919732
-31.199168615727785
-24.95384849180752
-16.634838559213087
-6.989520247760817
3.087396875579403
12.650880091121236
20.808985082107515
26.816879181508746
30.149288102674436
30.546706645610552
28.03561422487055
22.923771218261855
15.772260630692674
7.3453288656675095
-1.4620946952447256
-9.71574157035047
-16.543335490688996
-21.2354044189744
-23.332877188358296
-22.68493725804519
-19.46414849155895
-14.137418391980729
-7.400537891401256
-0.08741973849916165
6.93271583645122
12.856468113618652
17.035675010867646
19.048702028876296
18.746688615064034
16.267000839084613
12.008662299035361
6.570807849005772
0.6644504590495907
-4.985969693810682
-9.73659486720559
-13.102459136365026
-14.80880352193751
-14.80696683816833
-13.255217617446881
-10.47330103086579
-6.883207062971779
-2.9486024032935245
0.8774509342880553
4.192562709762945
6.675242564279333
8.108605106481262
8.396385782601946
7.568919151538577
5.779801713305908
3.29317513404006
0.458991570782913
-2.323520771081386
-4.650483941044295
-6.163109667714523
-6.59810435088893
-5.828975064552393
-3.887597964140487
-0.9616137743055571
2.6291843765446177
6.470229233230825
10.09698609560888
13.04383066180747
14.893913501832015
15.325508326789176
14.150927555415887
11.344439995788282
7.05361896046848
1.5889606244381869
-4.607491459084263
-11.00709136177576
-17.04393916768496
-22.16257963161439
-25.86101654865174
-27.72682707395899
-27.466250744761236
-24.92952889838899
-20.135203336628408
-13.29123346174556
-4.80630123123899
4.7172720111094995
14.516105878282941
23.725632042991307
31.462049357147265
36.915540848273736
39.44261270951578
38.64816699312439
34.448697210495936
27.105034926585123
17.214031989896185
5.656367024371101
-6.49399634543859
-18.08762941686467
-28.029379034710832
-35.40163972645715
-39.56250407068419
-40.20440172594622
-37.36828430536224
-31.419211273398894
-22.995014759494563
-12.938236571536164
-2.2161863646760813
8.169398495204277
17.279074469183247
24.32892449845752
28.768913785563942
30.338089935027153
29.087793821889715
25.362697328969986
19.73950702590984
12.93839785024513
5.7258646533071875
-1.177187559735956
-7.170277703880675
-11.821733481834437
-14.888569129216263
-16.31206150999758
-16.194761474181128
-14.764527897955595
-12.331913449459233
-9.247205868045832
-5.86065806575011
-2.4880114562501183
0.6139384883977997
3.257728043658529
5.324297580847705
6.756392041193312
7.548982497912909
7.738460469421553
7.392559381158433
6.600420663864834
5.461949248288846
4.079306570076013
2.55368624565282
0.9853961052823375
-0.5278798563067
-1.8964719380256205
-3.04454055197073
-3.91293856827232
-4.460040049443448
-4.663600576005819
-4.52419079738462
-4.069289851191511
-3.3598006797435502
-2.499970982236982
-1.6428993208654061
-0.9776605434441743
-0.6908935997181527
-0.9097306449077867
-1.6438872261277229
-2.7488216299431683
-3.927087820345076
-4.772037201828352
-4.84470328114659
-3.767497334187296
-1.3156107978294878
2.5130650500866882
7.463419817130588
13.028691930562728
18.49525466132583
23.024734347354677
25.767304560593114
25.9916747295053
23.211851147379985
17.289521667787323
8.492554108479457
-2.5029745816458546
-14.66910765876268
-26.733632322496213
-37.325851629223514
-45.143237415988445
-49.11894569173063
-48.56711646288758
-43.282509241267896
-33.57898657779101
-20.263993955703807
-4.555064697513402
12.050710248004158
27.93876137532112
41.55187184857009
51.55797242184099
56.991555878662695
57.35294946275607
52.65722988822167
43.43078239674302
30.655253027962424
15.661055084508089
-0.0208898430614785
-14.833060625093356
-27.36942122393883
-36.53476006578628
-41.66517467296572
-42.593012774535545
-39.64446449775871
-33.569830617867574
-25.419845158947258
-16.387348829872774
-7.637121352115093
-0.15134020301115594
5.385722320450825
8.653153683620667
9.707255652038631
8.943241604490206
7.007467106935518
4.673105802282987
2.70236371838833
1.7196250776303135
2.1141116477371176
3.985342479864846
7.139138927512004
11.131691320868622
15.348709019412386
19.10305636345487
21.737174320691402
22.719901120902364
21.725726647126333
18.681174582877738
13.767916685736996
7.386225295483835
0.09308386506728415
-7.471168599027435
-14.65920993608349
-20.888811732337494
-25.7001960106058
-28.78885997827855
-30.011779586540595
-29.37316607764045
-26.998310410615385
-23.102031934079445
-17.957070603546047
-11.86911420982363
-5.164153039440881
1.813259697157127
8.698728055455042
15.110779927598317
20.661436716190792
24.975472218344294
27.71393532156493
28.596424999007862
27.425852720928905
24.126054477436746
18.79375736632895
11.74992979146495
3.5661006342183086
-4.95555685851971
-12.856649116215001
-19.144325110404353
-22.94078189543496
-23.633232827324104
-20.99565593967113
-15.25869351749307
-7.112709557582486
2.360891680177621
11.82389373452263
19.863665969421866
25.19664570120026
26.860178838384222
24.361275365821783
17.759608866786582
7.675139565590261
-4.77784819586548
-18.121715029961532
-30.697118319467
-40.87312621583583
-47.25715043351532
-48.876255114308094
-45.30757175822677
-36.74192285107881
-23.96857626376166
-8.276772878218246
8.71290238317509
25.256378120606442
39.697982213492246
50.65810498487043
57.17514354870596
58.786586273468394
55.54509034355656
47.97664000791756
36.99264890409786
23.767773262571726
9.596112430505325
-4.256508398430155
-16.681738679459613
-26.821691920103984
-34.12172552258296
-38.34858060476163
-39.57838194621707
-38.15565456587009
-34.62653014362258
-29.653530634804277
-23.921754849043786
-18.049350005629126
-12.51782966181764
-7.633561923505243
-3.5227389661013433
-0.1565506662956393
2.600312230711427
4.930052895671587
7.005699113617826
8.950127048716693
10.81680394417211
12.593197156063361
14.220748313229391
15.620025088184192
16.7113306616878
17.428808265731785
17.731002601245986
17.610007690942915
17.10125197440315
16.296309398217737
15.356631275790232
14.517840303579598
14.06435389522866
14.251318429274475
15.171947528471946
16.607581272233276
17.923828985054673
18.07164219140608
15.723742700871421
9.536969670823671
-1.5075806415720003
-17.76095638747825
-38.640164559077824
-62.506877019516054
-86.73298466909893
-107.96189320526305
-122.53559594038033
-127.02663576443362
-118.80043828639427
-96.52595438076393
-60.5481730123356
-13.048886638356905
42.047272666278076
99.42720835978263
152.96941678890127
196.47634742502805
224.45933636900884
232.86673758703697
219.65246008117222
185.10422965630667
131.88415045244705
64.77287486442445
-9.850879640082336
-84.727584912283
-152.53762699042483
-206.71946356805407
-242.18189101685073
-255.82798440298572
-246.83846050302358
-216.69062655695265
-168.91889305687224
-108.65606595025716
-42.020149786519625
24.57586288657963
85.10918421654526
134.54940854557378
169.3130337587164
187.52499084046923
189.0659579276303
175.41044796868007
149.28631482780975
114.21552688292066
74.02435753564285
32.4164133546015
-7.328939500695568
-42.51982797471773
-71.10367125198594
-91.6532659393838
-103.33428936488846
-105.88634514357192
-99.62443940858742
-85.44904268548495
-64.84543817883981
-39.847228856268394
-12.936749222672095
13.13337741675533
35.593136910813335
51.960119081014014
60.35909025139538
59.80578797823727
50.400986525953805
33.39111091617082
11.071067136753483
-13.47236667035411
-36.752274636895514
-55.356410043973035
-66.43324305774189
-68.11316755778192
-59.79704424390296
-42.262204388495384
-17.56587967615839
11.23808456877895
40.5239340039608
66.59511601842341
86.18530297677998
96.88413437919814
97.42872431832699
87.82731201529282
69.30853533917586
44.11333598569674
15.165435195758349
-14.328428737434455
-41.2894364147491
-63.13201479741255
-78.03713130777192
-85.10504599015947
-84.3805798079201
-76.75991286045488
-63.79802097126567
-47.44692728751355
-29.766050377889524
-12.649841075110269
2.3899740201191517
14.365483820029619
22.866995620112494
28.028943436793963
30.41824883257757
30.870798691581417
30.308060799447425
29.562844589869318
29.237716658807116
29.615423663824217
30.634041956256137
31.92683770261058
32.91365748321665
32.922897315669076
31.319816917749236
27.619629676528128
21.572234685811654
13.211073802999842
2.8584815094225515
-8.918645225977059
-21.400818201688974
-33.83730694211651
-45.55805186365204
-56.02772489976901
-64.81136456278341
-71.46353879073217
-75.39604423399827
-75.79659498487779
-71.65477582914528
-61.91419152140607
-45.730342692002665
-22.78349108756262
6.423690733848203
40.360784663627
76.42343849233481
111.08560376414378
140.2511414509586
159.76607095281372
166.0198279022836
156.5419858830705
130.49464417668815
88.9736309597893
35.05851420983294
-26.413771996143627
-89.33478105571625
-147.0113839381034
-192.9645657409085
-221.73306775865987
-229.57174393877344
-214.9515944572157
-178.7989204132562
-124.44399176739536
-57.28138111206152
15.824388599731082
87.32069494760755
149.83851172411852
197.04216497434996
224.35004694105146
229.43521190676145
212.442552371077
175.89959975961435
124.3415388652597
63.708770459123464
0.6030985753371846
-58.497543975970856
-107.96663026093957
-143.61175526332653
-163.0475941695127
-165.82576117659417
-153.32366979962265
-128.42521298051884
-95.04877560532093
-57.59318641057071
-20.376903273462855
12.86140798489124
39.34639245125349
57.49456088568746
66.96743453922481
68.55315881582274
63.907339114717736
55.20375418868271
44.75203351288454
34.63643883805466
26.424016932353013
20.980665621531173
18.416806464624514
18.16233821616642
19.148298569998833
20.054886626481064
19.577926268320546
16.671028019327284
10.732025123072074
1.7122553237474838
-9.863438185362485
-22.967719983431362
-36.22271769784458
-48.107308129223185
-57.18020145753749
-62.279318055506884
-62.67072207291479
-58.13330520401111
-48.974940972678716
-35.98442737023669
-20.329267766687227
-3.4124220325465022
13.293910887812427
28.413836760542953
40.80979421960693
49.68611517427733
54.64613752297305
55.69761081803879
53.20571503608305
47.80245862183714
40.270586474786946
31.4246819100436
22.010256426480755
12.633903455254428
3.7283174647860444
-4.449951323073095
-11.794378099792144
-18.30075580317855
-24.00912720132948
-28.94891282038593
-33.09769370109055
-36.35928804910817
-38.56312243741046
-39.4831835894817
-38.87267952831234
-36.51098238770678
-32.257580978507626
-26.101974847989645
-18.194616115299688
-8.847396208065527
1.496727048819435
12.310906283742236
23.026114184687366
33.05135438173387
41.77418306020766
48.559534598428314
52.767926798334514
53.80507148454385
51.20352972112258
44.729207322672096
34.497396990087836
21.06948162727498
5.488375661243969
-10.785865564622002
-26.051802123995657
-38.626190916620814
-47.128922763401015
-50.725956754091165
-49.27674688428698
-43.3584171182932
-34.1644489527154
-23.296626743272963
-12.48665083429669
-3.2973779417528233
3.1411859858864064
6.312462026998184
6.378469827259614
4.120389814236796
0.7698401005328283
-2.2335800953915497
-3.51405209599644
-2.0182204338441276
2.777528302867023
10.746347656749537
21.101395565461733
32.50065580176635
43.24581132043602
51.538616985347176
55.75197377662967
54.67625348411222
47.71062903842612
34.97820336582089
17.350405882638015
-3.626585259657371
-25.899232937001333
-47.14849752477676
-65.07313136794814
-77.67498758235752
-83.50825679634504
-81.86013611850997
-72.83875720230752
-57.35600761887257
-37.00757295853597
-13.86821418959982
9.765008543440999
31.638832693623755
49.77707628543821
62.65470565318862
69.3115767507606
69.42040783798238
63.31571818949991
51.97157375921667
36.909786036397975
20.033216199816792
3.399659630146769
-11.03365746772663
-21.662139570171586
-27.451175170291705
-28.086056342565783
-24.023494229271066
-16.427329072083758
-6.993391046751851
2.3098435663459007
9.544160225948477
13.102815097007097
11.966903956709332
5.879794684664433
-4.588038642635041
-18.096988559774093
-32.712711831910454
-46.17161503943402
-56.199558097530584
-60.83984658976397
-58.747140155545054
-49.410169502474616
-33.2717733625396
-11.71975286984344
13.063385628486236
38.376820684027564
61.361042265029205
79.38137190864124
90.37476605326209
93.10960433628767
87.32533303728766
73.7386365387196
53.92131998656856
30.07187803073272
4.717581768259318
-19.607670388869014
-40.66461041327552
-56.75036712988117
-66.85378395910872
-70.71079993212422
-68.75915348734746
-62.00625354139441
-51.83698004679389
-39.79173330826364
-27.344389053280707
-15.712367135277857
-5.7290851545834816
2.2051036328152875
8.096375556454374
12.271028106330466
15.250380965087068
17.61120734369591
19.856981108547217
22.320876625885926
25.113139016517554
28.116329513800398
31.022006214399674
33.39517172134402
34.75285395247296
34.646171017192586
32.73560991386554
28.84921823362848
23.015765073702735
15.468811531849092
6.622655544082951
-2.973304602871935
-12.69238710496061
-21.893038772132762
-29.98068184934526
-36.46216517145279
-40.983663163642895
-43.34634689334445
-43.50167403266578
-41.53279731789763
-37.62842180260427
-32.05384480927832
-25.123551133989906
-17.179601339765558
-8.578203235001709
0.31593484436066044
9.130038367352618
17.483425626000802
24.994579870181045
31.29991020085544
36.08116214346897
39.0939691089367
40.19336833356154
39.35410698091342
36.679557242735285
32.39236028057622
26.80661666415501
20.28831978557656
13.213844356695578
5.9357458374970165
-1.2396381332795785
-8.063555408947128
-14.347050743710962
-19.954606009285673
-24.78974877626533
-28.774815518335416
-31.829682183979383
-33.85688269514687
-34.740415791712444
-34.36026505847278
-32.61764262285998
-29.46394142044568
-24.928260231799516
-19.137876019867765
-12.32474867613894
-4.814176185071323
3.00309033140706
10.71036553839257
17.908270342986143
24.251397711062168
29.469880233514818
33.374004001773734
35.84670045520501
36.83092397558719
36.31783968222716
34.34070718022532
30.977654022375553
26.36138572835269
20.686953044353032
14.206560406484854
7.206619180410551
-0.027100118857055853
-7.242303258872518
-14.237462583382067
-20.85903736158795
-26.982717928722696
-32.484432596247565
-37.20749172004716
-40.93588070860075
-43.384271067466216
-44.21097679700867
-43.054872928063276
-39.59202842329449
-33.6038360451146
-25.047014475615345
-14.113375585755955
-1.2642335200510357
12.772788305044438
27.048035919153016
40.47004480199536
51.91161498142157
60.330221591743495
64.88949808198953
65.06351722192139
60.70259721449933
52.046982318685174
39.6924511523977
24.5268364983168
7.655772925491045
-9.676769585800036
-26.176982071066117
-40.600782928166076
-51.85824497337669
-59.11083440169379
-61.850823769671614
-59.95552188088704
-53.70823050891596
-43.77845311448049
-31.1593668093545
-17.065970558888832
-2.8037140120062958
10.37328227800625
21.391949166232234
29.46223464841644
34.143862720977175
35.37425723400884
33.455799762698035
29.003390140123482
22.856912974353705
15.96665688632039
9.264705133767158
3.542161831605372
-0.6455036087286966
-3.0298915290371284
-3.6349951667704254
-2.7417455021624613
-0.819524179661812
1.563789648579
3.834507844975772
5.489079144225322
6.143663175237889
5.559210825759219
3.6494610976492643
0.47840826526349217
-3.7501740455356414
-8.710454203081392
-13.977668670696103
-19.055000952612968
-23.40573297965898
-26.494787755387307
-27.841447989572785
-27.078910135586057
-24.012505014889765
-18.667268445111922
-11.31374467680477
-2.462329209954288
7.176181882300484
16.75868128085953
25.39722667884204
32.2552174736897
36.642393389785404
38.098991575842085
36.457738462020814
31.87247840313925
24.805894893491725
15.97515755947207
6.262698600012413
-3.3936434762148244
-12.114309739282394
-19.17937142230859
-24.103210129154636
-26.67189163725206
-26.939568604996836
-25.18916576774064
-21.869400028473617
-17.521518098488677
-12.705225104883404
-7.929610789816091
-3.5966918675454917
0.03252612647188443
2.8445279612544887
4.855687229482556
6.178108461480738
6.976454323992412
7.422802478233481
7.658466075846244
7.773085935314131
7.804579699011128
7.752729339683829
7.5968425446070675
7.312788663018057
6.886920703522315
6.323566625107286
5.643951174678318
4.87872356380066
4.059532886961604
3.2126535166030026
2.3535074761105963
1.4818816741456997
0.5801155424096696
-0.3847541713906815
-1.4549872272209392
-2.670873740928083
-4.054234349383541
-5.59194668722662
-7.226008272642334
-8.85172922781632
-10.32240614678642
-11.460379787389575
-12.076270254397771
-11.998772624167385
-11.114445924319625
-9.40747745774301
-6.981817572039212
-4.052404191092637
-0.9045440461969678
2.16707270767291
4.920962815400403
7.216570734262127
9.03771163683062
10.485684029679922
11.739392663569244
12.989089673404955
14.360355672731025
15.84937469298885
17.28849485892003
18.35307014784121
18.6089216756419
17.589586561065445
14.888562389991234
10.253115620529792
3.6666472668593917
-4.596414320708157
-13.95985833343703
-23.587808468741922
-32.474640145526344
-39.56760890049418
-43.90483877866042
-44.75067486726694
-41.708215397190656
-34.790023213257946
-24.434857467287753
-11.467862931910364
2.9888297899151888
17.640598914967146
31.16068543320952
42.326532735287635
50.13722947176553
53.904068476535045
53.30969490837709
48.43250061150505
39.73496781237193
28.01738449067368
14.34093771348659
-0.0736110538525456
-13.96318681096396
-26.144272759975234
-35.626693211299106
-41.70824267560592
-44.041292823269174
-42.66324095927704
-37.98421057500011
-30.730588936170953
-21.849872444849062
-12.387194538629783
-3.3478932713245615
4.434439877834597
10.40147444755092
14.324113415838154
16.29590326787687
16.671833375202887
15.971442802388289
14.766410247539827
13.569632711179148
12.742300143548565
12.434554431476688
12.570606416225981
12.880929552799385
12.97476309150935
12.438225521701993
10.935905478895624
8.289942939726421
4.519180090317833
-0.16185870417198323
-5.374226009395957
-10.626972536543406
-15.384686359350024
-19.142930704258166
-21.499702921798274
-22.209055385075025
-21.20831074788528
-18.617882763976667
-14.716165376087172
-9.894406778905406
-4.601469180534271
0.7097614441437152
5.62687320721417
9.809563620660159
13.005799590271728
15.0547474096845
15.884343406593576
15.509254465822266
14.028829621022716
11.622409681419802
8.539869069856872
5.085648746939758
1.5949142668349243
-1.598843767756812
-4.2021363539218894
-5.997663349324671
-6.869411637298717
-6.81251594691278
-5.927814496043564
-4.403046805552692
-2.4851698505965616
-0.4495415682967375
1.4299415757075062
2.907901733424808
3.7908973577333245
3.956342776301738
3.3653508466554536
2.067356565931541
0.19490956305618992
-2.051150820195985
-4.423160968550558
-6.65014797686931
-8.461047223335456
-9.609582431726365
-9.903564061029426
-9.236741172616291
-7.61487212619903
-5.1647684204071656
-2.119978373567529
1.2128653704259327
4.496683005413493
7.4072898153039315
9.673536691130606
11.111300939662259
11.646734560952991
11.323067537183304
10.287304322113926
8.75832890981336
6.982801926848493
5.187368410333191
3.535999018516641
2.1010334767217578
0.8554702889268752
-0.30927134960885055
-1.5430386222512684
-2.9859458977315465
-4.722409717465875
-6.7505722766440135
-8.969527070961657
-11.18486233786728
-13.133731771356576
-14.526271944992832
-15.093467855122727
-14.62985582740409
-13.023929086499516
-10.275464831873032
-6.50159704985566
-1.9316047482545255
3.1104703534485068
8.234390750671082
13.021371769448912
17.067861632478603
20.02951121046295
21.656794067888292
21.81531975540056
20.489193201039274
17.77102144908138
13.84461026833356
8.966282652865564
3.448417701545585
-2.355101950011345
-8.063946678187008
-13.28876739477739
-17.653094184699277
-20.82176121772129
-22.533702644777428
-22.63259747202816
-21.090122569903066
-18.019197320587697
-13.673338339624207
-8.427958500691997
-2.744192839706574
2.879374210562366
7.960721910064596
12.088524670923102
14.970228537581097
16.465151217426627
16.593570814637946
15.520308166690043
13.519613575231043
10.929140367312295
8.099168424635243
5.343033968341697
2.8934965977591953
0.8705463065313168
-0.7305471102293468
-2.0246305680019363
-3.1975431790513773
-4.450285553086203
-5.936747909112817
-7.707805534947069
-9.67608245058558
-11.612830926627545
-13.179388137190486
-13.98527054087198
-13.661493017113512
-11.939040079249786
-8.720138600699933
-4.126710213394946
1.4865876682954509
7.559959367209609
13.394349224364728
18.245602204190785
21.43121037571007
22.43248756460681
20.976733025835312
17.087830221306707
11.098577496790814
3.6220420193831178
-4.516202858667651
-12.376845632911836
-19.02366400259834
-23.643265393451365
-25.651752860728976
-24.77373428678325
-21.082300111637668
-14.992357587944944
-7.206766518683774
1.3757258231338312
9.776195283365547
17.058686756228536
22.442971475907243
25.390983945908445
25.658402845732468
23.309399581967682
18.69499212810408
12.397225154370387
5.145556438455636
-2.281903490909245
-9.155103959650546
-14.871195431755403
-19.00736942835903
-21.345079876552262
-21.866123330435276
-20.72241149483918
-18.1854998060352
-14.587616273032216
-10.26752401225989
-5.532225759525053
-0.6413440373330594
4.1868856846272084
8.75737784373513
12.878501803498214
16.34801717872499
18.94919048871679
20.46045254759819
20.6796742145262
19.460348394263725
16.75273823179929
12.640051945028988
7.359074312723349
1.297307843982347
-5.035798689563482
-11.060302536752767
-16.19232317927214
-19.91508131981365
-21.844221707247478
-21.780788445952556
-19.74643154881517
-15.992830126104606
-10.977517760467057
-5.305732227885816
0.3525189741869862
5.355952023010493
9.180851112314697
11.490959316310063
12.17754455574185
11.363871664040746
9.374208444792533
6.674149421253423
3.793525988097843
1.2455281248180785
-0.5421387071774457
-1.2730013623886585
-0.8071766469030005
0.8234208410329965
3.4064491340494087
6.553016504088347
9.723682559185836
12.28428414383249
13.591278931158223
13.09510119330174
10.442823003161529
5.560839507337088
-1.297625562988809
-9.54933068797822
-18.325885823509335
-26.565077172209264
-33.138947948701365
-37.00093403261828
-37.332324331429184
-33.670453299221435
-26.001456552160633
-14.80075999746532
-1.0105485346851237
14.045352806769605
28.798699834234824
41.61047278290705
50.96292887411046
55.64910324599803
54.93547230709575
48.67316114858801
37.33860715513663
21.99556091830001
4.182327228908263
-14.26221285044764
-31.41207406677525
-45.479039931413546
-55.01945768260252
-59.09682925028242
-57.380152794645475
-50.16714549158449
-38.33217383205192
-23.207806097737237
-6.417490880158396
10.31501462480739
25.35251391274011
37.30790415108449
45.1723482003389
48.39876893139065
46.933503420364694
41.19392883858986
31.996366815479437
20.445747663248863
7.804500524440198
-4.641370061763433
-15.706874065235446
-24.41757946156955
-30.09876768062316
-32.43416586092483
-31.48321631939574
-27.652612319706986
-21.626488320175362
-14.26547262681682
-6.48922341020353
0.8399244262863688
7.01539192362703
11.554523997415977
14.23041260411485
15.067585571425203
14.30640322449859
12.34437135874768
9.665000355303045
6.764149454955142
4.081638960551841
1.9464740385762587
0.5435765301437283
-0.09543170618331573
-0.0787782435708818
0.3797255841517667
1.0096596388423211
1.5353601599650506
1.7183668855660654
1.3870274481861722
0.45505407095089057
-1.0689587575339483
-3.0817524094173128
-5.396409594851349
-7.7626401157132605
-9.893933629790105
-11.500930534793598
-12.330436231445036
-12.205102501101338
-11.05386707971188
-8.924127298360787
-5.972562747834495
-2.4374599781239015
1.3996415043344848
5.252460815071501
8.860421887561005
12.007263815259517
14.526915856531634
16.29819255843595
17.233413562150712
17.269299288501056
16.36695718643251
14.52051665961864
11.769495578748451
8.211641949646735
4.012596789758495
-0.5936999539679602
-5.316719418343131
-9.830700612995239
-13.802762970380043
-16.926481840236384
-18.958086583818393
-19.748800562630844
-19.267070306843838
-17.61041852699905
-15.010109046365534
-11.826152504571972
-8.521071906609576
-5.598121036515178
-3.4994739238518995
-2.480838132134247
-2.498497272849239
-3.150007682136531
-3.699448590334899
-3.197418957738698
-0.6800659297833894
4.59174408528369
12.904175229510965
23.923688075626384
36.63261032765547
49.3906363837637
60.12332728938202
66.61571840243018
66.86923388683525
59.46427570973633
43.86399819246164
20.60326382336494
-8.671003742797902
-41.31590377491904
-73.95275860153974
-102.84493307694146
-124.35160694356752
-135.39949485855726
-133.90690856399496
-119.1008656726067
-91.6827120943504
-53.81602900153585
-8.93258634166703
38.6240657127313
84.07694837788854
122.75951973340702
150.65712902308678
164.87489598677595
163.97087723024717
148.1139026857321
119.0482684809456
79.87020291462521
34.645865131916715
-12.076359482394777
-55.792625953937055
-92.53995635779027
-119.3003345029223
-134.26779918586138
-136.954348480918
-128.13144285651916
-109.62743293640327
-84.02267346899468
-54.29390403665311
-23.457781359253755
5.744135802791577
31.088880156705546
51.028593968598145
64.75522189144178
72.17389492641244
73.79317125474364
70.55432735370024
63.63329478714206
54.24849704214386
43.500968692471616
32.267056477095025
21.15548169076051
10.52682309076987
0.5594039386605766
-8.663427250229768
-17.0701249187465
-24.53988677592345
-30.87258512742317
-35.79206329780258
-38.97981312443519
-40.131049396983904
-39.021220589325786
-35.569362295529075
-29.887505846736875
-22.308653258747114
-13.384099643024093
-3.8415617482734103
5.492904552761251
13.79366596584899
20.33729581430121
24.593110933432047
26.290420549138997
25.452862011209763
22.393965910888213
17.673732779333434
12.023308485357203
6.248799951357995
1.1246901067752555
-2.7113956413448492
-4.847434557397198
-5.155218358046845
-3.8090477536362473
-1.2601092865590258
1.8337025874751636
4.714722397503236
6.6523741965923575
7.0680951743280565
5.636985838771854
2.3493293249818517
-2.4772775692459623
-8.23535021522332
-14.108177304526714
-19.183988691427242
-22.589867747115445
-23.626889872628375
-21.885632992200883
-17.323302757432554
-10.290773770218737
-1.5057684702240686
8.027475610845233
17.146195224174605
24.686989492634662
29.646458949010487
31.319149058892467
29.39513580174468
24.006894463307017
15.721657206049382
5.480822335149055
-5.508874485553882
-15.92375095770931
-24.49455843736242
-30.17597261535839
-32.286871897010656
-30.598543036263127
-25.357425396932683
-17.241823097941595
-7.263241764591339
3.3709999032766054
13.413453189308585
21.728151857184358
27.419996213061843
29.93090995372515
29.09447938178278
25.141203765822908
18.652061669462764
10.468574125575051
1.575672249672295
-7.024452065898966
-14.430695593177543
-19.938543210120116
-23.10178816248945
-23.757184012754195
-22.01629322389155
-18.232005560428753
-12.945471031463567
-6.816438065771748
-0.5416103643598609
5.228545477169664
9.960799095086996
13.286953823426087
15.02331086439424
15.163823799655507
13.855635457439538
11.366125684645322
8.045140846004466
4.283775391984889
0.47345016794454514
-3.030835684943389
-5.940902014688473
-8.056146435618643
-9.270690689506328
-9.567095570612906
-9.001875723313901
-7.688654941615232
-5.78248655819296
-3.466751278370149
-0.9414786199671572
1.589910420996864
3.9359953516957695
5.931251967985452
7.444397697292583
8.38016260084734
8.677905837463788
8.314707517332696
7.318518834351417
5.785926704666382
3.8889725692467505
1.8578719019030545
-0.060757833483563575
-1.6592656958896026
-2.8226355319926393
-3.564205703564941
-4.029327208401399
-4.461582012250864
-5.138287541029341
-6.290140880791638
-8.023362029910457
-10.263863059761173
-12.738486242095576
-14.997146825076575
-16.471114682910773
-16.561934474890386
-14.752972636697242
-10.725603333706658
-4.454932970417923
3.7363472747856306
13.177893449246323
22.90821813986519
31.782610008968494
38.619451952313554
42.364636600316466
42.249416129628315
37.91702852576874
29.497548169740284
17.618161821733356
3.345871496991007
-11.930158485514267
-26.659973993830384
-39.31606863026703
-48.57620592664868
-53.4828959011292
-53.55594972143078
-48.84084509793721
-39.88902032549927
-27.678308872262377
-13.487614677093402
1.2572906356155182
15.146718758583955
26.93740608816809
35.67328805101289
40.767097255380506
42.03784312466306
39.701170911010294
34.31424592691717
26.684815087207816
17.759186913792835
8.505256295052343
-0.1920505077765377
-7.609256186862484
-13.23401215989728
-16.790228467233124
-18.241009135348193
-17.769491321528854
-15.739107627720506
-12.637317463884507
-9.009571580757742
-5.392352993948358
-2.2538537756336323
0.05245783271230475
1.3197237395971793
1.5026304865968092
0.7110557801543703
-0.8173812211945348
-2.7582906573139243
-4.746120906628544
-6.419513296273445
-7.46468587825663
-7.654122350189811
-6.874022884455708
-5.133540422370856
-2.554792599413403
0.6503382995926553
4.208602732573768
7.814232547361672
11.15678564690742
13.944925197090713
15.92052039874299
16.86233196486492
16.588782253614085
14.97300355214503
11.975394211850602
7.68693293241117
2.3685708505176204
-3.530870801159615
-9.393112397490153
-14.49114228598532
-18.088398104792844
-19.564235541263034
-18.543794441628602
-15.002218295349643
-9.31416282215462
-2.2305010054655647
5.218495526386509
11.875846363743133
16.638578689626275
18.63869979593553
17.39692505561478
12.9193902639245
5.714597882709968
-3.2726998174574278
-12.795937460046058
-21.486829903437787
-28.05494675148031
-31.476201680491144
-31.138426630321597
-26.92044264459526
-19.196590447404496
-8.77225162612053
3.234803038203111
15.544377411318063
26.870289116709394
36.064989264250094
42.24027052509252
44.85397221232418
43.75387909449187
39.170559631808025
31.655420103416844
21.975608140775297
10.993047013945562
-0.44486272930213167
-11.586261998662255
-21.81997509512367
-30.68325518806284
-37.839063461940604
-43.038360152630915
-46.08470299467473
-46.813452231361175
-45.09154059538697
-40.83815003926921
-34.06117606912824
-24.900211401091987
-13.665135939469666
-0.8606895269109852
12.808847795678682
26.457916815943868
39.06457970829927
49.546367718397676
56.86661386642911
60.16096674639783
58.86470681741768
52.81853964139665
42.33366571532724
28.201694291519807
11.639765544899884
-5.829347237244316
-22.54717311775716
-36.91289507709211
-47.5724304253376
-53.5792626268269
-54.50610132673413
-50.49153714440912
-42.212774019863495
-30.782751527802247
-17.583609083021415
-4.068620728539141
8.424336658413191
18.813832827479693
26.35624281740616
30.66934909298348
31.709449972980813
29.71847538180044
25.158084795895807
18.64243025195575
10.87522239383809
2.594846730693048
-5.469760936606023
-12.634216080113653
-18.290700242856012
-21.941302612100927
-23.23150460439895
-21.9796878459157
-18.20055130566697
-12.121881403673505
-4.191977381864951
4.927438598562466
14.38986610945534
23.222846889473
30.420833899907198
35.06321880152058
36.43788412493659
34.14870156472476
28.18901568508425
18.96866255234836
7.287866309273968
-5.743150292158019
-18.831755512486406
-30.658627756064423
-40.03456147682851
-46.03430812944693
-48.09284562576238
-46.05728036278551
-40.19230251396107
-31.140267156355414
-19.839686612429265
-7.410203098211464
4.982487880608695
16.264028062064344
25.57025163437671
32.327262701188474
36.281271232954154
37.48008247994612
36.21801342564919
32.95977463310103
28.25783100833891
22.67438532574676
16.716367918591736
10.790291129443352
5.18141616527582
0.05586371676366837
-4.522340330305312
-8.566742284592921
-12.137493032806514
-15.304720258103199
-18.11319771241174
-20.556607936934665
-22.56577346832916
-24.012672775409882
-24.729951648505025
-24.541780891811115
-23.29912488872463
-20.91283015198447
-17.37943976491831
-12.79492131664068
-7.352513023520915
-1.325776767903961
4.956505237043449
11.13667348392703
16.85373880309778
21.770340972497443
25.601454643796682
28.139137715980983
29.26605117340176
28.95552971849782
27.261009229340967
24.299951131209745
20.23780609764434
15.274170675185138
9.629208784812512
3.530411967964198
-2.7951110123090057
-9.118233051165724
-15.197701069823236
-20.771034550110194
-25.55504060582039
-29.258430246530214
-31.602495640533167
-32.34470640085545
-31.30465199753502
-28.394863727943168
-23.654278993424082
-17.274329340102145
-9.606123806336354
-1.1424841071127394
7.523223594671166
15.75177181501584
22.915688786587413
28.455723035697005
31.935486801109892
33.08976172700071
31.85826141592413
28.396998248841637
23.062068566511336
16.366160475935803
8.916382347728149
1.3477836489013961
-5.735754440902391
-11.810216717518081
-16.471264102584833
-19.463533531405513
-20.694373413968762
-20.229466230133763
-18.273653644476834
-15.143498600876738
-11.236327106174073
-6.9963593625768
-2.875761226360079
0.7109262002483128
3.435778178169688
5.100417710980505
5.661127258688778
5.228828226208993
4.044567165021618
2.436666628748619
0.7667609539625808
-0.6277127999908569
-1.4851275736176814
-1.6551409911576889
-1.1106070303728715
0.06430021385147963
1.7010913028936119
3.5771678240696922
5.442577308920783
7.043953407264682
8.1485986105669
8.569095246525215
8.186612930851142
6.97150189823091
4.998482932084458
2.4501034571820632
-0.3974671459088163
-3.207261770957484
-5.629700396740359
-7.359632782827892
-8.191941666164553
-8.062825157156386
-7.064668383985491
-5.428794996997256
-3.4810627331222865
-1.5821504856149324
-0.06336900240394168
0.8330036252449522
0.9972999632293592
0.4681418805694123
-0.5832654701648695
-1.892658882164178
-3.153049442597756
-4.063956514381751
-4.372874462691327
-3.907444413100629
-2.5976391051531595
-0.4866341921465873
2.2693736889287437
5.411692818622806
8.600726623874891
11.448308553656252
13.557829933985946
14.568570803871129
14.201315089674333
12.302058318201807
8.878206135141566
4.118727135754966
-1.6091031186493945
-7.787497760205345
-13.795675375297847
-18.970954088845055
-22.678737008008625
-24.38651487556385
-23.734760862263474
-20.596468391517508
-15.116905933737664
-7.72259624407609
0.913237261081035
9.951929872094759
18.499361840683104
25.713348365529672
30.885607227982025
33.49318332776415
33.22398935668176
29.98386323574809
23.89381552531156
15.284801384377488
4.692737408217763
-7.149227069856183
-19.32896424074828
-30.794869972539587
-40.42706888367617
-47.14316889760784
-50.02696137534179
-48.457996927282935
-42.22006776495548
-31.570827236363233
-17.257946377881584
-0.47282450660472325
17.256998243657705
34.22479516435627
48.73125707829498
59.27651471893629
64.73262072194325
64.47520330680673
58.4583809762396
47.222681416923734
31.833911679038657
13.760792055865235
-5.292540587158299
-23.576876540399834
-39.4858173779388
-51.717268104600336
-59.38951468556552
-62.10139164646629
-59.93574131272855
-53.410461626669665
-43.38415181772006
-30.930672257077248
-17.204859985672385
-3.3208351299171968
9.744144232043062
21.215342207682884
30.554475604854886
37.46142093511102
41.84481597797269
43.76888005019601
43.391956616270484
40.91464147651094
36.55052828105357
30.524463131939346
23.092314315683126
14.56707869784377
5.337034808641574
-4.1308770406785404
-13.304678654469942
-21.618010458203376
-28.515011126395546
-33.50449642854546
-36.21702871641275
-36.457027728718444
-34.24087342902002
-29.811052821878263
-23.619168449688527
-16.27853133942357
-8.494118729763048
-0.9800527103348957
5.6246451697026405
10.83061365440613
14.352484210525049
16.136134269972313
16.356599864024158
15.386161135676378
13.732146773544835
11.948055402095205
10.531348900682163
9.830190406926556
9.980403189297904
10.883227215407535
12.224553868374407
13.531619078181949
14.258665539113306
13.888277790583835
12.031938501222747
8.511201954259137
3.4038073222617142
-2.951030132591906
-9.986087593549769
-16.974575981624543
-23.12658201196961
-27.699563900196
-30.104125562517638
-29.987526580807252
-27.284668574402243
-22.235511347053084
-15.371292394545048
-7.467360315157019
0.5435471673113595
7.697941772166151
13.15416769482426
16.34257906847178
17.078206086395006
15.606031291571263
12.564223978788503
8.868559442519018
5.538092510330347
3.4968462795190898
3.392311017210482
5.46428321470675
9.483235206754877
14.765368663445303
20.264097601797157
24.730127617164143
26.920343266217504
25.822529342268258
20.85544684758976
12.006045229998286
-0.12260124432655609
-14.362268954116308
-29.122075166676293
-42.59943249856616
-53.02576666683753
-58.91087112825152
-59.25226461845083
-53.68130634892382
-42.52752648136536
-26.793425435976435
-8.041535805142018
11.793236055922653
30.640689776089058
46.54775964754888
57.910436191949195
63.65559482973854
63.35274747321939
57.2437526101628
46.18783328488282
31.53172129905913
14.926024224228764
-1.883710893302463
-17.260504399957465
-29.847814335317423
-38.69239210112005
-43.30921166191897
-43.68628492290729
-40.23418672267822
-33.693750355882486
-25.021099852252114
-15.266461686465277
-5.456860307054026
3.507762756524923
10.932082690026396
16.366786695648663
19.614913448764682
20.71155458026176
19.88414619522514
17.49938306225705
14.005279359079204
9.876639048650423
5.5684309339171945
1.478847295710205
-2.0784073681588993
-4.894947279693023
-6.881349538848769
-8.066771016923644
-8.575351378037555
-8.577915965763182
-8.23107667919985
-7.6242353709882975
-6.751479946470543
-5.514566765065895
-3.7550050621872746
-1.3102477824691001
1.9146077272326933
5.874257612535132
10.328389274036276
14.823121179844671
18.72230783932713
21.290491386397814
21.814415584276475
19.74078419599419
14.805018874524114
7.125334821753457
-2.758507840647799
-13.91056587953789
-25.087216606906043
-34.88249321099369
-41.91262947836043
-45.00774548539634
-43.37870077510598
-36.74086989731156
-25.386260415840706
-10.197240893757352
7.4042092371376365
25.57680279128968
42.2498234991081
55.36849668454022
63.16297497797037
64.39892452627393
58.570382233048335
46.006197299375806
27.872065700466546
6.061184810244708
-17.017454335366704
-38.726707408642184
-56.526682711055834
-68.29446270454083
-72.5949509520724
-68.86631558099536
-57.49497443124628
-39.76934160481961
-17.718921060840724
6.137079161688946
29.096067675951574
48.59413937769821
62.504842061908725
69.37837652293828
68.5930315425869
60.403707963967264
45.8859107850202
26.785102929170133
5.2929447800421885
-16.217157108439984
-35.4592428309879
-50.47803034398406
-59.842990070466946
-62.77717623110766
-59.2127100599391
-49.77095549473961
-35.66915149907023
-18.562370371845876
-0.34085825832586486
17.089686041652115
32.01722172484963
43.097701000862465
49.475827108698624
50.84134116553022
47.41830769992451
39.89337717400606
29.29880428026335
16.871675086100424
3.9085501292052305
-8.369272811455367
-18.927307841400808
-26.997839646141248
-32.12368177525621
-34.16380962097183
-33.264684930794026
-29.807440239101393
-24.34224879382456
-17.51842973201567
-10.016289267064886
-2.4862323090850658
4.499325945302597
10.478398841254194
15.116744428850659
18.211949798327336
19.687913143157115
19.583885305119903
18.038947982008896
15.272249453228463
11.563029691532892
7.233577766513028
2.6333076794026464
-1.8789469047469232
-5.9555993560720735
-9.284115806523578
-11.612465740901252
-12.772755792568871
-12.699311648633227
-11.437878568668385
-9.14255828639932
-6.059050305336471
-2.498223952872689
1.1929026256900648
4.660295034651788
7.575214410733718
9.670820252953561
10.776959177354128
10.84204377486553
9.933978507930139
8.22153774932033
5.942926730593406
3.3666572169092284
0.7501277313093753
-1.6965848504422434
-3.836285083518014
-5.615985838151273
-7.059189484353887
-8.237570848526818
-9.230225265684293
-10.086698533526084
-10.808585856843836
-11.351954855387392
-11.638461713658279
-11.561496995311145
-10.98585001215813
-9.749586717488318
-7.675603382574993
-4.59522744839548
-0.38527793487693185
4.980945138729223
11.375158553030253
18.46438972933842
25.690668459244254
32.29429846188148
37.38285660652751
40.03912316114663
39.45496610420847
35.07141812863792
26.70163993357406
14.615363533996607
-0.4326504615342878
-17.240839181847004
-34.26477167675126
-49.774353071006104
-62.046160964997945
-69.57035101463475
-71.24731613418137
-66.54550304124372
-55.59527272411801
-39.203748461666144
-18.7863328798484
3.778272317425032
26.350729340614524
46.76526850807924
63.06863154794069
73.73755759847987
77.84809077891998
75.17260943844033
66.18978424058237
52.007211961819266
34.211412529431755
14.66950968401927
-4.690759479535039
-22.09681921928893
-36.11758432910353
-45.798345057483296
-50.729344532636475
-51.042212278979356
-47.33904086471393
-40.56946383274919
-31.87756969265454
-22.44236292194501
-13.333365922933737
-5.396189468976753
0.8244199532319683
5.119086230844744
7.601722927126114
8.652227816346041
8.824156127347813
8.733225093022117
8.943248815637427
9.865364821954644
11.685618137367618
14.333493636004803
17.49779130551152
20.685583595550256
23.309611121666844
24.786687414218335
24.633395606415558
22.547950243543717
18.46687394606225
12.586919199232016
5.348327097642908
-2.618567491775577
-10.576641497316537
-17.782383915616858
-23.586428025439478
-27.520124139365635
-29.35738669598898
-29.13930896169648
-27.151589984350757
-23.856557501169377
-19.793485251903274
-15.468259082354916
-11.257465517248304
-7.349307131017612
-3.7331192095750985
-0.23694870113120134
3.3966143443852306
7.413430230205181
11.95190572094865
16.969968167958545
22.210325058368557
27.211212723996713
31.360794265888714
33.984428777342366
34.45016557917609
32.27849873780797
27.241068689243537
19.430396786743888
9.285966805013516
-2.4282890107932706
-14.690387240757444
-26.32153598749643
-36.113040010878635
-42.96893096813125
-46.050190976334214
-44.90011271190232
-39.527169223673674
-30.427115836863496
-18.538056515647003
-5.13378380791908
8.331078345698069
20.404300179773127
29.82257426701324
35.67244079918883
37.49761294967838
35.33573725766216
29.686090628463912
21.422781451699414
11.668530287532956
1.6404206412124023
-7.51763546945672
-14.890980227703082
-19.907139246657273
-22.37900491229804
-22.46998113416803
-20.595480146063288
-17.29139769577876
-13.08575033216085
-8.404421500255898
-3.527706597516736
1.4016000191615023
6.328187718632784
11.208592806642944
15.933080299230994
20.27003791608388
23.849383071139986
26.188692888287996
26.75770525948723
25.072459618487304
20.803742086293827
13.877502652763358
4.545145837770211
-6.590641126265147
-18.601858863413675
-30.315960497693908
-40.44509319698693
-47.74392044488649
-51.17049864848411
-50.029716694587634
-44.08344592477055
-33.611152102274126
-19.407006191844044
-2.7096917763768924
14.925435083623643
31.793071363974427
46.22324727871645
56.76662718020514
62.35994230238548
62.4488120955153
57.0494579017625
46.74298119461197
32.6066362851507
16.091342352847512
-1.141618253421374
-17.406722863113842
-31.1820531255229
-41.276811838695785
-46.9558260671344
-48.002509169113004
-44.714254770848015
-37.83751359050292
-28.456302915355657
-17.849731265669515
-7.334105994320728
1.8953948144886699
8.90646383170575
13.135611562612512
14.443179729007946
13.110821884308967
9.782566846704317
5.357590142738762
0.8499245567359438
-2.764261792213573
-4.689588058474102
-4.42548587388176
-1.8377648322319913
2.820999678912857
8.94577399019491
15.665061708780055
21.97050703631305
26.8776035837355
29.59555961842509
29.67202006233687
27.07488613330331
22.184757611019712
15.69386015136087
8.43527797396287
1.188360791529468
-5.490613011998334
-11.374201858630935
-16.580285047375206
-21.490760412006434
-26.589043988384674
-32.25544710427075
-38.57088318631261
-45.179609016985616
-51.25067220104226
-55.556212392800774
-56.65817478479364
-53.17119304505064
-44.05430857077665
-28.878542253751515
-8.019950043098858
17.26138122955316
44.87880686579193
72.1147882448875
95.93352108017218
113.36745695349975
121.92034890789967
119.92727084144191
106.81997374028155
83.25824099310688
51.104534311962105
13.243040985061736
-26.73141416934015
-64.91453887656779
-97.53765565029911
-121.40515269839578
-134.26858547734616
-135.08614991922224
-124.1311931553689
-102.93357064600275
-74.0607205096615
-40.770983660623884
-6.592577709393003
25.109775327487498
51.52134915762022
70.66872042209813
81.58361275074525
84.32476955225809
79.8631560354984
69.8571085295731
56.35972345943579
41.50572890190522
27.22158749349067
14.994451844860837
5.725140220870306
-0.32176158669070193
-3.471227203155416
-4.508459098337637
-4.491465404341636
-4.537357376887149
-5.617710203395991
-8.397272717230745
-13.141766693120394
-19.70184755131376
-27.558816817362683
-35.907957665067606
-43.7606292655103
-50.0554864820098
-53.77365561520658
-54.052621292683604
-50.292183778944924
-42.244909750110565
-30.08179774417747
-14.420830393037143
3.69361486240927
22.865487415636867
41.47121863376058
57.82085894113856
70.33854105675269
77.74137228782683
79.19367821009878
74.41453805914772
63.7244156126783
48.02627992873319
28.7212103228827
7.5640321626735325
-13.524452551058161
-32.6642119670295
-48.21643926889279
-58.95369219896602
-64.17950489211053
-63.78421674055861
-58.230009330389905
-48.46646951407523
-35.79126889499904
-21.68051324755135
-7.61386759524098
5.084950418352762
15.376650187891146
22.592211669863644
26.468593081701428
27.13386202137988
25.04993163029888
20.92584812648364
15.613957682255775
9.998419032198656
4.885324669130562
0.9073781317711537
-1.543136306972374
-2.3447164403074225
-1.6372193210278139
0.2260182049945649
2.75543249465615
5.416338990480457
7.717275654496379
9.27992598187589
9.879151375852942
9.451187543586016
8.076535194217753
5.945957316332878
3.3159064379478247
0.4591615238482793
-2.3810758518183124
-5.024963660633804
-7.37337181864632
-9.408423344718875
-11.178453428304225
-12.770744369906883
-14.275928055964068
-15.746848283780736
-17.157799234817205
-18.375285628916156
-19.1511653060368
-19.144284740354642
-17.971415368392126
-15.281479644974937
-10.839895112429906
-4.606608655808594
3.2075448446175456
12.118821971207606
21.39221416676552
30.110539330105972
37.285799128222735
41.99737492917037
43.533496880677326
41.508678205434954
35.93346421479218
27.224370609636704
16.15510332178109
3.7595377455489603
-8.797102141064894
-20.359452174315226
-29.91687791655687
-36.715608726083126
-40.333988846126495
-40.71028633127087
-38.11951429684292
-33.10589396887562
-26.38656877247264
-18.7456071899778
-10.936291585896583
-3.6057269876318125
2.7525886791127645
7.822124460155929
11.469957784597058
13.741236628962245
14.841633704729611
15.104115426315886
14.935899588741533
14.747604231562702
14.875090516625088
15.508932184917255
16.64694920768498
18.082549230753017
19.433496592485813
20.205135784479832
19.875807124968986
17.99120580227627
14.255066558430974
8.603441534427294
1.249148679005772
-7.315501350702025
-16.362798159263747
-25.015253506087205
-32.358852985586736
-37.56568654661821
-40.006225130035574
-39.33329318290153
-35.52621976982209
-28.89163531721842
-20.023772758356802
-9.732664663218634
1.0484975009411945
11.366663426902711
20.352415306231094
27.310906389246856
31.78928198544053
33.61351760733692
32.889752246104564
29.969877187774248
25.387543544746965
19.773122800314493
13.758986412261592
7.892846170373156
2.5769403537696727
-1.9588219613063127
-5.651158987463081
-8.571385051067194
-10.876200628562925
-12.751318528304589
-14.357179847510661
-15.78594275885452
-17.037328639065507
-18.01582527734586
-18.547015337016607
-18.40904199482413
-17.374912890600108
-15.261082859668008
-11.976246172844181
-7.561318934798084
-2.2103939415355733
3.7344229747620066
9.81464995696229
15.506213645896242
20.278236592243843
23.651577168397967
25.25364526951687
24.865726506283444
22.454714585272743
18.180812545493136
12.380531756656497
5.533563174532033
-1.77661942588863
-8.905183532237132
-15.19453505570597
-20.03209271618796
-22.91399057715397
-23.505729731425507
-21.691345715642786
-17.605721110412727
-11.643793038128688
-4.438812587941342
3.194462729661175
10.34874886488585
16.13575306165504
19.80471346875335
20.850146207478012
19.093191658798798
14.723497496404518
8.291162900841584
0.6447251389612108
-7.179393941005751
-14.101770460243975
-19.158141947879805
-21.645495057524766
-21.229936337172738
-17.995148149802457
-12.422496489793712
-5.308716747537118
2.362546055371976
9.57318146953048
15.420802419655082
19.241549639797057
20.689009112833613
19.761879597087702
16.77755096883122
12.295659009787375
7.008941901645741
1.6273492310815476
-3.223023940214264
-7.074879809669756
-9.663835509775673
-10.938718668836655
-11.03683541373506
-10.229481420845643
-8.851198921036968
-7.229914491123734
-5.633073425438601
-4.237998219951406
-3.125072443548664
-2.2874087639507326
-1.6522024706799627
-1.1094045369167826
-0.54150089460476
0.1503944242986264
1.0256374423814396
2.089338062834201
3.2860361437455734
4.50421287776629
5.593056602236329
6.390387039336918
6.756423434426262
6.604847485292668
5.923830593002945
4.783769576723496
3.330926985017382
1.7669967213468392
0.3165152801099017
-0.8130762791060628
-1.4711576390146281
-1.5940869990476665
-1.218579523167105
-0.47792271803942565
0.4148703114964881
1.1956262484584719
1.5899164903757423
1.3611553823101876
0.3553103302139259
-1.4664835663351836
-4.011974038689987
-7.05957656147536
-10.275546329849112
-13.244582440688315
-15.514156921872859
-16.649944593708554
-16.2949310928051
-14.224646837023037
-10.392507188797948
-4.958239802278812
1.708847586269811
9.056908475365413
16.406333661493623
23.02341240161202
28.202613873805753
31.347269068427362
32.03995212785343
30.097513876352053
25.6047494133816
18.915572797259962
10.613967524345302
1.4406121001462355
-7.798706693525723
-16.326640334340876
-23.477300110203885
-28.7598491724391
-31.89795527836598
-32.84218152719516
-31.75183009263778
-28.949101171003313
-24.859703159887577
-19.953568322789923
-14.687254494511324
-9.44406006566735
-4.474738066623873
0.14685483788556786
4.532244688746756
8.93646978580133
13.667837524436774
18.96731754038762
24.888182717070077
31.211104396498854
37.41875438498553
42.73593590832826
46.22985006267806
46.95610941612234
44.124807528519554
37.25562219952175
26.29579892528624
11.68381080691934
-5.6509300616942415
-24.355707978326542
-42.785145980023465
-59.180286697369574
-71.8718115300191
-79.47838262804348
-81.07372815182215
-76.30199095000854
-65.42479619920553
-49.29086543053974
-29.235242764229817
-6.92912908866612
15.797236431161942
37.13939930053678
55.492153464545254
69.59244741750508
78.61415715100966
82.20275921860566
80.45013824864807
73.82278953047556
63.06322020203953
49.0847527324488
32.8761894406111
15.426332256912508
-2.328043726392714
-19.53254283377631
-35.42926854489596
-49.35987207962978
-60.75982455250166
-69.14589951301635
-74.10364476261124
-75.28704011477622
-72.4410324329821
-65.44913360416068
-54.39893785591545
-39.64989924367363
-21.881291888158074
-2.1003125989855533
18.399526038145684
38.12984329285183
55.54174761062561
69.18743653679479
77.88458472846547
80.85709535303371
77.83170361707394
69.07818910452029
55.388879625124154
38.001481942669194
18.475598469396694
-1.464477511004359
-20.106233251494647
-35.92609267153421
-47.745721088751765
-54.84721244089993
-57.03125283947248
-54.6096692405864
-48.335135832727325
-39.28123118471282
-28.68965635821003
-17.803372119339468
-7.710135976100142
0.777594206307004
7.189950798204348
11.411008276373847
13.6398862345789
14.31220074688951
13.996514094639172
13.283202662822923
12.68292974697662
12.549306940420616
13.035639892445955
14.088374893547273
15.47367649333351
16.830819212789354
17.743090865197807
17.81419735460425
16.739180663591824
14.360276364775737
10.698652043889108
5.9569228358389195
0.492951383559913
-5.230936117116354
-10.714642977033986
-15.489154111093939
-19.17524617215469
-21.527721411115852
-22.464542984543826
-22.074848850800798
-20.595978709769426
-18.35706506139951
-15.700244791929354
-12.900071252144834
-10.102512230179503
-7.298490235073756
-4.338868361143307
-0.9896410308818223
2.9836765300213943
7.720510040470902
13.178591139196762
19.07701896182089
24.88738457088632
29.88222622496439
33.23682900620247
34.16604219649662
32.06967731275273
26.664114773378536
18.082061535982696
6.917795332196755
-5.803407049376779
-18.73575244112084
-30.387054079066328
-39.327730606543426
-44.4006736483883
-44.89808237810681
-40.676233819759005
-32.188362227573016
-20.42863251849866
-6.795462003314826
7.101932480012095
19.660521925476512
29.492351047548993
35.598785917734446
37.48555296484492
35.200899445792
29.295977952106316
20.721397299049237
10.678364520841944
0.44505320688461103
-8.795319845660048
-16.097010623860672
-20.84661925235826
-22.804614036411632
-22.0951100878426
-19.14958888702884
-14.615744335571694
-9.247890195657694
-3.796243369279749
1.0904550150752557
4.937729033038803
7.485784525757808
8.694998029120411
8.719571440126266
7.856356506204042
6.478247037568985
4.9634183661419415
3.632434229788114
2.7034057192357905
2.270732198723183
2.3066383359071856
2.679929856874742
3.187009307574062
3.5933940944611544
3.681776496907146
3.2965969731596485
2.3743061164835155
0.952397996787388
-0.8471851541339831
-2.859826766219001
-4.932125160119408
-6.963078397425401
-8.911275531355685
-10.764698860069593
-12.486395382249636
-13.956667416829744
-14.934606321225075
-15.058906582583866
-13.897236866909813
-11.039560985351581
-6.218293646337069
0.5724378842969315
8.99049239370228
18.318422947123892
27.50942406994052
35.307982120310356
40.4308627496678
41.77676763278316
38.62479620755913
30.786427859541238
18.684285895355163
3.3404771788409904
-13.726683497295486
-30.67997828311776
-45.586241692283544
-56.65580447042016
-62.47169617610288
-62.18089360316413
-55.61723980795467
-43.33152131914032
-26.522196638815956
-6.88071647285009
13.620781586102742
32.96547599947986
49.31815977342148
61.21390896978312
67.68885188936751
68.34190567315905
63.32752100053054
53.290415753161895
39.259631384786715
22.519686977346662
4.474323321411456
-13.483243999030861
-30.080829797309285
-44.249356367489646
-55.17311981659018
-62.30963438676818
-65.3836948567272
-64.36390403651083
-59.43261608492932
-50.9588433590195
-39.476665420238575
-25.66281150293834
-10.304860101822028
5.744015296174418
21.62530496024978
36.54788085984735
49.85565871434289
61.05832304072434
69.800007052422
75.76975706214417
78.59103385755684
77.74505579950217
72.57495311448372
62.39076068673858
46.66232095791519
25.259521856528824
-1.3164009843416378
-31.77021192890529
-63.970179969577124
-95.05703823972611
-121.70793634795555
-140.52914103032552
-148.52326733848625
-143.55852919156752
-124.76471709627295
-92.78980891123756
-49.868045343925964
0.3250542079462458
53.02436297434014
102.89516762665009
144.65643853357082
173.7248497882922
186.7911712484996
182.24828616441434
160.4107288531803
123.49523799723643
75.36513608425886
21.07273473632626
-33.74011356557572
-83.50417372768727
-123.36067166535284
-149.69445818746817
-160.49958903476215
-155.53759512763864
-136.27613323175046
-105.6253303565671
-67.51625854475319
-26.385362944809383
13.363129479690675
47.84825591357935
74.10120664598674
90.31500021265789
95.93837663791662
91.61598973539219
78.9900239412428
60.39025690977042
38.46024202382393
15.789412834598537
-5.378895676962264
-23.321599534033968
-36.88821259390708
-45.45796322305349
-48.845675550603424
-47.20134002402895
-40.93373160614629
-30.668867657815408
-17.23916532433857
-1.6890526052381158
14.724076564074219
30.556000849770147
44.245442066552194
54.23272756141627
59.12030874270329
57.85759455107589
49.92305363506849
35.47013155100435
15.405332169828231
-8.623909309087725
-34.34134204898602
-59.05022711263931
-79.92170775177415
-94.33389253673704
-100.21687752896563
-96.35128874610432
-82.57520986076588
-59.86703108377501
-30.283016906045223
3.2555965434438825
37.306767744056806
68.33633859487853
93.16408757431542
109.35656346269502
115.5090194839324
111.37888196356656
97.85643184179835
76.78458810984154
50.66367134838444
22.29237415959525
-5.598344944788534
-30.664931287545855
-51.18215992068774
-66.16036932340178
-75.34441440804147
-79.10897733782768
-78.2785375597213
-73.9076829255254
-67.06066569504996
-58.62744211281176
-49.20460384699219
-39.05273429176619
-28.119987365968825
-16.109363295597017
-2.5783743068246743
12.917353019725194
30.621085251184322
50.32655975574224
71.1444842028763
91.37344974104417
108.55245052473062
119.72607305588971
121.89847265630195
112.6041050758672
90.4893052978225
55.786859430354745
10.577660025892474
-41.23482867519964
-94.26424557570961
-142.26493590872428
-178.95414895927837
-198.9084823603142
-198.39575667252635
-176.01252521770078
-133.02364805071235
-73.3406343026363
-3.1291048103322168
69.90585575019153
137.45943143402357
191.66395529348335
226.08192958633285
236.52186303654784
221.57088865341464
182.77677019640012
124.45706924168867
53.162467673506335
-23.132766052443746
-96.00465506930102
-157.58846917394058
-201.49199090881712
-223.50065100649718
-221.9939897866025
-198.03239403834695
-155.11739961881102
-98.67211979161121
-35.321195410927984
27.932036167809656
84.5272060219298
129.06771403095362
157.85753574144766
169.20000946468437
163.43975896459696
142.76083339660883
110.78088368774775
72.00468839729932
31.21519770366431
-7.1181402955194075
-39.34102913504146
-62.9672132657098
-76.84818446442009
-81.1545349956643
-77.18816016733108
-67.06333970329923
-53.311438730709185
-38.47435177019586
-24.74865954318069
-13.726926232987797
-6.260766349426114
-2.446780746962133
-1.7183733412936406
-3.0187984558515177
-5.027282775427534
-6.40534907598298
-6.028686335520501
-3.173186419494229
2.3698390484235086
10.26476342500938
19.692167379357084
29.487385306176783
38.3316223952271
44.9616180073299
48.36247687456568
47.91372596773218
43.47056279617939
35.37454442420656
24.39588723087031
11.617756378426888
-1.7168540404606256
-14.368590089800986
-25.249652430322257
-33.538420713975675
-38.75232894461267
-40.774607030346566
-39.83316599940613
-36.43701791398395
-31.28306921600028
-25.14827742846181
-18.78065067869343
-12.80190065472299
-7.635269279882267
-3.4698685168089045
-0.26617138750528796
2.2005030034487763
4.268637894222315
6.306377363780031
8.630007767454668
11.43733342797653
14.76478435647455
18.473493321726373
22.265141417712503
25.72395203046363
28.378044383997835
29.770709084731788
29.529094246202842
27.418638357657617
23.378775204265754
17.54055770212477
10.224694283280956
1.9167634371596847
-6.779376897673634
-15.203251511014908
-22.706186586800218
-28.72002977137472
-32.8191358767068
-34.765112193644235
-34.52523732014803
-32.262635849709085
-28.30154066568722
-23.074062353390186
-17.05969432163929
-10.730195205392763
-4.5059388882023015
1.2768075654402027
6.3872963873577335
10.706882103772442
14.219247825311966
16.98764283323991
19.124599451358556
20.75776921793177
21.993558216912426
22.882169697638382
23.39167231956228
23.400107304134487
22.71181032605235
21.096841274849048
18.344176997096756
14.317400128764387
9.004944627271877
2.558138642176688
-4.690878362889338
-12.239419527679217
-19.45805474386413
-25.66570676858298
-30.22449947004861
-32.63754103200277
-32.63077055236041
-30.2010964437361
-25.620863535960673
-19.400202106750253
-12.216638720992638
-4.823305111537374
2.0528270082414775
7.808427538309581
12.039668078360556
14.58280671623924
15.515765674124333
15.125417094263705
13.848349880622674
12.193580680331598
10.65781134066126
9.64583252999413
9.406890601821964
9.994224686252396
11.253585608641208
12.845559624994511
14.301003541742904
15.09967574567282
14.75672247148145
12.903238227131622
9.35034699596753
4.128859287913106
-2.4990985405378363
-10.056211009454964
-17.892138660697864
-25.24819695039843
-31.33851131676934
-35.439488442480254
-36.977278097163946
-35.602523290258155
-31.243552653417318
-24.13051243841935
-14.785166932917006
-3.9768495477826145
7.34946174498781
18.166061163769793
27.470292429253572
34.39803555374412
38.32760491739829
38.95511547718523
36.32544190315512
30.813837651403603
23.067500555617823
13.923364490274658
4.314951587126334
-4.824414620158598
-12.656793596213046
-18.526645920053767
-22.028607756875818
-23.042879337978484
-21.73213456597345
-18.504310990871257
-13.949820867922861
-8.761269539415915
-3.6450348993032415
0.763778678137704
3.972623048526074
5.6819602972544985
5.809958277631023
4.488954794184554
2.0361524944885425
-1.0952397777606555
-4.378407238716529
-7.2827824593399235
-9.34193142379607
-10.208365037602366
-9.688604421271256
-7.757962679150401
-4.555984785340573
-0.3628422251086613
4.439792968291106
9.415468963676481
14.1199637695973
18.144007465149603
21.146392488709154
22.872180147684
23.157131976627383
21.926368626908918
19.194197713014603
15.06556898261984
9.735401675412973
3.482331980162437
-3.34378001374082
-10.338738536376646
-17.06520439819921
-23.08358483464159
-27.996845246799655
-31.50002275325406
-33.41335340575721
-33.682727129053774
-32.347126984730814
-29.486576925660504
-25.171866693098806
-19.43764451910027
-12.291690883843797
-3.759793023664493
6.045651249303739
16.852254462308718
28.171455297400104
39.27957020308806
49.24817157330234
57.02364012173599
61.54528628879969
61.88708300247266
57.40574211093705
47.87258126766329
33.563204136359765
15.285202151633083
-5.662593872866115
-27.59379772623143
-48.58858702652516
-66.68280251105479
-80.07433183846146
-87.32422795873183
-87.52634686418544
-80.42337574305272
-66.45577348533519
-46.73719461687091
-22.957420965547783
2.7773297890070405
28.151054669052026
50.87215710681146
68.91005262973111
80.70468630659025
85.32179284023024
82.5355993955065
72.83236681077447
57.33875333968255
37.68712642246461
15.836308823792644
-6.130810288703579
-26.212774983443296
-42.680414581643376
-54.236019814476805
-60.12333037651528
-60.170697848255784
-54.75661175260709
-44.70527456389916
-31.141984138816902
-15.350811150450896
1.327837161336715
17.54712092752728
31.97090524783081
43.294617075521664
50.30025461337026
51.95926686325378
47.57868906813545
36.96776383674472
20.588120934966692
-0.35500108824547966
-23.91864318185402
-47.54909372743598
-68.33099502954751
-83.33332142981446
-90.00597166603674
-86.56917338506265
-72.3345716638374
-47.90295829330482
-15.19971127178386
22.669515147168642
61.73534225342415
97.61725388949155
126.05172962951016
143.42469106355617
147.23790022618232
136.44653741386358
111.6207682155787
74.90870879505609
29.80647564569123
-19.234001666977907
-67.30995750756668
-109.62398814038242
-142.02487044191187
-161.4677665134888
-166.33629922161398
-156.58604736124698
-133.69505907191007
-100.43409140091845
-60.49111407754669
-18.00229889256568
22.944673056103262
58.76613522881529
86.7402711966739
105.23258764669059
113.77421185070182
112.99311765161369
104.41538081595368
90.1724132290751
72.65998847787033
54.19450497547916
36.71031356503188
21.537919696675996
9.290624161845185
-0.12875590495289016
-7.4054720317150755
-13.598087569519457
-19.872103907111782
-27.229608471072666
-36.278355533609876
-47.073722029412345
-59.05621249315077
-71.09544902408152
-81.63550308743388
-88.91937175296263
-91.25884727284173
-87.30965595960117
-76.31065512785217
-58.25273785611747
-33.95373710608599
-5.025915082886333
26.264266679115934
57.22874098636331
85.05460636141257
107.12782856080108
121.34055367971764
126.3393690958269
121.68167219362437
107.88134568528014
86.33793403871819
59.15769558521358
28.89223340432368
-1.7650976558479312
-30.279399185168906
-54.52974395193411
-72.99049968005984
-84.82397740310613
-89.88373026904948
-88.63881461157168
-82.03711318586149
-71.33161166704949
-57.898453921684734
-43.07529291158051
-28.03895447266028
-13.728750654246015
-0.8141176423428087
10.29860468844065
19.430374234344537
26.578216646732194
31.859425520827212
35.45753437030401
37.57631690026716
38.408691436424604
38.122976461577686
36.861598125605845
34.74340946579679
31.86476172878947
28.302590431412206
24.124079711690726
19.40050810340643
14.218680674374582
8.686347118189122
2.9322363193750713
-2.8967511129956267
-8.63879307430227
-14.120561614859051
-19.16272013830098
-23.588999907702586
-27.238091398602602
-29.97618733104247
-31.707734073882573
-32.38122482700344
-31.986536864652887
-30.543373156083224
-28.086022800585457
-24.65189487066885
-20.277877915358427
-15.005447202860692
-8.895310507891958
-2.04991711689177
5.3629093631084706
13.092680369512594
20.799190669220256
28.058239996842953
34.38381434569027
39.26908297653453
42.24330264008002
42.93524363412688
41.129698626973514
36.80582151303598
30.153895859521985
21.571709780409073
11.638585564677914
1.0645909393494903
-9.379482289298554
-18.939389609753103
-26.9511228340436
-32.90289384415178
-36.4791003944762
-37.58260281502878
-36.334070223546505
-33.04866929263284
-28.19216414318422
-22.321591136826065
-16.018797737489386
-9.825183614636684
-4.184098151711808
0.6030164687506424
4.401242607592645
7.244229245467897
9.311561995593738
10.881297623851102
12.263285535258165
13.72586412026506
15.431683767494532
17.395555651196386
19.470789310014506
21.365359895486055
22.686286368683525
23.007171201361615
21.94926479362265
19.26225137019952
14.88963628384807
9.005803653281873
2.015874738676066
-5.4841060395764245
-12.780637792577656
-19.137511233704714
-23.896343817990335
-26.566739970263914
-26.894224898099015
-24.89992667801276
-20.886155016434518
-15.401747829567219
-9.168810114670771
-2.9827981091507483
2.397907479955534
6.357601644965346
8.509986031518006
8.75276320953917
7.2792077899428715
4.542446014492857
1.1777070392057325
-2.1036428739999544
-4.628422718508818
-5.8632865690306835
-5.489363545293205
-3.444386198809889
0.07035113700926242
4.620059095825597
9.600066355172398
14.32353901802655
18.1210938394969
20.437790705535793
20.91182626313913
19.422862954902538
16.104354304313304
11.319241537829972
5.602965292922712
-0.4155434381233409
-6.099479889597218
-10.884215018883353
-14.345763262517128
-16.250969086783353
-16.57903248889486
-15.508545549270565
-13.375187908535356
-10.6117852254494
-7.682301060720706
-5.019061799458171
-2.9696398810549516
-1.7585974996328162
-1.4726447252815
-2.078117208819946
-3.466173013931595
-5.500431650544491
-8.03405284261555
-10.879035347333978
-13.740626218550778
-16.15351482780383
-17.46020681342348
-16.858699231095287
-13.525550423819503
-6.7977485226511
3.6217835901466793
17.480597601701408
33.862156625588675
51.178587176928296
67.29012816233177
79.74742898505058
86.12979106458096
84.43056477766851
73.42464048685913
52.95048002693277
24.053915881767757
-11.033344451492734
-49.08209210428655
-86.20230313965472
-118.29100790805238
-141.5355356612948
-152.90423022085872
-150.5560857549385
-134.10935808706597
-104.7272131541659
-65.00689656457772
-18.689442877715052
29.7696417343061
75.71164427991562
114.80049143199403
143.4963127637821
159.4202788885753
161.5689133663798
150.35469728473936
127.47436927688652
95.6321062917116
58.16575527363469
18.637880279290208
-19.547242637830664
-53.45737132120304
-80.85308080883496
-100.3011746162343
-111.17777971022811
-113.58157701688434
-108.19721683130989
-96.14739120753015
-78.85483096928516
-57.92115836735622
-35.02445671844615
-11.833394448940249
10.069034260094744
29.259474127674824
44.551567141107064
55.07885882988058
60.37517679683054
60.43492506345188
55.735714903261766
47.20964002165962
36.154159198181304
24.08379205309704
12.538709521444567
2.8794043786574055
-3.8980646810512742
-7.295471577153222
-7.371296285847069
-4.712674804536876
-0.3249891492609833
4.539487881379524
8.58378285018887
10.667601758290687
9.979769823735463
6.161046978146465
-0.6363127691195558
-9.760916444917992
-20.147899815448117
-30.467020948553586
-39.310412022679856
-45.39216877126523
-47.731183982861076
-45.789413129936
-39.54516010365056
-29.494219276032354
-16.582321684764985
-2.080105613450049
12.579235427958421
25.973908445035374
36.856162408890626
44.28740299351025
47.733354142993555
47.108521161493094
42.764069687436184
35.42162550502206
26.063912935202364
15.799636145298418
5.723069301339415
-3.212191334806874
-10.290189805959539
-15.092369117963095
-17.518441021312643
-17.76816186512845
-16.286093097130337
-13.678910574331029
-10.620544784614856
-7.759569726748215
-5.639194132886718
-4.635786057338359
-4.91930764736642
-6.439075789384573
-8.936295114043554
-11.979564333465936
-15.01717624739783
-17.442480916644087
-18.6701532133286
-18.21833069726222
-15.786559913748487
-11.315697042202597
-5.016105537690625
2.643234504681241
10.982603593538471
19.188262163480175
26.40823173696788
31.855772823568433
34.907456418601406
35.1832771702042
32.59806679859368
27.375824945318485
20.023664556367624
11.269611889961904
1.9749789459057836
-6.9646969113657
-14.716500334179816
-20.595076396321616
-24.13069748950273
-25.116974461294085
-23.63378894887879
-20.04171760429933
-14.946862120481425
-9.137095911050789
-3.492127259975503
1.1272431601479918
3.9994023557268368
4.654411153565813
2.9597993552088684
-0.8362939756643137
-6.116211769823334
-11.962504400882874
-17.279612979816523
-20.951393667160637
-22.01323201705525
-19.81249327962047
-14.12828751634356
-5.228319800326874
6.145562004493621
18.85884075630233
31.519349542682278
42.64668330930127
50.85501738962794
55.02780533395571
54.46200394031701
48.96052218680349
38.85768067365181
24.97529981727616
8.522051521286068
-9.043519043076698
-26.167579292394826
-41.35839754545753
-53.33298279281937
-61.13993670941575
-64.24683889440223
-62.58118735775113
-56.51585391802841
-46.79821133895635
-34.434688616099415
-20.55212974657246
-6.260848269262289
7.458309745628804
19.828339369695588
30.306299210997473
38.571824338701106
44.484571842863055
48.02743798461151
49.252534868254095
48.24154581253935
45.08623116497896
39.8915823725376
32.799919966199056
24.026924401307653
13.89571675528942
2.8563721922859706
-8.516642218978317
-19.55046232234205
-29.520896130813263
-37.71702817513109
-43.51639430962717
-46.459667493228544
-46.31333451620096
-43.10899450641496
-37.14907261833332
-28.976132600196394
-19.3124227852579
-8.980192285841008
1.1870561532552975
10.431543472752447
18.143412439027408
23.90749869203742
27.522973247423355
29.00004523054201
28.53581567552208
26.47044076864116
23.22930025801367
19.260272327721477
14.975376299701256
10.706462207393093
6.684029602375855
3.042152226531724
-0.15735228070389023
-2.894036814955495
-5.162059764257112
-6.9537836609093455
-8.256075958002576
-9.058269698331802
-9.367819610818113
-9.227984652132228
-8.731451904275582
-8.023974938092083
-7.293463494861233
-6.743858635806205
-6.557552865329778
-6.853068200056826
-7.6476508227129605
-8.835399493539754
-10.186988266503821
-11.371486518633606
-11.998986931096923
-11.680933162236398
-10.100063972597441
-7.076569960108017
-2.615593604895808
3.073487335556948
9.586824927641663
16.36181433757131
22.736109913479883
28.024450738851648
31.602510852636406
32.985493904147845
31.890577515281763
28.274215703124096
22.34004935875355
14.519701146218589
5.431662894039445
-4.177869415165455
-13.509327672324373
-21.793889238856778
-28.377954350168725
-32.79606620546056
-34.81965205864059
-34.471382223810245
-32.00300834280495
-27.843558101106037
-22.52799379085992
-16.616504237510576
-10.615855475141261
-4.914951424929885
0.25460954997327
4.82624652430898
8.874919804582362
12.569358420019467
16.1088161256996
19.654185198323383
23.26555290708327
26.85824399538992
30.18573055590547
32.85359425909717
34.36499095235995
34.19287929350106
31.868316254003513
27.070526578323772
19.70449545101794
9.954766796021735
-1.6926875512691015
-14.467577590222103
-27.375490478383206
-39.29614708584024
-49.1050875982586
-55.8012415692974
-58.62500304722864
-57.15408309829429
-51.365370675336884
-41.652083994933875
-28.791315864588384
-13.865765093382537
1.8515617482556626
17.03706034106304
30.46120532262898
41.11626497482009
48.31171028826517
51.72912595047824
51.43155738799767
47.82881873748033
41.611719082578446
33.67105293083238
25.004193837067845
16.598970506821036
9.291142447875153
3.6148457484682917
-0.31530957381601327
-2.8493470411225768
-4.748318392393159
-7.032040567977733
-10.753155621113129
-16.739467444221564
-25.355921282192043
-36.33676783965019
-48.72515622054436
-60.938546945810124
-70.95913040287374
-76.62706768253054
-75.99378690336806
-67.67929182317083
-51.17325799738984
-27.025623574482054
3.1110561125884084
36.602552071494145
70.10775116498291
99.97288508562943
122.69047324057041
135.3593205701815
136.08297816725727
124.24904809377469
100.64341310684834
67.37909675483242
27.65273452189919
-14.632150339068447
-55.32136360592217
-90.48616544414111
-116.86113342879024
-132.19295286158493
-135.4609164660314
-126.94477265667751
-108.13292806387089
-81.4854377984275
-50.08998655486886
-17.26497222961615
13.833992585521676
40.55401005309383
60.99159363599923
74.12201787898303
79.80627860108477
78.68932963494655
72.01686100415283
61.403197120691864
48.582934245629424
35.177951134234746
22.508553643586815
11.47121827757943
2.4957104730249853
-4.419084314161348
-9.605464270310941
-13.587481110038969
-16.929287351828332
-20.098192214691366
-23.364392776354038
-26.75051282074091
-30.034737142071574
-32.80302879908721
-34.53798842340757
-34.72557476927838
-32.959336576624345
-29.025863844201
-22.961075981294755
-15.070552722713549
-5.909230238336765
3.7797870197247243
13.159371704707489
21.40822385600003
27.824893550283793
31.909299583123655
33.413963904721065
32.36268336858852
29.03684101826183
23.931751738268584
17.687827189064134
11.005648736714727
4.558152692863034
-1.0881394725325366
-5.533786345120695
-8.579815352926596
-10.228265315529462
-10.653471381889762
-10.153279720877926
-9.089784164997198
-7.828992761146736
-6.687544174219462
-5.892702565475511
-5.560987936593977
-5.697959631418232
-6.21630756555617
-6.964925621111281
-7.759735552925375
-8.409199406930767
-8.732843960212229
-8.574814023447548
-7.815206795131719
-6.381543886638363
-4.260823991484881
-1.5100045652041223
1.7385189642238028
5.279310572224906
8.844265811806224
12.119225622326073
14.768142818077745
16.468552971720328
16.95757282036993
16.081224432743916
13.836966117565533
10.397862045951772
6.107636101364189
1.442626459442398
-3.05367440369493
-6.851600352662576
-9.517884748198679
-10.785112663688198
-10.594271413064853
-9.1021462268503
-6.653608302709853
-3.7247307119515707
-0.8462950103064489
1.4786639719158905
2.8485592230392363
3.018387404369766
1.9318977949315437
-0.27159423378194175
-3.2761706494020246
-6.631235646040069
-9.811119621240682
-12.285093029115941
-13.588806981739177
-13.38819317134822
-11.528366685855726
-8.061711155651833
-3.250680776535931
2.4575440910808632
8.484378279080053
14.195206573618668
18.982858106913007
22.34051195414988
23.91103082334033
23.51208895280808
21.143840966342193
16.985365720889884
11.382483682066631
4.8246064909292405
-2.0949576972984922
-8.73721332679055
-14.488108402186432
-18.83046024767233
-21.405881301720875
-22.056737131643455
-20.84015976476687
-18.011295775525696
-13.980578496975214
-9.254983208885532
-4.373464984482984
0.15592969155611405
3.9121398975236725
6.605464259180726
8.105179394094355
8.44683298961564
7.817923680978356
6.523384964996963
4.935675901551859
3.436633847618188
2.3592376778451243
1.938014217080252
2.275553326791156
3.329086540033965
4.917796392079182
6.749516959676308
8.4635469554843
9.68339116488176
10.070984323814828
9.375066426672804
7.468880370637609
4.37273601002409
0.25817028890731303
-4.564611220751962
-9.671065937251475
-14.556913666439314
-18.685592212855234
-21.547492076614656
-22.72288106562865
-21.93953880709861
-19.11791779817713
-14.394650740905822
-8.115039521704505
-0.7918755686767018
6.961085256735084
14.501235171982989
21.213416883163028
26.544177161958757
30.0237885194658
31.28633678489709
30.09112914900945
26.345531124088684
20.1287745029092
11.71516140101257
1.5919819595206013
-9.537032147184505
-20.77367508109515
-31.081232895140086
-39.376351899241165
-44.64728458149186
-46.08031633130393
-43.177286040654785
-35.85054628063755
-24.48020949274308
-9.918806509084199
6.5638425471833735
23.39305827542635
38.84923904813607
51.25828035853242
59.18850339600573
61.62803053717484
58.1194475180563
48.83314210974515
34.56759545474984
16.674864671911063
-3.0807319380350764
-22.714667493964146
-40.24245006899827
-53.90229381810582
-62.35441604835384
-64.83258563247944
-61.22723875536255
-52.08656804047035
-38.53330420900258
-22.110727026165776
-4.58488262529942
12.26785071278535
26.863353147807327
37.97922627829921
44.868807731031275
47.306436326482284
45.563854556633295
40.326992147916734
32.568336905841896
23.395661135444392
13.900920887681103
5.029689458715239
-2.5166279321075673
-8.338536753705377
-12.349474483042492
-14.737857811811708
-15.887931175064306
-16.27571020194225
-16.360678632364863
-16.493829641243796
-16.856198301084856
-17.43368739658692
-18.02932395636306
-18.309991724473452
-17.878936094050008
-16.361667930108204
-13.49146487193134
-9.179237917418519
-3.5539668968196185
3.0334664642440097
10.043562695525432
16.81633155475729
22.666798806309426
26.98914510653967
29.344339162280683
29.513108269704876
27.50833502561219
23.550577383923752
18.01851487649291
11.390144360264362
4.186670351539861
-3.0752062037566357
-9.92003304087264
-15.93888602700206
-20.80408022913776
-24.273623057812895
-26.187151382928292
-26.459813483386494
-25.081486591733142
-22.12308887669058
-17.745828601873637
-12.2072867702376
-5.859247021313338
0.8656711087750641
7.479886060997703
13.478830174169762
18.387323616871836
21.808416645488908
23.469209563218175
23.25701611294874
21.23662084744042
17.642143943325035
12.845117088681684
7.306363103393858
1.5210466839904766
-4.033889311593839
-8.942995725893345
-12.882808493421377
-15.637822062786162
-17.101784480028986
-17.267372568534718
-16.20941867611071
-14.066370052327315
-11.023298636213356
-7.29861672283321
-3.1360363715379824
1.1981114653424019
5.416049780292116
9.21509980872962
12.294452777293296
14.382271065293283
15.26901923848746
14.84025073891226
13.102102126861155
10.194069397801215
6.384225153814665
2.0445013836909838
-2.390940880600075
-6.477415744992317
-9.814300310011808
-12.095319508506206
-13.146279323849512
-12.942463125303671
-11.602342760534727
-9.360719323995871
-6.52842968553461
-3.4462076965425
-0.439442158019579
2.220283003506007
4.342032528683037
5.827469586195724
6.667219912275822
6.924523563314301
6.7119334339858545
6.166937626670509
5.429833097252062
4.625033296320695
3.8475497377048384
3.1573305020515767
2.5816524238742957
2.120717773938323
1.7497687618042173
1.4165470967031208
1.0413464597610613
0.5280385325402717
-0.21379735438948402
-1.2432032662704464
-2.56642103298406
-4.124338965644696
-5.791749780071966
-7.390583795055925
-8.716749868043761
-9.575029838075757
-9.812564822673362
-9.34344279252586
-8.161156843429062
-6.336630106309844
-4.000861149098479
-1.317556539719885
1.5436234085482603
4.424938635740337
7.187767373078233
9.711694167688087
11.888912125185426
13.615928220148612
14.78383186721475
15.271435402187658
14.949023198367827
13.697704632685227
11.441588629834989
8.183608907516893
4.033459347765119
-0.7820961792514114
-5.930078111107567
-11.000287222779056
-15.548661927935848
-19.153742496278042
-21.48103245012796
-22.33952330418156
-21.710033731433146
-19.733751543007845
-16.6657084658565
-12.810676006522888
-8.460543968623659
-3.8460297557869123
0.8886415887936644
5.681126410713489
10.515748271145654
15.367646062425955
20.143771287860524
24.638165883492384
28.513615093896195
31.31595258622837
32.52173228320743
31.613644907758115
28.17336625990139
21.979378826544586
13.09479052515089
1.9269214630644953
-10.75993599398458
-23.89075404857438
-36.18442074681825
-46.303276949721734
-53.025295695414194
-55.412194268948646
-52.947546280759205
-45.624805887476256
-33.97251323904974
-19.011535880547466
-2.1481114629543527
14.984430869666122
30.71613210775319
43.54075747130055
52.299613228770156
56.318369839592
55.47157937914289
50.16479821501817
41.2403776587546
29.82656858453226
17.160612137412304
4.420239471159349
-7.4081699724790715
-17.608965363301373
-25.76092318947987
-31.710859810853403
-35.50912815022724
-37.32490614495522
-37.36277890762032
-35.800349954541545
-32.75815390837073
-28.302392334857007
-22.47548835635481
-15.34745701624874
-7.07642754683827
2.0377666727617356
11.522815784838109
20.738683463108657
28.92459199575135
35.28508549753787
39.10125969332476
39.8461290108622
37.28200366831013
31.521965088418472
23.044282294210085
12.654845121774617
1.3982457634064593
-9.572327254037324
-19.14342163239435
-26.380287393767496
-30.63639557238417
-31.62296297613016
-29.43304120029728
-24.51745060665786
-17.614000678269203
-9.639992819142238
-1.5669307958148617
5.701585397827001
11.431703936151472
15.129881106303431
16.578291954017132
15.836328058046293
13.211255280617484
9.203184181792103
4.432344219981349
-0.44250398705172983
-4.806571439936628
-8.163706283483844
-10.19177401045206
-10.768468445132141
-9.964322790280214
-8.006866800294084
-5.224927413479333
-1.9863401099600704
1.3575238603026416
4.512008781416216
7.26086023404524
9.46917811625348
11.070195601746136
12.041089601594999
12.375998734897324
12.066029066847918
11.092533648905636
9.433018982455065
7.075485245128082
4.038473807151691
0.3944580472097
-3.709397903500821
-8.040607098702027
-12.284393963376424
-16.061047247954818
-18.95957269010547
-20.5882369038061
-20.636778463167722
-18.941688398439222
-15.544031877425446
-10.723178661200023
-4.986388465232966
0.9961300281145687
6.501634536699627
10.88487158092026
13.69718969541155
14.770903872994362
14.253377144888793
12.581814531649995
10.39937328436103
8.42503585507519
7.300045665485349
7.441633278118295
8.935455927685565
11.489789617500394
14.463814368264849
16.970568404627016
18.03883612661366
16.803069384931685
12.684701728892525
5.531699330758311
-4.308566384620286
-15.997028553826393
-28.29103509237127
-39.69842672124478
-48.674354669795974
-53.83411345241686
-54.15343695711905
-49.128108203276824
-38.867841539844214
-24.10552352784823
-6.117502261074423
13.427667189167847
32.661001821041346
49.716196601810836
62.92143390226543
70.96160443668383
72.99902832925093
68.74852672865902
58.50575607567486
43.12641252793538
23.953638344260465
2.69587450013876
-18.733745418326944
-38.39964722840339
-54.53078030518571
-65.69538775112399
-70.94529273691585
-69.91231263699638
-62.843896562433216
-50.572384157353774
-34.42076083539102
-16.05551499942419
2.696476015057107
20.046265340019033
34.4338832747195
44.688675861096904
50.138515921234955
50.6557830523778
46.636566198024
38.91774861270304
28.64636150541255
17.12226897559628
5.6364991737926795
-4.673599549071654
-12.935319563105955
-18.609312294718123
-21.51638549756576
-21.82504766606536
-20.00020010776449
-16.71515195569766
-12.736911013686791
-8.802205593258623
-5.505517810656333
-3.218690884694037
-2.053375874225282
-1.8689574970177387
-2.323317232974634
-2.957237088007182
-3.2960179172900346
-2.948801545160604
-1.6869739726490418
0.5120803970072605
3.460897963746069
6.7949761899719
10.03610102394166
12.67528784999006
14.260623844491075
14.47372706963095
13.181507047184724
10.45608970958221
6.562035368317896
1.9157090758912256
-2.9733736997123845
-7.56811318454528
-11.367822395396436
-13.964144586030159
-15.0827654942159
-14.608481045068165
-12.596833749852138
-9.274411234838231
-5.023236990693323
-0.3436464886629686
4.203752640808169
8.06995669836092
10.792142731671714
12.059101323452824
11.758298568168895
9.996787813684508
7.088043049199623
3.501660857652237
-0.21589438053933843
-3.5317794914105805
-6.009735469489402
-7.372169829594509
-7.53356912244475
-6.601201315487521
-4.843627272493211
-2.634218987539727
-0.3825383999543388
1.5328989612332324
2.820274134984394
3.3122471216419527
2.9836597445090702
1.9501691735212083
0.44881862884017365
-1.199613049441331
-2.644594512609026
-3.5682105742682872
-3.7418823882659398
-3.0638532302141432
-1.5718862520673198
0.5658031010795816
3.0747124573264393
5.6080752223748975
7.789021176003061
9.259326763026106
9.729272446478193
9.020696661474938
7.09659021942672
4.073670327815374
0.21728109756639744
-4.082082383967123
-8.351900392668917
-12.096680516929673
-14.861978048286527
-16.291154055710226
-16.16660026780748
-14.431393540345072
-11.191347409229712
-6.701650908310548
-1.3442595427280153
4.400225694946237
9.98750681114498
14.855601395064392
18.483057795736023
20.452843265537794
20.509896585476877
18.60081473185711
14.88800937063892
9.735684100590477
3.66977089873745
-2.6832385642064316
-8.67069929634794
-13.690205528802215
-17.257830000645566
-19.061614711943097
-18.99358412812703
-17.1539958428692
-13.827570745443921
-9.43801231834782
-4.490228113038794
0.48958208307664386
5.008015520268489
8.649369927852444
11.110786366740236
12.22692151893973
11.982725795675337
10.511713776230428
8.076586290738803
5.034008322585309
1.7927547636271042
-1.2271627089806796
-3.636147226810976
-5.121300506785866
-5.492858021782494
-4.7196868768826565
-2.9439182814617793
-0.4691625557055548
2.278517510001709
4.811880467253343
6.656126746993544
7.4234358102009335
6.876706942699043
4.9709161022398005
1.8652106628534637
-2.0930138803697114
-6.407488478276793
-10.493111769980924
-13.752307623834692
-15.6577149288737
-15.828832850950242
-14.092034226223774
-10.515397071298251
-5.412638377690031
0.6854927854789726
7.090921599999305
13.043786713574633
17.81232163399903
20.791072228601756
21.58169749863855
20.044658532339152
16.315962515543777
10.78850032923687
4.0624660566615445
-3.126426090552688
-9.992176047415722
-15.789752304025466
-19.901736362063044
-21.907197200734583
-21.623702502105882
-19.11967983737501
-14.699064629845083
-8.86221532653162
-2.2460845129065685
4.451916608518596
10.556506313027958
15.491250066964875
18.8378530734696
20.367579874034057
20.04058091905296
17.98030683088873
14.437460903879638
9.755817235918409
4.343154410040599
-1.3577641619063483
-6.90239857259995
-11.87853168432802
-15.934624062678326
-18.799233054333413
-20.291950724028432
-20.327283678191872
-18.913421621610173
-16.148067498609965
-12.212158755921909
-7.360818731885134
-1.91091261201398
3.774308807007352
9.302193974959312
14.269762363205203
18.28886562983744
21.020806114757157
22.21814289099556
21.767514831712692
19.72522554328979
16.332597622664306
11.996309252536468
7.227542137861762
2.549002872478672
-1.6071436388571938
-4.981047754564942
-7.523836878645691
-9.386021591052002
-10.862208285321346
-12.306142857845519
-14.033227982702293
-16.2272712980369
-18.867264586418877
-21.690652663881416
-24.206548142462285
-25.761695690333013
-25.64922503269612
-23.24176167431411
-18.126225819951085
-10.216117636317662
0.18034074298553232
12.350448100002366
25.230357818741084
37.516742270650326
47.82304485084922
54.859245789400084
57.60874125967214
55.47338935714415
48.362800764833686
36.71692922979733
21.463413706961937
3.9186037836577796
-14.353470773546379
-31.706933403861452
-46.58684660957908
-57.68960891268475
-64.09146060543381
-65.3315156779409
-61.44380697560549
-52.93694219794381
-40.72332962241438
-26.007827328898095
-10.15352054253914
5.457816326895207
19.55916666834782
31.117613234584795
39.42898125561957
44.17369744191283
45.42238557333803
43.58932633389223
39.34213534638988
33.48283058954738
26.820552451847178
20.058144633041064
13.709862150466755
8.058894140172946
3.1570991202276564
-1.1354690871863489
-5.079985944707073
-8.971507551398142
-13.050724721632648
-17.429310773618603
-22.040470585720637
-26.622822535351727
-30.7431425406277
-33.85879898296621
-35.40989225128771
-34.920775644960116
-32.08991818906117
-26.852982149210277
-19.4102641589457
-10.216194578514058
0.06530834004300407
10.631744969150576
20.62833840058551
29.238074084100006
35.76593141054477
39.70944153966841
40.80827044882464
39.0674959687726
34.75166184135519
28.34852836110817
20.50553197502468
11.948630747601342
3.397510732839644
-4.510123833935707
-11.276474897215596
-16.578269035796577
-20.2753459903942
-22.39433990308542
-23.09307176887303
-22.615303876612142
-21.245709916202994
-19.269077799084503
-16.933320097738505
-14.420544692474353
-11.836212574576024
-9.221411330637169
-6.581118448830911
-3.9137140361417972
-1.229952173237513
1.4387269186166496
4.033241720233877
6.45679444014879
8.571419863493023
10.216279486650159
11.25172224046861
11.615991669751905
11.371559533755443
10.719729870350546
9.972649149924033
9.48606132635929
9.568761493367438
10.392176299704687
11.923556333419995
13.898583704492232
15.839541332658651
17.119285890786045
17.064703198457703
15.081739694037257
10.775754635222501
4.044709818317144
-4.866208554435803
-15.353859495544622
-26.49755748078148
-37.15519735503213
-46.103631647325685
-52.19548132880154
-54.50308330147856
-52.42997485943755
-45.78140932828234
-34.79358062830131
-20.124349961679258
-2.808094527364078
15.822406724309484
34.24294622588961
50.86721608189289
64.18885543592884
72.9255774854961
76.15426449444124
73.4223640027072
64.8174502078158
50.9790247150771
33.04540098146093
12.540852778826855
-8.78053603865091
-29.11181768114639
-46.768837316680475
-60.34712727775506
-68.84730545941188
-71.75936362519957
-69.09848594143763
-61.387409811077426
-49.58492183973415
-34.96773338324099
-18.98037171302296
-3.0721224734046144
11.458246777850064
23.590152453082634
32.66511116845758
38.417497366865476
40.95193946843916
40.67554568226932
38.198844160519116
34.22316527165424
29.432393964845815
24.402561072833084
19.53827543199614
15.042869489061957
10.925355741787946
7.0403036328541555
3.150707339635948
-0.9982864440983449
-5.606673070982463
-10.758495776540963
-16.38052858331202
-22.225802623384233
-27.88434931922603
-32.822220197380524
-36.44778983238364
-38.196870815308166
-37.6194846959392
-34.45200075834722
-28.666054799587172
-20.49028625150604
-10.404236551526141
0.8929374063852108
12.538077131107913
23.584295111160852
33.098891659834145
40.26385408200526
44.46500705326736
45.36331542105721
42.9452231631381
37.54193269291563
29.79943810720924
20.588933849418634
10.870345008283696
1.541268383256621
-6.693240903394916
-13.40429495197963
-18.463755239223023
-22.010204156672927
-24.368543533149516
-25.943106230642353
-27.106149127282855
-28.102172830759148
-28.98400855538702
-29.589373924466056
-29.56053479948586
-28.405344110951702
-25.591912371544982
-20.663092635943737
-13.354488895328926
-3.6983537711560284
7.9068465300503386
20.680394186749947
33.5078129524255
45.05350924149941
53.926260471446554
58.87579940746609
58.989912776505584
53.85721970905116
43.66444875745773
29.209268064740336
11.824871715442441
-6.774569183519943
-24.706449285323625
-40.15845281461757
-51.61697342785212
-58.050830694398655
-59.02360363271676
-54.72156315690568
-45.899534730072986
-33.757481872521396
-19.767079710739708
-5.4745520400575
7.689469120576654
18.566403614498448
26.37574068985405
30.762706775989674
31.787478809685762
29.864627488656428
25.668479693830246
20.02249673103756
13.788852243623227
7.769277482927576
2.622600549581284
-1.1973910659962363
-3.4773468725109393
-4.245567413809921
-3.738213772000802
-2.3397750927007936
-0.5120027036574136
1.2764166133021762
2.6118344029388587
3.1849429567175154
2.8239449247961246
1.5087222724047942
-0.6354451248647298
-3.3642587613385424
-6.356802664935031
-9.26544131892796
-11.76442068947482
-13.591559004064445
-14.578730696303042
-14.665616262566598
-13.891875837486444
-12.369157410359614
-10.242282416875861
-7.650960688917446
-4.701100040476357
-1.4534962017384894
2.0660907291676667
5.8391674262871325
9.817605359297186
13.886988343654172
17.839592517968807
21.364585463875315
24.06056528135788
25.47492859667361
25.171515460972618
22.818562011038978
18.277931100486736
11.672311988002166
3.413005186862115
-5.818720973589843
-15.1365445574586
-23.5544940783322
-30.118301811215495
-34.04015934613689
-34.8129471896493
-32.28470062654349
-26.68240534389799
-18.5843208506355
-8.848513356361643
1.4901387128421322
11.340431978623455
19.67785998759334
25.65535909676788
28.690263423981378
28.521818181367763
25.23754386508382
19.26658449825435
11.337611156673008
2.4024898885974455
-6.466632292256517
-14.196256589715984
-19.836966560876295
-22.683631870754287
-22.373072129771188
-18.941853563221983
-12.833879938684955
-4.855095724279637
3.9207626140222307
12.285129679200926
19.052155396955882
23.224415832136014
24.145841276075092
21.616655141656956
15.94847494387771
7.94694158855078
-1.1838864032058165
-10.013355842578
-17.11306552895425
-21.30385036138463
-21.87318780616236
-18.719193738317646
-12.390503985931838
-4.011285484024952
4.898216326931557
12.67717788428588
17.812359419825484
19.206537458788382
16.37800424497013
9.557185249856708
-0.3339459073747046
-11.815068120553862
-23.070075817207268
-32.22083654984074
-37.60960993616546
-38.05103233325714
-33.01828109962233
-22.734997291422697
-8.160342406615925
9.127223280517958
27.129021318596514
43.67961995009353
56.718032018492124
64.54046124950953
66.0068705831022
60.680974400267445
48.888499535575455
31.68733346991678
10.75387077873259
-11.802055862520085
-33.673501303773016
-52.61461010140927
-66.68752755594099
-74.47085079533414
-75.21024387839246
-68.89511444531041
-56.25083034968156
-38.6488394976885
-17.949512375965718
3.7030285786451778
24.115202304426763
41.28578302193596
53.62659173602768
60.12942053092973
60.45083624601113
54.89870548138493
44.32552289912864
29.96100761669274
13.235496780852394
-4.357385917385736
-21.335793182520376
-36.254377852796175
-47.71600498586338
-54.41248347328155
-55.222610541822114
-49.37100401941072
-36.62384419017646
-17.476446665296958
6.722332797095515
33.758812179187046
60.685895032538774
84.09953861132942
100.53659378689649
106.9457917670894
101.16313243060051
82.31346671771612
51.064856536814716
9.682525428839487
-38.13421363673289
-87.60647542931194
-133.3699109980232
-170.05277863062423
-192.88350358331422
-198.2664726932069
-184.25900732983436
-150.8881611089207
-100.26152138373641
-36.44706565276093
34.877662087222234
106.97756688295149
172.7547937047359
225.50779661088984
259.6687213502927
271.4341278814393
259.21152874352356
223.82153401580814
168.42450297419026
98.1783011428703
19.67192404509339
-59.79117391426252
-132.97140074728247
-193.44277195180052
-236.23071086859937
-258.2672159239064
-258.61425188320226
-238.43808498772145
-200.75301808291886
-149.9831194488316
-91.40808875139712
-30.563752094757817
27.33457323331254
77.88289682825679
117.8430929061094
145.33153155620445
159.8365805351945
162.0827940757529
153.77675672888515
137.2800851841801
115.26158858881124
90.37838559193243
65.01912963717612
41.11974850981553
20.046124361723425
2.533210512256638
-11.3236933948714
-22.017911348087278
-30.50875128865899
-38.02593912796846
-45.819389120573774
-54.89065934420291
-65.75065226241048
-78.24592536646513
-91.48858853441885
-103.91162449741708
-113.45031458783238
-117.82857688135826
-114.91298460213818
-103.08489791322955
-81.57427063680056
-50.70246582913412
-11.99212374633555
31.88420928798714
77.32363865602075
120.1592827381562
156.12769385121214
181.37686738959465
192.94705891498202
189.1577951891933
169.84730998251965
136.4321940647573
91.7786976993053
39.900479674487485
-14.479161776372997
-66.44351283747433
-111.40966505562076
-145.5973799133057
-166.3810881274576
-172.4952556449121
-164.0953130926009
-142.68888469238678
-110.94887979543972
-72.4214706498376
-31.151847135948685
8.739424217931552
43.48854053547756
70.08206889662324
86.56502866438628
92.224936663746
87.6276924647598
74.49874972003441
55.46331526725603
33.6798807351234
12.415799100625122
-5.380465273790793
-17.454651287783864
-22.518777255059227
-20.385969074435764
-11.95876323428305
0.9181688761609155
15.720842387705495
29.601669447286447
39.807498272788266
44.10941450262917
41.17313325100478
30.798030699329296
13.976616268386135
-7.237908775507313
-30.033148619166298
-51.25805392232996
-67.89633173207214
-77.51999789729386
-78.65347461370844
-70.99340644304762
-55.452998370504375
-34.02694832597294
-9.50030281565915
14.953434749866053
36.226612875062145
51.71952847777703
59.7050867840234
59.55998083893145
51.82673162076477
38.09892999389311
20.752321675852073
2.569589995675319
-13.679901253731646
-25.642656972147417
-31.709055494100603
-31.221163792552442
-24.532677141800757
-12.917390751944849
1.6533320859288316
16.825387679682525
30.21867412005606
39.771270410644014
44.02175571281991
42.2922698471903
34.75181455843841
22.36066244126929
6.714135081590251
-10.189099819561134
-26.225580133589617
-39.438499434759386
-48.304775644347515
-51.93993709062943
-50.20725893497919
-43.71191812386465
-33.68045184558911
-21.743285442813733
-9.656202684383624
0.9880627445667782
9.006110870599736
13.78912106209579
15.36510939342541
14.352378203718528
11.8135700937552
9.035493083321152
7.274837009126107
7.5163443791435025
10.284429868976016
15.53738110988157
22.659009719969127
30.547251427155146
37.786256096133705
42.87706693981539
44.48920985797199
41.688332703922796
34.10209382907603
22.002802461460842
6.299517508967186
-11.558228244190643
-29.754276283066414
-46.33707130383133
-59.47862618835968
-67.7234360044746
-70.18694479380753
-66.67025531263302
-57.67329144658781
-44.30745062490741
-28.1253081899639
-10.895239653559555
5.645381308406737
20.019729792915044
31.184879840065445
38.62164274833089
42.33393767877377
42.76933060802153
40.68361781791721
36.97646767822851
32.524542822629634
28.037191465106037
23.958044092277536
20.427980192349168
17.310098054670682
14.263941620937693
10.850113367541079
6.645768830870563
1.3531789587590117
-5.114806347843946
-12.586573953382478
-20.629069866490887
-28.589948831743627
-35.677460022063826
-41.067113084354645
-44.019822354784104
-43.99266800468402
-40.72402279808629
-34.2814968925315
-25.070738913118273
-13.807398612585846
-1.4530367660792394
10.881948088469402
22.057691514405743
31.031924094235308
36.98167223926349
39.40671971013158
38.1995159462433
33.66716323225965
26.497992356853114
17.67452277431632
8.343676755825072
-0.33672956392658476
-7.352074465554912
-11.963952487500741
-13.80413827515294
-12.915785051437462
-9.735083359966893
-5.015570730354853
0.2934431856170028
5.1940119769942354
8.787297272649703
10.399956826683072
9.67400540528596
6.610185873134207
1.5592031418729166
-4.837988169256603
-11.750486165278586
-18.280238321616327
-23.586142888095562
-26.99038144471282
-28.05395669705999
-26.615908979465132
-22.796899690421395
-16.97154957021187
-9.715163883425076
-1.7303274711952683
6.240117075342056
13.503771737511416
19.499706013825367
23.855956242145947
26.413279551842535
27.212347011987962
26.45049066915665
24.421000067109166
21.44985884196576
17.84166613910414
13.84218129409149
9.62235107568785
5.285372740515773
0.8923617181623125
-3.5030701318311146
-7.822165369845421
-11.939279879062918
-15.677507408693968
-18.82395753070948
-21.159889101390693
-22.495841515604667
-22.703472001229397
-21.73893900879827
-19.653237257204935
-16.587765438810496
-12.759132189798503
-8.438662782341451
-3.928003358221898
0.47112683203311967
4.492545087514595
7.939410932897778
10.705987449646747
12.781455110405366
14.235864276921433
15.191534969526565
15.785351505731539
16.129374384337705
16.278528366800224
16.213696002240823
15.844044564221129
15.026134561647464
13.594580516195675
11.398760925252157
8.339334870625319
4.399240679370955
-0.33345793045617506
-5.653102129209551
-11.23788983292488
-16.668323474462316
-21.46422186259352
-25.139775484578834
-27.270299780996393
-27.556775301452497
-25.87301730761199
-22.28691841136812
-17.054484666978997
-10.589550224657135
-3.4156938947334203
3.8900448721803906
10.75321446782065
16.653670982283767
21.170620263704343
24.0166634909094
25.056015523782797
24.30547389212386
21.92048421789888
18.170194467060465
13.406108980357047
8.02934684408364
2.460336553226074
-2.8875123148743924
-7.630750564285281
-11.43743363580335
-14.048908367887673
-15.301217242958938
-15.14317223608628
-13.647225300824708
-11.010022242547073
-7.541491111370555
-3.6425342831171936
0.22912292007340845
3.6054732283875945
6.06532203732764
7.29554892439038
7.145214322277062
5.659211141563917
3.081733013047804
-0.1733848041812152
-3.5823708450377483
-6.592497814684381
-8.709542628029336
-9.57451680656727
-9.015596517593934
-7.067176015570356
-3.955989316941138
-0.062381284953663664
4.133240150452111
8.112575014124735
11.385516200324773
13.552771966657303
14.355806581221149
13.706611097853413
11.694287295272279
8.569258177129216
4.707316426785999
0.5577653883870545
-3.41675586461043
-6.800220254644109
-9.275388166749606
-10.660634099992775
-10.92443351985022
-10.175343744780177
-8.632905127557557
-6.588024327929475
-4.357676437483873
-2.236593088997192
-0.4526323592129949
0.8644064152760899
1.6931680527916393
2.1080650785054287
2.2475199336762137
2.2725356561458714
2.3259485189138434
2.4998883530280303
2.815882048754246
3.220149067642405
3.5958031910255133
3.7921662685677044
3.666803535138861
3.1294614432242773
2.174287499544661
0.890716901680653
-0.5490862370446538
-1.9220989018776198
-2.9978655075403835
-3.5846895474710174
-3.5704402730989497
-2.9502370340370594
-1.8340907580474277
-0.43090459734629954
0.9895073548199596
2.149444491806376
2.8203097233314747
2.8704001610187135
2.2916710467669623
1.1994915722302302
-0.19301767332742056
-1.6195622208169917
-2.8143587854867347
-3.5622057701254546
-3.7338028952994575
-3.3011885861353063
-2.33355731756754
-0.977925745709931
0.5682610205703412
2.0871648788895447
3.3704388298932932
4.245339557778972
4.59273240899357
4.355519751175847
3.5392133736872493
2.2070587143009552
0.47226571731700845
-1.5093353939855068
-3.5446997411244556
-5.410971963113869
-6.872106410375757
-7.707730437431668
-7.748359289809849
-6.905673916906179
-5.19007758319875
-2.71508518689586
0.309889537731648
3.5983402423730633
6.815414478032217
9.613262592856206
11.67098554870775
12.73501511869842
12.650456144163746
11.376340789023017
8.987585070794644
5.670185427758536
1.7100832166655953
-2.5288657670083783
-6.639628323908764
-10.216139760709739
-12.901251449203729
-14.43204328269705
-14.67507191287667
-13.644175920122038
-11.496549434299155
-8.508460667178573
-5.03577825036702
-1.464460605100348
1.8432213632277745
4.598181137643444
6.620218573378093
7.852671704260052
8.353791871931074
8.26934865794454
7.794114640652953
7.128290614184063
6.435666158490944
5.81347313191725
5.281376369650993
4.789448845031237
4.240427762798995
3.5213390090187673
2.538619572432002
1.2482171075518858
-0.3272756157194562
-2.0972533288064477
-3.9161939258602136
-5.608898604706164
-7.003416014020129
-7.963791317421905
-8.41444286348455
-8.351328903278425
-7.839080877512094
-6.995084869256063
-5.961608818210197
-4.870001740992461
-3.8068229501223616
-2.792789617013271
-1.7796524485906977
-0.6655581115122613
0.6721826499925143
2.3331086918663155
4.350024057202816
6.656147092116332
9.07128914707419
11.315988362295524
13.055598571861305
13.963321434437294
13.786217806990233
12.400166172093606
9.841076416374317
6.305020576471312
2.11928557887907
-2.3086113044456456
-6.554749906608777
-10.242132223851488
-13.088450736780608
-14.929057762429302
-15.71565669531375
-15.496988166734551
-14.388115016211275
-12.53610600270143
-10.092109720065551
-7.196405698641049
-3.976141734056182
-0.5525685847098813
2.945391327476788
6.366308972715143
9.527935131530358
12.222181699062682
14.234693956645566
15.374546899357702
15.506434569561259
14.576996693049379
12.629454268862347
9.805228269062491
6.332805418023014
2.503235606021593
-1.3660459770793651
-4.972186916503643
-8.063306448101047
-10.462539857026298
-12.075473806018904
-12.881695596264445
-12.916402410033454
-12.249606341339598
-10.968174398307788
-9.163714999692287
-6.928408438872345
-4.359579378499792
-1.5709623554763428
1.295746031846059
4.068304999142404
6.556777319451598
8.580125306132736
9.996223995887345
10.722402759574399
10.740439302361057
10.089773078832058
8.856199479341246
7.160059426015031
5.144189684719223
2.961560179229254
0.7637141090679216
-1.3101283309525436
-3.1451670387247477
-4.663750554354262
-5.834396045228233
-6.672070868053056
-7.226020827032722
-7.555180488957537
-7.698529387980973
-7.652888282202741
-7.367228685401591
-6.753712667715644
-5.7106425848961715
-4.153869459230907
-2.0531743475790636
0.5348071100420493
3.447897345442338
6.421220650021605
9.114353187697317
11.160542857173777
12.229156216864478
12.088439234419706
10.656012938657001
8.026810575079601
4.472174135554494
0.40935029980803045
-3.654807775784153
-7.198181850561109
-9.763492371626334
-11.029640679564006
-10.86142002866511
-9.327968854572399
-6.685655894112758
-3.330215800264985
0.2683444135330915
3.632695258409306
6.337236724020614
8.056228015687989
8.598931586900619
7.927366579973145
6.154413892775415
3.524904308350146
0.38309351371015726
-2.8714076439308847
-5.835640184039376
-8.15628626689781
-9.57454994039323
-9.954865466586904
-9.293420722216796
-7.706506230725098
-5.401797431797762
-2.6394181878302
0.30791416449332193
3.1879871762978698
5.791705913055761
7.9648001000126625
9.610451423684433
10.685631684203855
11.192376943629156
11.162845998325006
10.638845432828244
9.652331276100423
8.215460484764588
6.323349554876714
3.966357285125187
1.1481593184890737
-2.092232481040393
-5.658874260517907
-9.38574722484624
-13.037082150356433
-16.320342031347693
-18.91052793867011
-20.4856219019056
-20.76984570139614
-19.576951940245934
-16.84359441120418
-12.644148237727888
-7.1851501045410595
-0.7860971344404553
6.144539571118145
13.133758397215681
19.66945183560354
25.229913307979782
29.320264544901715
31.514639328875028
31.499278196291787
29.11280327100779
24.380956294472167
17.539006377177405
9.032875795690423
-0.5045313847505171
-10.29973273362793
-19.505168438030015
-27.28208685733401
-32.89206965079909
-35.78579622855752
-35.67567825738001
-32.58013822160838
-26.831611313248825
-19.043452273984123
-10.034861751431807
-0.7240339657477087
7.989276903794733
15.33067635564755
20.732655906494454
23.880787576424503
24.721216786487226
23.4342620750936
20.384294363877085
16.058823300855977
11.008705702310099
5.794584799014045
0.9389830208286181
-3.115426264081362
-6.039479947606318
-7.643703742276658
-7.897039232592986
-6.932637532179546
-5.033581938435003
-2.5972802119300753
-0.08345757149957908
2.0476034738663347
3.3993194721754416
3.6965058625548064
2.826927925164624
0.859145159439827
-1.9671881147862884
-5.277324115279311
-8.617150479818072
-11.51878854471166
-13.565498763865762
-14.44617032604235
-13.991990131540947
-12.19204852086893
-9.189047583570867
-5.257910452435208
-0.7695676338554717
3.855640506699338
8.196544384039422
11.875101311664071
14.595125607234133
16.175011176319742
16.5677947175293
15.860761471010463
14.252841117500388
12.015366544588918
9.445342300894186
6.819216722330162
4.352978538340508
2.1739146345989453
0.3076684369680113
-1.3189128366735499
-2.8586709398788277
-4.506885801547351
-6.447983891674231
-8.796357488406484
-11.545064330513691
-14.533672537511281
-17.444215114695226
-19.832696566993796
-21.196336875251713
-21.06483068661499
-19.096636987825864
-15.161633104172736
-9.39439174144268
-2.205733818130884
5.753101506418872
13.669374105099124
20.67843028828242
25.987324289141128
28.992763077527876
29.372170889216445
27.13007679412681
22.59103399458184
16.34306466098964
9.146690885130988
1.8281516701740435
-4.826929133911908
-10.167413934488287
-13.750490451442497
-15.388751785330351
-15.162566212313793
-13.39437361488123
-10.590115733435603
-7.358208920662764
-4.318876520162955
-2.0164226059174686
-0.8427202946821744
-0.978278034955084
-2.361087158814415
-4.694292556612019
-7.495252550154518
-10.176396024532353
-12.141045305594243
-12.87676239920664
-12.03182564638041
-9.466019951841611
-5.27301365337898
0.22606658599594157
6.518327780568128
12.961700799939974
18.866365040359373
23.582464432864295
26.58062382832408
27.51383671265392
26.253140822579596
22.89501334159058
17.743148541497053
11.268044788011784
4.048637568437271
-3.295398992601172
-10.169922545424924
-16.063169279585242
-20.58821451751256
-23.508869439452376
-24.749702192447007
-24.390639018141936
-22.645127309450913
-19.822552604132664
-16.279223731301823
-12.365134756406771
-8.375256042848573
-4.513616775278584
-0.8768846239613327
2.537202087007409
5.795196676119608
8.974584216582464
12.107463954123693
15.13807470253896
17.9056932929204
20.15708498969245
21.58490459153731
21.882557206683853
20.804624003179534
18.223093886224703
14.170076996329254
8.858289783828676
2.6738900133733132
-3.8586601475493665
-10.135871379342982
-15.551003302285146
-19.57413516618292
-21.822789369930597
-22.112537779462574
-20.480807639705002
-17.180923869990032
-12.648706207471985
-7.447057303236663
-2.194234680452503
2.5163090260461605
6.192500883539998
8.502914593103034
9.308111047596606
8.661509708712552
6.786504920977004
4.04000024206761
0.8684685739639284
-2.2418946062153187
-4.817989414019018
-6.449664300057807
-6.832801086476901
-5.804721421787772
-3.368515752917498
0.29974196262071395
4.863867307558973
9.858063133893262
14.730097983142464
18.893699431219382
21.788078428803495
22.940101245742884
22.021863529353094
18.896711692140034
13.647775597030916
6.584537118232364
-1.774295153995182
-10.741535547314315
-19.523924617983347
-27.300620384032175
-33.30977053061013
-36.93308275916996
-37.76509960772323
-35.655466105420466
-30.720487559218775
-23.32699014925742
-14.053639314412928
-3.635485854841412
7.102233945606286
17.31539408939206
26.2122056831492
33.119420846533714
37.53895541161158
39.191100912845236
38.03962278954922
34.292112763491104
28.371335500026195
20.860065854007573
12.42747450842717
3.749715173413431
-4.55903763532202
-11.993188526162715
-18.178841946935254
-22.878592827827802
-25.983030538153784
-27.492980394587544
-27.495995953587315
-26.141097183094026
-23.616560111373307
-20.133445658626574
-15.91449028882458
-11.187788142479548
-6.184559143278032
-1.1382694781652898
3.718817094575437
8.164915003258894
12.003833519537627
15.080744375501133
17.292420240902853
18.590643303507598
18.980974541667937
18.51804730476812
17.296992596318884
15.441264384402169
13.089030594505537
10.380130723909618
7.443185512614063
4.383047847870692
1.2728666151378303
-1.8438182919533515
-4.939010576811623
-7.9771773574821605
-10.890504918234596
-13.561609295902558
-15.821053773462063
-17.463414408158258
-18.280080783234794
-18.099836290843445
-16.824481357032024
-14.450474213989256
-11.075898571513536
-6.896802378749104
-2.194300982140346
2.688966870278044
7.381241975243843
11.517709214112202
14.776160545876577
16.90930008379848
17.770250299434608
17.328993320622928
15.678837025973097
13.031335725871658
9.697643332641007
6.054941406869853
2.4983964880177565
-0.6159709336698216
-3.0269097473307944
-4.611282827151414
-5.406022342605593
-5.599452468857564
-5.48781537582671
-5.405934410324964
-5.6503690086767575
-6.411228520222256
-7.7222351568290835
-9.436207506545523
-11.233415118006917
-12.66723895940415
-13.243639997819951
-12.521489554851602
-10.213746777687305
-6.267422030905121
-0.9042554275809405
5.387681057297934
11.911355127284486
17.857506113980204
22.424272757459736
24.939988598048856
24.968797020925575
22.381237969602786
17.37849650958831
10.467884088126677
2.3957823443116846
-5.9494110051495825
-13.649586084241045
-19.870287043527398
-23.961100569157907
-25.52977093292868
-24.48130657161548
-21.019877947361316
-15.615834086135647
-8.942905800210058
-1.7928531553864937
5.023546643263691
10.777799771142954
14.913191441288326
17.109197505761916
17.31205719760955
15.727792603542767
12.778520364371007
9.027558416868288
5.083936121412133
1.5018764422384403
-1.3061826724675458
-3.1249028804521632
-3.947947399889092
-3.947946515007638
-3.418110045556529
-2.7018211918328023
-2.1233400621553966
-1.9293299502889896
-2.2481933535979763
-3.0731078035218444
-4.272642864535057
-5.6252452745989725
-6.865707910241389
-7.731716728335745
-8.004523475043245
-7.541650148867841
-6.299287119891702
-4.340912331047943
-1.8289843289374812
1.0004937957578088
3.8753304804572184
6.52756970399093
8.729066371481212
10.316067990783102
11.19854164047642
11.355561063190502
10.823245697143292
9.680944794409726
