Alpha
0.00019605880540141961
0.0018111003919614348
0.007651055093371239
0.019257839999184907
0.030587695402703535
0.026107199072178743
-0.008904058881619391
-0.07107296547802747
-0.13087616619699394
-0.1446306410415058
-0.08127288452614426
0.05174835796543503
0.19910904306895025
0.27565214174774255
0.21156913380533857
0.005117664416259385
-0.251277630017132
-0.39964851279576463
-0.2981393242102528
0.08449197171599863
0.6185767559111657
1.0432446701051874
1.0711771179058343
0.5290455498233442
-0.5261284481647196
-1.775822583048832
-2.7263840414128566
-2.89125191837894
-1.9988471411466593
-0.14093358943064388
2.2044421803193495
4.298989232438509
5.385129297020155
4.955613786711101
2.9508657266152265
-0.18704012631575476
-3.6236117403484482
-6.371907988372107
-7.587697390781686
-6.8255418828681735
-4.177924714751182
-0.26181213358408295
3.936638277341496
7.315480494378623
8.947400791167038
8.336395216645053
5.569077884078236
1.3105339117528316
-3.360348240411074
-7.233557905403379
-9.294095168839851
-9.002339603281202
-6.445655883676124
-2.313819456953768
2.2941957713272987
6.176272542831405
8.360678838052369
8.36985075950398
6.331643871534894
2.904609538366164
-0.9474446091535982
-4.244653163755263
-6.2489410454830905
-6.623083895684793
-5.462137021158728
-3.2070870803241913
-0.4848746828349457
2.065295092628946
3.929843765033813
4.799491252562145
4.590712134453493
3.426740609864037
1.5971430801392383
-0.49386748354968296
-2.393514569874165
-3.6864651786373255
-4.090915603806434
-3.535667856700866
-2.1844283895863175
-0.3909485256134828
1.4017439524229047
2.7837745348933165
3.4830052641814615
3.4176774646045205
2.683263119932854
1.4912008640618104
0.09604310281562793
-1.2593074150224342
-2.3713971139927046
-3.0853992112506163
-3.298509255544749
-2.965624937484205
-2.1091829315578967
-0.83003849655829
0.6870784252876266
2.182735896736613
3.3570444041931964
3.9317117935629877
3.7267496769235495
2.7267487204338083
1.1096814092296645
-0.7791816992597869
-2.5054229948185003
-3.6550490487507004
-3.9478773022168365
-3.3241813456889995
-1.9744161251611554
-0.29361610766663543
1.2351437366392437
2.197716670323075
2.394359527086896
1.9139651818606092
1.0936413079937284
0.3662648573059072
0.057968649873440116
0.23216109602961926
0.6594489634787996
0.9319238639247748
0.6702759014336149
-0.27085371100658673
-1.6926555248835584
-3.090470842452877
-3.8341810494234965
-3.426539111613189
-1.739622283521073
0.8704302829518459
3.6312968632382367
5.59812661481923
5.99291694641742
4.512355723481141
1.4797159115678424
-2.228306676074056
-5.460382290363086
-7.172454630699558
-6.774992564509406
-4.329795189901501
-0.5359820383301767
3.486974811650895
6.545926034232444
7.737858664510708
6.718155333589109
3.7948286468527925
-0.1732503153091216
-4.036777234933616
-6.69592294233267
-7.4228656570804485
-6.07348070628524
-3.1206366931799816
0.5062265610617986
3.7244143454953726
5.6425656635525225
5.82986528187869
4.418612936099636
2.0115978871056073
-0.5581073437845644
-2.5171767383525983
-3.388935968683314
-3.1056329130521516
-1.9750217245007962
-0.5299502666436426
0.6762188243845743
1.2548377269444868
1.0906328002961223
0.3503060954195352
-0.5992510059300197
-1.3287974335701338
-1.4932083193444032
-0.9436318996887543
0.22051270470994802
1.6696630139000768
2.929804405233918
3.518206935498838
3.09715419137602
1.605569961653243
-0.673377743069006
-3.1446316467326594
-5.047914172514184
-5.69281452426771
-4.709582847236141
-2.2180094509101296
1.1612369465327081
4.4683665626239195
6.691860888202266
7.091758493613394
5.453014899119431
2.1788211331476735
-1.815695150563649
-5.378758307727431
-7.4757317239799095
-7.505013417984607
-5.4737003804607935
-1.9790981839333541
1.990020224888458
5.357362551237894
7.2649583891215235
7.290209547457967
5.521772815176636
2.4880617151179822
-1.0205712330478043
-4.165267316310388
-6.248285043287039
-6.8504905166864445
-5.901539090801075
-3.672758144850086
-0.7004581023706627
2.338233663976899
4.773871833595869
6.091381917232569
6.040419198545464
4.677258235928085
2.3302954667838147
-0.48770469350169493
-3.1875710264321886
-5.209319225870659
-6.113065896063181
-5.652214549769889
-3.8335400343808987
-0.9585677166752768
2.381079324247923
5.386579547764641
7.22298119138191
7.249561256295897
5.244895156905909
1.5488123743838509
-2.944878339235292
-6.9792386806056665
-9.286182412202505
-9.00402719365355
-6.014413342327552
-1.0596084843818891
4.4313394272716815
8.774927096318763
10.587365882831126
9.263766501277852
5.20120736555926
-0.3238762348362128
-5.582637817392834
-8.970167287223047
-9.527218412235413
-7.232026443791542
-2.9726554455687735
1.782320212238054
5.499142809730981
7.100196280311731
6.304467713221169
3.6658673795267878
0.30671794169382993
-2.537044464066617
-3.9738858219770474
-3.7418801718589
-2.227094318650434
-0.23626505981005586
1.3626842638960275
1.9839511827838023
1.525789329424369
0.36627706963179324
-0.8365359185997501
-1.4556482109987665
-1.1831088896169932
-0.1664860685437481
1.06589315848553
1.8532066667075537
1.7106645079022467
0.5643717979294329
-1.1851973365482256
-2.798539702706393
-3.4828388109962223
-2.722595035834833
-0.5304352658758438
2.4839551472458345
5.27242437300992
6.7002103264116615
5.975797628940529
2.9980350741466038
-1.5242386753333972
-6.247053151484517
-9.615013957873627
-10.389717646670027
-8.096388864793965
-3.2276376439213235
2.875133221862541
8.431288435583529
11.787894069145498
11.951316659364483
8.899214401051761
3.5685467829081507
-2.4665979340393687
-7.508007112171081
-10.258606273400732
-10.184914108960482
-7.609424278600156
-3.528582269221467
0.7571674659160975
4.066650793027472
5.680231010231737
5.505518785488643
4.029013465733242
2.0789582560350937
0.4854347717724845
-0.23553908295321468
-0.053408003987981956
0.6121473438144205
1.110680213347146
0.8686084725542678
-0.3432852123744203
-2.2886479898171217
-4.334012095539397
-5.677716412190925
-5.654004629699838
-4.000349940623216
-0.9871214715683815
2.640195185806829
5.884797464917947
7.810338286414241
7.837884693846129
5.9297489099146805
2.5965973671432927
-1.272135696436908
-4.687182346349764
-6.844870190590214
-7.326708776274341
-6.163844109732344
-3.7693486961563543
-0.783539546426158
2.1049033155410006
4.310740190616294
5.451261788807226
5.38778802134806
4.2183155511805355
2.23912165182178
-0.10884097506818646
-2.3067408200569135
-3.847754068287409
-4.353773248382011
-3.6951009552161618
-2.061705335384733
0.06156636822413818
2.025131782308918
3.2143532530198518
3.253964378232541
2.1454506792573986
0.2817296657550761
-1.676775113072389
-3.0271609719048063
-3.2712776513453483
-2.297889066035485
-0.43275333407671907
1.6716785456451373
3.2776403180375273
3.8432332766512367
3.2238978871055117
1.7059381053897864
-0.13851913703231028
-1.7037612979000227
-2.5928922451076857
-2.742430438113794
-2.3808737381617817
-1.8564497562953772
-1.4311035567481936
-1.1457592723879888
-0.819440136163558
-0.17784262408823712
0.9537501824784562
2.4884222496825443
4.03234940771789
4.995699850852792
4.827284172526304
3.2746234078730856
0.5493737000323992
-2.6846816828767577
-5.506628123899765
-7.0444471000999425
-6.77813030122491
-4.729995067953825
-1.4725768648035045
2.052145506671085
4.840475121231243
6.153178765310893
5.743582798419373
3.9065371864759224
1.3384155814152996
-1.126571105579735
-2.798951287533848
-3.33753717755372
-2.814876761247394
-1.6383345294707876
-0.36741862072172465
0.5040311298090528
0.7238867195021635
0.35401651752977975
-0.28368693336895084
-0.7618829594585347
-0.7400435512560757
-0.11663237116051065
0.9209779958598966
1.9681246614704182
2.5642367968856234
2.3763444320775227
1.3328629501921299
-0.33719513822973624
-2.1661118772250183
-3.5868588788677354
-4.107802429447008
-3.4716110458241998
-1.7509331917269535
0.6501666437136389
3.0951630486057784
4.889971989004365
5.481827683353839
4.622755551415196
2.4536960062710684
-0.5125116822225028
-3.510373621006845
-5.720776724469579
-6.5026828416070925
-5.592091606565122
-3.2002575552261563
0.031649851247366224
3.2136895956583316
5.468240219845688
6.192654576144716
5.244937167397776
2.989865711587797
0.18021237801747453
-2.2969303455923678
-3.724839166146282
-3.800843600214756
-2.7236812367221894
-1.0896758107858255
0.36054616278645024
1.0441717907610906
0.7673142400712905
-0.20726878582666503
-1.2849616692743522
-1.8079564818676446
-1.353828030482904
0.06805364060334326
2.007497461890971
3.750877629611832
4.604240278922047
4.162252439185394
2.4581330659493745
-0.05411961605703387
-2.667007091750077
-4.664349524350217
-5.546967196860502
-5.159207006764939
-3.687138955260526
-1.5544195448287976
0.7272976380506476
2.6976255501925235
4.041247599608506
4.623101532279215
4.467762546067459
3.7005565303377552
2.4808696861603217
0.9582967739893937
-0.7333477782008991
-2.4495985016575386
-3.9978796901721037
-5.118574775015727
-5.511267419738553
-4.916483484203377
-3.234454753848898
-0.6309516237273964
2.4308097545685934
5.267763141963851
7.151754836381713
7.527261758170933
6.197434454286938
3.4091337172521037
-0.1988988850371756
-3.769148927194006
-6.460469999161994
-7.6697580915473385
-7.176600674423696
-5.177365326270999
-2.209884608732095
1.001583389009414
3.734593887003993
5.442373488679403
5.8773268826665435
5.138459211585269
3.621797912562493
1.8689704795705582
0.349443589591395
-0.7380386853658946
-1.538346044510116
-2.422650728515278
-3.713310844173735
-5.381894323939817
-6.891154048097285
-7.3047713057221815
-5.670321613929075
-1.5409533105548925
4.596774595850862
11.224407010695705
16.1452737059787
17.21885546065893
13.218956041869827
4.476412467730494
-6.97960681738545
-17.902252956451
-24.81871975670733
-25.205424820305637
-18.42086540372964
-6.042418152217689
8.538449317063494
21.145221391078284
28.12872606393628
27.518805294914692
19.62520920273846
6.890248027709029
-6.940066420503822
-18.024192130127823
-23.595442050503827
-22.715946094743078
-16.395556592025983
-7.077779001623482
2.292031737596696
9.266349955012034
12.606317822542357
12.470595580193581
10.060583132939733
6.919342987375918
4.2119950690122385
2.298639017973259
0.7598179093777567
-1.1788738373697092
-4.05464954819057
-7.704010675389629
-11.154739605902842
-12.938125891392652
-11.70414564216005
-6.890541922644949
0.8403242817540958
9.609889403182091
16.824356937223754
20.01803976900542
17.74460281855701
10.187909189494153
-0.7523168756986733
-11.968347043181815
-20.098001644063753
-22.606532805445248
-18.628692305807643
-9.282111725000968
2.6611842743049707
13.64253275201799
20.438064133412464
21.16107761539614
15.813718871548508
6.217969144501313
-4.62506091369152
-13.512362291258011
-18.0225513746185
-17.19125615736614
-11.684845355392946
-3.4599701242509857
4.935363778129869
11.16624693527275
13.76417771997759
12.450232540038238
8.07063266874877
2.2091022759789753
-3.3700750423965524
-7.257105231535728
-8.744007591480734
-7.899828175732857
-5.394951699277863
-2.180670771730108
0.8390983785973961
3.0364018653069893
4.144631862309495
4.21769195879955
3.5145327713658667
2.3686004120091337
1.0882266028972507
-0.09381402444686812
-1.0293746801669679
-1.6408866815172982
-1.9019290058435214
-1.8266947884659035
-1.4723296497291907
-0.9431532104895003
-0.37950602977112746
0.07786573084764792
0.338165026978786
0.3995541064638678
0.3543562725847101
0.3550701884658333
0.5462605734130581
0.9782033760612715
1.5392171869450035
1.9526017459625902
1.8627487613815947
0.9952202964856451
-0.6657268223280915
-2.767391858484829
-4.625653583012283
-5.432359629223596
-4.572744748849756
-1.9280637299344219
1.970933409994665
6.026083722652716
8.888396122933354
9.412720835267187
7.091132820833715
2.302688959131118
-3.7257332835102766
-9.256758345604455
-12.581547911995012
-12.58178635413654
-9.11356535792464
-3.0713926129751767
3.8895582486113227
9.869222820603822
13.294072469516491
13.356349531128048
10.194028182546656
4.780877482493593
-1.4087921254515505
-6.835651663997917
-10.297135659395803
-11.193370332361155
-9.605573739086068
-6.189522883706716
-1.934910234041022
2.126863699841432
5.177278195422468
6.761225711870536
6.813452595905796
5.588960929964557
3.547554156543639
1.2316975260408332
-0.84577591958644
-2.298228027905203
-2.936156472410978
-2.7951175432108037
-2.105213790245676
-1.2054120692520809
-0.4306843822381499
-0.010185376009629958
-0.007306617914888049
-0.3192099798592383
-0.7358278708196262
-1.033944091957144
-1.0636061360191034
-0.7871631962487832
-0.25645119708781217
0.45009613283974503
1.2818072966395495
2.217258647110164
3.205409074062456
4.084998700888449
4.546232270177022
4.186045484362045
2.661705429545495
-0.10956413491469169
-3.7939333621664812
-7.612049928848062
-10.48249726171926
-11.323554104444792
-9.432567328991983
-4.809537980963024
1.7112601269437129
8.600268871045945
14.02729301270099
16.400668708573626
14.876569654568657
9.662117657610215
1.9995227607175694
-6.172435845597703
-12.771230658208859
-16.16247374390864
-15.61100260324859
-11.457890655533406
-4.975733718781276
2.042242505743934
7.820092979218446
11.090944079946206
11.395240746041983
9.112787189023395
5.24782607918128
1.0584544265687628
-2.3439092753263964
-4.3000571230776234
-4.722721573633839
-4.008191024977135
-2.7978167291811524
-1.6968228612442768
-1.0572235452424545
-0.895230773318992
-0.957791245611259
-0.8926901000912053
-0.43816054077929145
0.44948399768435926
1.5755405641809581
2.5914146885761267
3.1411068591657623
3.008046330172693
2.206057563635969
0.9792607015062053
-0.2923577751740722
-1.244585403486091
-1.6711450173124924
-1.5939479953256752
-1.233793443887645
-0.8971827210092976
-0.8296478960260659
-1.0998638593786005
-1.563732943221848
-1.9207365033434625
-1.83631930499007
-1.0820825542756776
0.35432679199254147
2.223949913762796
4.053573847294676
5.26429872130979
5.347667910359228
4.051376194442052
1.5106657723036732
-1.733363893965479
-4.853610674902616
-6.970034526369499
-7.4261847334036855
-6.0147194986447605
-3.066351227266546
0.6363107753112492
4.094139684273249
6.396970109624691
6.995201064147289
5.846816305149176
3.3963590393053593
0.4024305319533026
-2.317874182827936
-4.132608972476613
-4.74520115943271
-4.217389471125688
-2.8828396477738134
-1.2002983775452634
0.3968978426291898
1.606540875018836
2.2942723433847116
2.4696117571927965
2.229456830178532
1.6966510279651275
0.9753706093525587
0.1409178447243218
-0.7328831821539175
-1.5316211601236467
-2.0830106456163553
-2.1922521392618375
-1.725218858084032
-0.702665782514695
0.646742680780086
1.9178755921151365
2.6534331303057144
2.5213256622776647
1.4711535008889345
-0.20254437823875368
-1.9277514069563488
-3.042403894413806
-3.0445554063841826
-1.8143827737632023
0.2866522827740811
2.498860600040889
3.923136043236981
3.871923407381075
2.1736986093107094
-0.7026433124505929
-3.7675997451710583
-5.842459658647713
-5.98875558088406
-3.882405967276274
0.008710554898917927
4.52137466369266
8.14907321499522
9.539104562086937
7.971499282619465
3.655112106398193
-2.272649275551755
-8.061366837881936
-11.88906732737475
-12.456490579136267
-9.431559826316255
-3.585215799405075
3.431864619929386
9.596130212301642
13.134364358317509
13.063867012638584
9.480523545589776
3.507328596443662
-3.076206021478114
-8.402414971740548
-11.095808242098004
-10.671155261377027
-7.614218637555504
-3.128378318452612
1.3404596390641381
4.611370002661805
6.119973436972595
5.994434838642282
4.851113892497246
3.4231771968155225
2.2011642428991953
1.2482130826276312
0.26439452378721834
-1.1451462340363896
-3.1400242652387735
-5.424940110521048
-7.263613724881758
-7.739974280011975
-6.163345168031375
-2.443436786432288
2.7368888571625423
8.045182890281176
11.890087183431756
12.941988459296018
10.59959623284304
5.238429960942209
-1.8501637996891862
-8.817433180214742
-13.797252665821393
-15.44717106718156
-13.318415069959796
-7.957609974934423
-0.7343687334911555
6.540820963096574
12.098151830385873
14.6596865313578
13.744655200365486
9.755074888286162
3.825279615718244
-2.514521361447465
-7.753982890382007
-10.775697533418484
-11.095779096642953
-8.931258132651589
-5.092229880816084
-0.7285923558630791
3.003613513357812
5.264944283023891
5.751598611779786
4.741120811635544
2.94362837458113
1.2093066363615723
0.20389489207129113
0.17369602599289685
0.8806729507194934
1.7218243875887533
1.9804371792628352
1.1172088211809448
-0.9925505734571983
-3.9493935331104866
-6.892177699330214
-8.73403626919532
-8.517150728533137
-5.777850363419008
-0.7919689614855416
5.399168937772944
11.211984216549466
14.943339217064949
15.275965598268986
11.713936361658478
4.805690611200162
-3.9297040320583068
-12.366966426338191
-18.33241988898413
-20.197841552322817
-17.33899928846583
-10.323351858285035
-0.7719576437676144
9.060972852919928
16.868472096987364
20.870325860133125
20.238052494415438
15.260359968635003
7.218471789770427
-1.980328635645146
-10.299562338864119
-16.060615274226798
-18.29242485012121
-16.86524178512371
-12.402175562051102
-6.031806326861279
0.9191025860213803
7.203549640733813
11.85089025353164
14.265019890674125
14.231352289324024
11.86596892547301
7.559104998906228
1.9477007595764293
-4.096258448417279
-9.513915801294454
-13.197872408143056
-14.232862846353576
-12.184940575182173
-7.33181598085134
-0.7176407029227885
6.0381703155809285
11.15917996029631
13.242487044797908
11.724721330219108
7.106851372428851
0.8337752527296267
-5.1542382462253915
-9.057508847378385
-9.817182976615822
-7.455652397648516
-3.0272107482272954
1.8000193261934647
5.36626561909194
6.604264247637431
5.367226873766452
2.3946642421046374
-1.0425828242539812
-3.6555824918443536
-4.602642355833946
-3.7448143373487466
-1.6224968225553167
0.8155536734231692
2.6136351785814393
3.178318513450722
2.4712966762385262
0.9607716079017465
-0.627969251539189
-1.6394203238347183
-1.7471747302801321
-1.0459940993814645
0.03929947019782592
0.9678441019132348
1.320619610530427
0.9646210294269261
0.0839386048412886
-0.9197618708300344
-1.6028250754116116
-1.6590949662499987
-1.0404172463125843
0.023882293145747115
1.1184063912603965
1.8101260248159272
1.8240409808657798
1.152831556557377
0.058173907570052696
-1.0328312404142088
-1.6927062867171194
-1.656953891065432
-0.9272555543927258
0.22232429683898858
1.3423566561713034
1.9777103369426192
1.8462554117425438
0.9542569685114243
-0.39847948754447193
-1.7252906367554062
-2.530342489868233
-2.49224798864857
-1.587511889077272
-0.10652356143911416
1.4492758563648136
2.551265779565772
2.832656070542116
2.2093441032729886
0.8971615828657616
-0.6684199689355341
-1.9771421184889213
-2.6072963374430977
-2.3587201798490613
-1.3162231264008017
0.17413334340988168
1.6097084105523447
2.49051696111729
2.487351772333042
1.562744026079933
-0.0004529694472000933
-1.6793592942599025
-2.880730882925587
-3.146742701774344
-2.3248162769094973
-0.636220718749886
1.3866420425958605
3.0737260853171997
3.842393276981592
3.40143314414255
1.865208435950775
-0.27000428645284735
-2.290599156765868
-3.5185970558307553
-3.5605028422385225
-2.4550051501102415
-0.6580090858261185
1.1336376287605259
2.2537677817551707
2.3283613006951405
1.4234028351716534
0.017248087602799028
-1.1989669213971303
-1.6194154524822737
-0.9974874283583136
0.42719974783608755
2.0120633378641286
2.9756079312914303
2.7342421628679614
1.1730092551883706
-1.2655152067538828
-3.719112769950211
-5.220525460807809
-5.066419956839419
-3.1026142791160476
0.17818878709068822
3.7666582275961416
6.459225906793181
7.267967108729642
5.777677450343605
2.323107039201971
-2.082337791761356
-6.053434135507116
-8.283108160197417
-7.987059070517162
-5.185073686017929
-0.7134244888727954
4.040357146456622
7.589746197065473
8.832768020259557
7.402466180951968
3.772060635168287
-0.9108639241435862
-5.202048254655643
-7.8254297923658225
-8.068855542330487
-5.979306677033941
-2.303668312186664
1.7876846465741694
5.088223539693475
6.720281016849168
6.366354005094606
4.311401619839683
1.303218902647871
-1.7115042652578067
-3.886920895633262
-4.721244602865753
-4.174054669025082
-2.626966826121059
-0.7063310635691963
0.9592558369440584
1.946648765170567
2.138530543941014
1.7022020038848262
0.9783233065645676
0.33230118075511234
0.021889805621601664
0.11840138100879302
0.4963247241992965
0.8872760450710233
0.981329005447397
0.5498546373563156
-0.44528557432090254
-1.7955254644320198
-3.0711685123027133
-3.738675412632577
-3.3542617964512065
-1.7769672700444172
0.6936424485890459
3.344193640021877
5.265743184739043
5.69594642884509
4.342720200269981
1.545295239709378
-1.8032688932737142
-4.555945038797792
-5.731750458657899
-4.896984890002532
-2.353061327905676
0.9533218451680969
3.7748064891254107
5.036718366134596
4.254613192199016
1.7264941610141358
-1.5808719940400509
-4.404586340435249
-5.665257125409323
-4.866326894082606
-2.265553383958891
1.2364204104530585
4.4373779609558905
6.270687142057133
6.176150219384724
4.271020578028142
1.2657410541272065
-1.829722489657882
-4.084274435908579
-4.961542617007716
-4.459839345839914
-3.0352390278759915
-1.3549886874939772
0.001420293827106922
0.7610980700737137
1.0121923352959044
1.089321624503889
1.3536347681924459
1.9674389812758617
2.76869696212727
3.317520696835338
3.1072856857608007
1.8428524319848885
-0.3512180514156675
-2.8987327320680705
-4.946921698145171
-5.689871639330546
-4.710321769564216
-2.1917661497060816
1.098407067647396
4.06157116783518
5.667003579388681
5.343734122198567
3.2059911642426786
0.017714943830775425
-3.0890891129400884
-5.027463842228366
-5.140873024055122
-3.423588435846486
-0.5066266801860831
2.576995240060305
4.759895753862414
5.309790213626853
4.073125653835925
1.5129479295630015
-1.46682174732848
-3.8467459211456627
-4.851584097731167
-4.21358018440566
-2.243552880518427
0.30508211797748735
2.511892642838718
3.6009573490272055
3.194809411749951
1.4436567823133597
-1.0083714735704516
-3.219397929405511
-4.258520454363442
-3.5365363204687643
-1.05286270111041
2.535376780060496
6.071060621109732
8.249910540200949
8.05614922092489
5.13614913448269
-0.011923611525318225
-6.101603385561158
-11.37739530940379
-14.117601659046576
-13.181902654125622
-8.432401280738862
-0.8756293837917084
7.5514421666567255
14.51088082549131
17.95520820176426
16.76559184149719
11.127902584161387
2.5137327845174227
-6.735198453945311
-14.087268639314788
-17.555463395371806
-16.269099217165387
-10.719129371184607
-2.6082220340398923
5.654445431483765
11.67604980644762
13.810898961330185
11.665078678467278
6.197045614297188
-0.6264540044213678
-6.498995564781892
-9.537604429051322
-8.888032467295202
-4.978934281774595
0.6541658729491211
5.915661172951123
8.881060349978792
8.459620142713776
4.762375500703061
-0.9454619120443148
-6.687632595207412
-10.459200865461403
-10.909522986090433
-7.7951099133709585
-2.0580473804407386
4.490164089751805
9.772889006430649
12.138519632563282
10.90187768228481
6.548798658728058
0.5323362355759431
-5.25904141059219
-9.153646902812829
-10.222214606871361
-8.497840884904088
-4.843860106901504
-0.5565757664988005
3.1232589880329997
5.399935139874862
6.080290625458543
5.474102997604406
4.123955124481137
2.5143883176065147
0.8978491452163955
-0.6995130093251519
-2.3270145933964606
-3.921468216715986
-5.200214294261399
-5.7038454017575715
-4.982470454348912
-2.846571968883711
0.44141676327869206
4.144217987656035
7.23040798426745
8.700136404211777
7.9333834587142755
4.931988469016455
0.3698560586706346
-4.572362711514426
-8.545335745361944
-10.434755540177113
-9.693062991040266
-6.490736764337955
-1.6498088168362062
3.6033508362815296
7.97876829742248
10.453522453319012
10.503905022122535
8.19090795988847
4.09993455348854
-0.8288570297276476
-5.526612249826398
-9.020881580079871
-10.612816119091638
-9.985307072848848
-7.246038509599191
-2.915656105695552
2.1415491440253693
6.8573770532381735
10.170228473564142
11.274656541497025
9.84483259565936
6.153469930343181
1.0329525838657692
-4.319260781877293
-8.637546093105373
-10.907311520390397
-10.622957799539009
-7.916664503501225
-3.5209333454263394
1.4314456890462963
5.720072903756422
8.371513245131654
8.910567379949025
7.449620627955068
4.596344046156959
1.2240647601231045
-1.808340650721527
-3.89352065154265
-4.801988179684028
-4.671349062386699
-3.8766982618518457
-2.841667094302281
-1.870031179366015
-1.0617065230611127
-0.33317738995142704
0.483459185666754
1.514464108122446
2.742275795749017
3.9617484395301483
4.811788873876038
4.881566920692123
3.8666139932182553
1.7245159271965969
-1.2321601708129646
-4.3563768273874945
-6.816594158882476
-7.842252304997027
-6.985179005052821
-4.301185744428474
-0.37889808565795363
3.803356026042712
7.147857862111732
8.747636693834705
8.143378781900239
5.455558121044
1.3591012883933953
-3.0870947117094953
-6.71144565775787
-8.539244025154751
-8.06322149189102
-5.397326901288842
-1.2633982564473167
3.1938176758997767
6.719455006288456
8.304785167415956
7.48410071782777
4.48324455725822
0.17095808297397072
-4.182974392540554
-7.2817079863414635
-8.197166239808894
-6.660463660074533
-3.149742053886566
1.2568514160655275
5.219352935200929
7.556983736078841
7.613717301456421
5.44953955400152
1.7988785994174885
-2.1848063959976463
-5.309341595020987
-6.719814035608661
-6.145521218170868
-3.9402579362219017
-0.9108180962439945
1.9932251195596842
4.0007480803639375
4.728124778495781
4.218477387781812
2.8345121844089167
1.0778863921098878
-0.5864475354073424
-1.847026338368744
-2.581712056555995
-2.8174941881999844
-2.645060482812193
-2.1390141260899567
-1.3295131769962378
-0.237085462718211
1.05775480574442
2.3589286433375563
3.3550759845712532
3.6928900721079247
3.1088970303157484
1.5711633662149966
-0.637478280490076
-2.947759928557702
-4.651394235121343
-5.127124834658731
-4.0737183094852885
-1.6664935849794207
1.4366660715744353
4.272342139805907
5.88840907410935
5.6849412477189745
3.6458114043685006
0.37232202788394847
-3.0954402516469544
-5.612425109322496
-6.3121986798060385
-4.916321971261991
-1.8569764230508425
1.8486333819937577
4.94256562488685
6.366570486405371
5.6334437739735135
2.9937707166965413
-0.6552856588637401
-4.079783711495418
-6.129205820225409
-6.1268084249531425
-4.097228650086664
-0.7489571934652247
2.783057314130683
5.3367716892412425
6.115126063495461
4.934475588729349
2.255146967112064
-1.000994341851556
-3.7732743492542213
-5.213380941434464
-4.949900169816247
-3.1835451127686984
-0.5882104699673948
1.9421846632573498
3.608694487146832
3.9705793407117342
3.0645700809549425
1.3450293086674854
-0.5197273251991753
-1.9052483315400188
-2.4408593757040684
-2.1019873414313226
-1.168409363388372
-0.08030929571533424
0.7449101922483236
1.0629764207585253
0.8647659606592909
0.33628079291617563
-0.2484721554474892
-0.6423353288462076
-0.7006771506870416
-0.4032387420776487
0.16415253247543976
0.8430742282772289
1.4347931625190609
1.733685509563134
1.5725964538748816
0.8784417110637461
-0.27982408098381717
-1.6697668937587895
-2.9157711471478196
-3.57758423085018
-3.2900937611424226
-1.9285391241410654
0.273904547275904
2.731150458774951
4.660828454391732
5.347543154970233
4.413302629032713
1.9916371724476707
-1.2638680098364683
-4.354054424846403
-6.24736902723058
-6.23269954260034
-4.190380648528688
-0.6786571167326686
3.2137258394379558
6.2192381394100975
7.332775573858776
6.1750471652012004
3.129544782761328
-0.8040020757440246
-4.37695764138499
-6.53054619197937
-6.74035372207821
-5.148156910926283
-2.445661411552754
0.4302905562799599
2.656648077260263
3.7902437875286292
3.85108178532769
3.217461724619757
2.396948515128754
1.7764469795343243
1.4571354491165052
1.2402162515121724
0.7614619125058466
-0.29073051075056866
-1.9705421789053674
-3.9720986403647167
-5.678975559859652
-6.3617231883636025
-5.463773148480681
-2.8714678554664483
0.9483816407914882
5.021386406593652
8.146635488253715
9.295968612063566
7.9856803231851865
4.478739488527133
-0.2633682011586657
-4.872038423647204
-8.013120099424247
-8.825297621562825
-7.195576392834998
-3.7716531601004517
0.28897364839465167
3.735613388684641
5.648818342766713
5.713767477970079
4.24733026818825
1.9892478677348044
-0.23242047470335728
-1.807914015481533
-2.504276058308794
-2.4400141521465253
-1.923809029896045
-1.2549825090934228
-0.590366259591307
0.06216979932703493
0.7450834630301977
1.4308432643444753
1.962394255527482
2.091690189652532
1.6008378874840576
0.4470460636278713
-1.1464053185110057
-2.7113560710762825
-3.675935089193954
-3.5781510159654344
-2.2686527506388043
-0.016497507561726285
2.5376785274019635
4.579562118900098
5.402713269213765
4.6645820623871606
2.5172324214121202
-0.4329935961254626
-3.318162081518818
-5.288225654257796
-5.7867119439080765
-4.72732885622141
-2.503490746230868
0.17350501467817364
2.53965286867482
4.037675860112187
4.468888199676008
3.984121710614973
2.932318146846185
1.6533983871691702
0.3292306489324923
-1.0302126733517476
-2.470197758305052
-3.9245807283544547
-5.107127386248816
-5.538823026381738
-4.722709079959061
-2.4053623672937374
1.1898522634880928
5.284336457169245
8.697605443504427
10.211607450847108
9.023158166679995
5.104013855268078
-0.6885502998719931
-6.809548853288414
-11.476039179862001
-13.22935817547436
-11.427667713156366
-6.492686801523551
0.19304591502181648
6.717337178057599
11.251381647487142
12.627583998247284
10.679058091233149
6.2287792565043265
0.7495388833850727
-4.161974554213038
-7.296425627821897
-8.154256248507226
-6.991348659162988
-4.607621247270122
-1.9861668520406472
0.07430072275490374
1.209363741156942
1.5463611694818646
1.5599290363813394
1.7888599804141025
2.5367530682788706
3.6920908075082246
4.751937667063889
5.038727337226427
4.012069464677582
1.539597093964238
-1.9840177889781443
-5.7111317657219045
-8.576720068040014
-9.61946929818783
-8.294773171892281
-4.685129447290705
0.46326332797663267
5.897834084505007
10.174691961709254
12.054659207772543
10.876677220149677
6.794673862137242
0.7892368155195723
-5.570644203068738
-10.558893665412823
-12.789689444519183
-11.627138608527936
-7.38244941720363
-1.2355321289535035
5.106374606441691
9.915162307855223
11.949631124702824
10.796827212615087
6.94348580611433
1.5748090179052832
-3.810972185991019
-7.838431341590296
-9.61256691521562
-8.908023258863691
-6.156187321043764
-2.2569580780136405
1.711137665865025
4.789737752808108
6.367193218054749
6.283609447911568
4.805113159641616
2.4966604173823406
0.043585498043331505
-1.9317507033820502
-3.0224288648204287
-3.1265224360115695
-2.447394239101832
-1.3967846205858334
-0.4268891231686051
0.14344034676486625
0.2315149599657037
-0.018413892554618696
-0.3381684997248082
-0.4728661490482489
-0.2874759929102364
0.19730405463282033
0.8400462795604303
1.4522429493862399
1.8713110388444063
2.0056802259341606
1.839298106048762
1.3998699331162667
0.7160889877955554
-0.2013349322059132
-1.3340660657645353
-2.595554198822087
-3.7742801252711833
-4.529042960832371
-4.464693676937723
-3.277871989981245
-0.9248197133469219
2.259293529208677
5.559485169595812
8.033939733239729
8.792174824118801
7.30936153396037
3.664099607796777
-1.3953664567085715
-6.601489333068097
-10.507581169194369
-11.918970989189638
-10.27448606111508
-5.849521026450526
0.28592957760465515
6.541653141884392
11.2371071326253
13.071277402339739
11.504747154141063
6.940329593666565
0.6318485358507243
-5.672957427993103
-10.255871452810034
-11.948566022631706
-10.470788380859506
-6.4684141851590775
-1.2463066198706128
3.6916813188462747
7.116843507584352
8.399346001881316
7.594504516581088
5.299616436114973
2.3655874485142685
-0.4138033401666269
-2.5220412236013097
-3.787563180852912
-4.3043072993502545
-4.269552156287402
-3.832463530102884
-3.0286002389852342
-1.820370811576126
-0.2057189468678042
1.6743193929438915
3.4956753612219766
4.8118795768708695
5.197780548268296
4.41669050730345
2.538985925878535
-0.040034441788426446
-2.694707913605536
-4.743795321087449
-5.646015798259502
-5.1549812897981715
-3.389931538398493
-0.8057742554941759
1.927769074818904
4.106536703917826
5.182361068076635
4.9077960820947375
3.3942147931159345
1.070507165217528
-1.4418640669563108
-3.4987253499519326
-4.598330505199531
-4.498561514127544
-3.2623660693353522
-1.228477586124546
1.0804134833696262
3.0884649526663486
4.305252928533214
4.441297200919255
3.4745827899333417
1.6497738718071064
-0.5894937611219979
-2.7107001206153716
-4.211530323654373
-4.72535336764185
-4.102834295009546
-2.4583957240269863
-0.16283106925308835
2.2314410801321136
4.123824470924383
5.02353221174339
4.684608780058942
3.177912726750146
0.8815714833961752
-1.609341347830208
-3.63887809623615
-4.678379552571626
-4.49088597758178
-3.206391629911544
-1.2671332421660653
0.7394515264084721
2.287608579807297
3.0738179245103976
3.0743424484881308
2.4929591346846154
1.6357096691609931
0.7722333450148456
0.043132656715755
-0.5520500422826471
-1.0930752093951266
-1.6435862831246095
-2.1730670552208022
-2.5364507564154497
-2.5225015748507165
-1.949769331835891
-0.770929882980346
0.8568889274391923
2.5701256303808924
3.8795913577267385
4.3200808999175635
3.6243847536053386
1.8573692852996033
-0.5504955540179698
-2.9021726826284784
-4.449477730534027
-4.655753893417664
-3.4083359043443315
-1.0952427592149279
1.4966007245866229
3.4421432087861823
4.013715941634912
2.969076695641036
0.6779027157042766
-1.9769506139551358
-3.9085555014538778
-4.243753129964992
-2.6875367959502308
0.32142082354808477
3.7363234660135136
6.265485223791234
6.84017163207033
5.019306490306517
1.1851387541278102
-3.5451776139981743
-7.666239720701498
-9.773104040010043
-9.034396195211794
-5.499711518655139
-0.13165970944427036
5.470244176723403
9.579650947383609
10.918100212031748
9.087910909449247
4.701558911246303
-0.8373452249151995
-5.8129717021388645
-8.761752481320688
-8.931837564031754
-6.489668539504523
-2.4130032388164837
1.881305175094701
5.033041098907561
6.17765550571364
5.182817831628997
2.6226891939793093
-0.47654628736089083
-3.016893418772582
-4.19865547016521
-3.756226802123413
-1.990330000194432
0.3939060639178923
2.564306123880073
3.844460488825102
3.9055972228788707
2.816839213096099
0.9621455085425263
-1.1204002514912124
-2.906677814728255
-4.00723747374438
-4.217443920586763
-3.5113506439735214
-2.017061652289196
-0.0013380722510007398
2.1421326639768674
3.9329960490724165
4.900178000709537
4.721175950099144
3.3498869464725742
1.070839464640998
-1.5527334333113632
-3.827260719311126
-5.12841415000417
-5.088854443932406
-3.7139255576869328
-1.3852646133083413
1.2526245560876466
3.4858184087788437
4.738176314317763
4.7253280893328
3.5129211093371984
1.471306408383385
-0.8474437331973437
-2.8620765540619635
-4.098399205285601
-4.286217627492677
-3.4123699813680823
-1.7249248372248747
0.3215703889340762
2.1802948461944918
3.362029617613477
3.576643354485496
2.8207551709319127
1.3819981217361919
-0.24591147175168093
-1.51909475520252
-2.030118691894761
-1.6640706077299987
-0.6562458329244082
0.48743615293594333
1.1879170793230758
1.0352685086745728
-0.021114848980527526
-1.616874108524004
-3.085452371977297
-3.7081834244063923
-3.011027002451627
-0.9857116257124996
1.8636119689967021
4.6713084132521505
6.50087264971129
6.669892003223003
4.993511579459681
1.857329525228324
-1.9063740843452783
-5.28986028320029
-7.424501858353019
-7.824018077232092
-6.481217613325494
-3.8090649689159997
-0.47379103594911937
2.8044251948220142
5.413876946679835
6.940450394813194
7.188013820853358
6.162475185258886
4.050032244176338
1.195462306045304
-1.929727555344431
-4.777138600899969
-6.795090814987932
-7.529761218033385
-6.742579143381263
-4.511462734727437
-1.2698813194726901
2.2574171301619232
5.229314585803
6.927886744619318
6.97625836868166
5.449732578833869
2.840402080207778
-0.10565348191265894
-2.6193696781650226
-4.132528747524634
-4.425015313685851
-3.6565370656114866
-2.2826827376320216
-0.8830646640299419
0.048962294753409706
0.2863666292386081
-0.04973411832917231
-0.5443961679999304
-0.6687594470446746
-0.023905781704163475
1.4482553490379158
3.380989649852398
5.072809121984299
5.730496805611312
4.7833289458500925
2.1525660449622945
-1.6367549844859461
-5.5678650678360775
-8.448440485561347
-9.319087621957108
-7.795676358148808
-4.213082852633509
0.4805643643193939
5.03213621331514
8.275359045125644
9.469300477578072
8.477106898611384
5.738449328401701
2.0646819283164355
-1.6485270503054636
-4.6749407368340234
-6.593105891853894
-7.2822801974194435
-6.82429777841052
-5.392128477670163
-3.189822479444711
-0.45787165399810653
2.48769262389116
5.230172116011309
7.276583996796701
8.140766077126623
7.468484656943228
5.171130791105484
1.5261707313239445
-2.8016049412592294
-6.8561292777936504
-9.607341724365572
-10.239528289571588
-8.418877062404503
-4.445114236214639
0.7752100808599709
5.942356186165522
9.710801200261848
11.06822831218995
9.631076689502795
5.767765840092672
0.5090813768458107
-4.736447157112047
-8.584489333839555
-10.073339678319908
-8.931291274393987
-5.6250616589703775
-1.1800370661492723
3.1540579758051845
6.273129232812156
7.509157789548253
6.766192548721703
4.484989608325275
1.4682829537059374
-1.376959285731091
-3.311131446520489
-3.969352007834056
-3.4379365963120447
-2.174795076648235
-0.8054956146323787
0.12635519476089127
0.3598392314114508
-0.0060765668143446675
-0.5873657067089582
-0.9103537372357604
-0.6405218070757593
0.2625124741838058
1.5319632668643774
2.7148565646874445
3.3606249324221484
3.195817006003485
2.2175112254815432
0.6738657095016549
-1.0448214475819615
-2.540406590954663
-3.5090143341821967
-3.7915976341290545
-3.3822957387556087
-2.4078177283201323
-1.0865574826041062
0.3205894420362694
1.5542648591796722
2.396765205755273
2.7219271184012435
2.549593398978601
2.0645739356835837
1.5577771919304202
1.2924474453737158
1.3529422927316452
1.5553542687129496
1.4803421107193784
0.6408630352024322
-1.2631193074001907
-4.102218314086896
-7.205877355060296
-9.471293394212786
-9.702826157338102
-7.0845161313570015
-1.6089818785632768
5.722837683543091
13.048778152999786
18.134463085174158
19.06913971592755
14.946656577453828
6.292126499085524
-4.943245476212009
-15.858192685881873
-23.420528486633234
-25.377080716844493
-20.961922378728207
-11.167843449363312
1.5118800366376919
13.790169463808175
22.52169354418212
25.58572981556724
22.45348017464694
14.268178160801332
3.4205789942590314
-7.222822960186659
-15.167068206056383
-18.934648232825545
-18.322631104786634
-14.232840397612685
-8.196165186000403
-1.806717141757555
3.725601230686595
7.775447634430038
10.238095022754965
11.291059593469088
11.128733322630177
9.803678094018261
7.242282789177005
3.414609634321808
-1.4399851246259445
-6.664796761606475
-11.222241611860035
-13.940079982060345
-13.890032656812254
-10.752770496139428
-5.019411780875256
2.0651923138663846
8.81417288993266
13.560989857074599
15.120861787817553
13.117361033207795
8.088496766103656
1.3445031125219369
-5.3880732742893045
-10.440883668509635
-12.656580193811998
-11.68047619557393
-8.00976511365964
-2.797684667301684
2.5190126647870317
6.641291228293836
8.732290417426919
8.553523727615557
6.413065122150994
2.9945344421556586
-0.8459310411935995
-4.251473338090133
-6.48731445624492
-7.037578003591316
-5.704823584226264
-2.7028299968422567
1.309465574151598
5.3075434121725245
8.116103585178111
8.733292941290316
6.680456437452083
2.248533401817365
-3.477689525943765
-8.866527581300712
-12.208900823823155
-12.269918075254802
-8.733624848701398
-2.3764253108465097
5.107292607597654
11.58845614599758
15.149839374666643
14.687463682082491
10.268499073646016
3.127058549186061
-4.705403674272011
-11.024093852573525
-14.13138542667077
-13.347522825957611
-9.180520465216372
-3.105340814108794
2.9622746501274317
7.308286717212768
8.953205943214897
7.895898650902255
4.997887642605984
1.5698102380479404
-1.1644852295467056
-2.5060073314889637
-2.4530159530648716
-1.563453421572465
-0.6011515738892497
-0.14854326333405204
-0.3626051815478501
-0.9622946621904996
-1.424631936468123
-1.2837327680857964
-0.39402120038250044
0.9614867141934127
2.172228680648521
2.573004312305925
1.768650735974756
-0.1380512048935348
-2.522535344698594
-4.441561100633846
-4.9951536541295765
-3.7070841436991433
-0.7602462549508975
3.020896107051756
6.433676764776732
8.300385324532655
7.869927266296464
5.088263706910511
0.6468734449437247
-4.212527781664533
-8.077437143148325
-9.809110351487636
-8.90914387610061
-5.681136309459558
-1.1253993227572607
3.3980111877467456
6.618239090737013
7.757373173010207
6.749119804785759
4.198974398476544
1.109049595670227
-1.5169278814462093
-3.025236257549324
-3.283754426616868
-2.6277346715388576
-1.634475149602851
-0.8407449449530239
-0.5226517020472815
-0.6192419718362765
-0.8143907669087397
-0.7260997973332982
-0.116396035300286
0.9659193351659775
2.171285516924778
2.9780785783146646
2.9184289145013698
1.8080763236048365
-0.12265283257351335
-2.2647087936073858
-3.834516006602753
-4.173653498612589
-3.0223037910819555
-0.6522122283210078
2.1960655203528643
4.553456839637134
5.559467612013466
4.773648250240376
2.3421674016298564
-1.039706954541425
-4.34744862080588
-6.55088811171442
-6.939232268133664
-5.346773357555172
-2.2068903383341993
1.5850923065792615
4.956415480156167
6.991758925304849
7.200794843808947
5.629544822155766
2.795125206303507
-0.5080893041075486
-3.449602832214384
-5.3755890108777775
-5.946322449914088
-5.182762148513683
-3.424411260455047
-1.2086900852230522
0.8990572974823829
2.4688428115474697
3.3017143825264865
3.428734190077317
3.0311263750953743
2.331039560260945
1.5051862674922367
0.6520930572745517
-0.1883368252397206
-0.9895737482675084
-1.7007536812784136
-2.237545694148674
-2.5020366283479607
-2.417046108354482
-1.9579870363274068
-1.1709182990612943
-0.17104681296384616
0.8787175900768665
1.801777745618359
2.44095938026862
2.680909845049302
2.461621289953007
1.7916356069179904
0.7630748743169322
-0.4433267919708288
-1.5808255350906721
-2.3914312077868316
-2.677036463403717
-2.361776726994768
-1.5217720862922093
-0.3687706980907116
0.8048227393426902
1.699519273957549
2.0866194545751973
1.8767910180044431
1.1560483917698616
0.16811953147662442
-0.7597266540467362
-1.3267943431776636
-1.363969940225675
-0.8906019020996023
-0.10097819123931978
0.7129015094640891
1.270031792235394
1.3960516992782752
1.070196279437311
0.41155679337262097
-0.3809548433415772
-1.1026965483897355
-1.5998664900258164
-1.7921557694479135
-1.6631741226578947
-1.2354791369098606
-0.5525079262669462
0.31950562504622687
1.2746059522274902
2.154269266205398
2.7573065588364623
2.8802297322969435
2.3838589678895628
1.2649539486841754
-0.30434506587767163
-1.9963382690714868
-3.4021609173468015
-4.136226743555384
-3.945627823327571
-2.799348568050109
-0.9255413540301413
1.232381877357078
3.139405075140289
4.326011576006628
4.515533290486771
3.6821961738179505
2.036150799397477
-0.04321670864138198
-2.0949814340812063
-3.66415535908182
-4.387884657504003
-4.082593315515221
-2.810729012176822
-0.8879488316400804
1.190712159893571
2.888735508390946
3.7836167276350965
3.685174975103453
2.6770530357279454
1.0742058996348935
-0.6787298078921699
-2.1281803948367393
-2.918871797284263
-2.872507490925135
-2.0291651358693237
-0.6387262432861974
0.9022196765565786
2.151668538446407
2.735238250214019
2.4480572244615466
1.3226111713309476
-0.36041568828171655
-2.1279835255998423
-3.4295686433914874
-3.790200821128578
-2.9639634682571834
-1.0391210024504915
1.5433096215751763
4.073857441437009
5.755302611462145
5.942219311268126
4.369959221696766
1.2928501146589786
-2.531075486085347
-6.028233619098861
-8.127021054182741
-8.10245438654041
-5.826721195732966
-1.838256272194479
2.7955645737895387
6.7854346931120615
9.009027016935386
8.8598072725695
6.434292693987629
2.485327427567384
-1.842549157097699
-5.390458165705776
-7.331108955313595
-7.369296593210444
-5.753163671758714
-3.1215993580295014
-0.26050110882508265
2.1412888154877345
3.660019457896896
4.191119478154208
3.8961884666862265
3.084549164555591
2.082405082243683
1.1304486273431578
0.3324382083051904
-0.33696941263619723
-0.971790659231424
-1.6458035531385542
-2.3363827239336707
-2.906430957380212
-3.1591798263207838
-2.9292613040673516
-2.153535719726099
-0.8929547581435102
0.6856213175712451
2.3427916228635097
3.7969467132791057
4.751557562016065
4.933855769444293
4.156250680445137
2.3929614100847982
-0.1544610602802281
-3.0362637894344906
-5.606533881331898
-7.158637134177076
-7.125221091418879
-5.289749564011299
-1.9296187502562532
2.187239034423822
5.983679405130893
8.388792487676206
8.678208266654044
6.710105120434046
2.972150676670487
-1.56300775256089
-5.712686883945192
-8.404539199170404
-8.955338470810412
-7.2372652489739355
-3.6970002336000745
0.7668673069644365
5.0333921735632146
8.0421722340543
9.061484248074976
7.868007289310746
4.785278568057292
0.5771183944353462
-3.759248684839696
-7.234698147547788
-9.08464899166371
-8.919226604868468
-6.786013598841192
-3.142945391435243
1.244036249517993
5.4529881472050885
8.581432505536672
9.923347037691727
9.124110165344476
6.282320732253178
1.9660702731774138
-2.878148511187596
-7.1255555480322785
-9.750997272794724
-10.111814199936749
-8.139468969710979
-4.364807751728751
0.23748591787335682
4.531946771840471
7.5371120770965385
8.670140392776469
7.849955600194731
5.448962287364287
2.142532094159758
-1.27671569005989
-4.073580847007263
-5.714194496789053
-5.967973881302337
-4.946956705671735
-3.06092574077271
-0.8929180859841161
0.9697016868744569
2.1021301734458224
2.3613572012170168
1.9196210439472963
1.1931289219592593
0.6770190545358402
0.7353081839376889
1.4270666612423997
2.4498495836632976
3.2365883784288787
3.1750664668751236
1.8699568076481672
-0.643224966255243
-3.811701647689741
-6.6650954492553955
-8.110602918055344
-7.352232239164946
-4.282567590491336
0.34063252222826473
5.069951428523493
8.284420858836375
8.853110430793796
6.64541330788001
2.6271716770559363
-1.5347103852597272
-4.19760467296074
-4.4696463729657685
-2.600537648155953
0.14724631633459517
2.0939853456650095
1.9430656720776367
-0.5673364830674987
-4.455957328127662
-7.847183096777431
-8.757693208612876
-6.005979095733377
0.1450767635560267
7.912753922999487
14.560857409060745
17.410916553572317
14.902269276217869
7.2751906950505685
-3.3998852213152873
-13.871349922802816
-20.801412458515387
-21.90893843547029
-16.75024344767761
-6.866107850614628
4.7484896725111625
14.655618295798686
20.101263903516404
19.85752447369489
14.496261124623183
6.0367591558262585
-2.850679977309919
-9.756638387188682
-13.227821257620578
-13.035753318626439
-9.99551017085874
-5.482063214200044
-0.8811215758421457
2.810767038021099
5.132864558514902
6.078527592931447
5.892548133549884
4.873563859178978
3.2712820669362195
1.2977114498977558
-0.7965526801506475
-2.6621943476362495
-3.873087153017569
-4.0445369475275
-3.0048149440105245
-0.9409089908057414
1.5667275260203388
3.6735756111702638
4.545877422756489
3.6849985448731224
1.1699675934583158
-2.2916082803115514
-5.546860171036022
-7.36828786707056
-6.890494510832582
-3.9621732202263997
0.7211221516025451
5.777560644925837
9.564805965991168
10.734791452092075
8.721629766139861
3.980366436793747
-2.1213684517819007
-7.728217081984959
-11.094082691590158
-11.154794595140675
-7.891051625428981
-2.359481006960679
3.6283447644800106
8.089812711485045
9.540867205916152
7.528665680453643
2.831629028305047
-2.7650364581744813
-7.069653214223696
-8.278162644765498
-5.688372693544641
-0.05363109709691352
6.597324236586538
11.648679582399026
12.859443277143061
9.241578431371687
1.5150212945409474
-8.047576252478095
-16.34496942325407
-20.487108526410058
-18.788172570329316
-11.373121874718157
-0.1891969625540374
11.589062927981493
20.564317624156185
24.1867034746465
21.526488826889018
13.50272781635829
2.517571687524942
-8.356139103306342
-16.343789962422672
-19.761609503880987
-18.38172000424023
-13.291948435868475
-6.359522222396969
0.4655262708500157
5.744713934250992
8.854821339208264
9.946437003537392
9.636382908190187
8.599886777796687
7.244074695100305
5.589654907060552
3.388417198538515
0.39790394470553264
-3.334577296220106
-7.321604246330605
-10.692296952467608
-12.443313740177299
-11.799543178322
-8.549145285168496
-3.210386964494914
3.054142339139788
8.757871415570598
12.531872945771024
13.527275328681142
11.637269846144504
7.4769076523789195
2.154440773617124
-3.0715092355311135
-7.136148957143669
-9.408607475557595
-9.76213839925075
-8.480173460254136
-6.068357104510521
-3.064501089642198
0.08060912858181345
3.0221589973605347
5.4657907687575475
7.107580786915541
7.639701018367766
6.8415787926791785
4.713467473428583
1.5761570782889605
-1.9322684397327037
-4.991356178476501
-6.833198151220989
-6.99164799690606
-5.464490816425881
-2.722490568312068
0.4365498272340407
3.1345687222474705
4.677013776420903
4.748325464100631
3.4818686331369695
1.3922613289845627
-0.8014576523153437
-2.4054473467993107
-2.96256875365742
-2.3807896399345267
-0.9417137873017815
0.8068262996787808
2.234347519124895
2.8318964552171604
2.381205127618225
1.0355116689459964
-0.7285023629215716
-2.287267699130222
-3.1147379538150997
-2.9880219445633918
-2.0514486227736737
-0.7072022555673948
0.5959875587516547
1.5492389340341086
2.053400525845079
2.166231978111679
1.991050230205208
1.5902332684546292
0.9719029825026503
0.14088089784380173
-0.8311047957850766
-1.764275314097153
-2.389438008162249
-2.4296747493779964
-1.7221556760108283
-0.33604271885509907
1.373779080272916
2.83068563019311
3.424308693938732
2.760380189956079
0.8647778193227952
-1.75729000704597
-4.247248662102248
-5.668505553539984
-5.336742523672591
-3.0891291326637953
0.6034317684969861
4.726503517165562
7.999658748131148
9.269808351069507
7.904400312015521
4.050408128530159
-1.3453901806053026
-6.780913079465987
-10.642597296273484
-11.714326941964385
-9.58471754780216
-4.806296409759662
1.2580550170634375
6.855880365350323
10.396524332885903
10.950631884770006
8.529304994572309
4.0494230078128854
-0.998826184688974
-5.0628006427287175
-7.036891823811467
-6.596780904386657
-4.253290286356381
-1.1202631724202519
1.5169137684401395
2.682930701610331
2.0729992077515798
0.15385453031283491
-2.0404687347228068
-3.3425299413252176
-2.9441278943533002
-0.7508061219890513
2.5463494767333374
5.717202838097608
7.46540711574981
6.940186738329646
4.083696077195707
-0.3191326892938068
-4.904137048426235
-8.205221609698961
-9.169626987815912
-7.52412569648687
-3.860745587076503
0.5881832981138253
4.40108670623639
6.473159526441783
6.387220295235778
4.51411329429933
1.8104806790870422
-0.5990305992674434
-1.8771093981017448
-1.7776798822884978
-0.6858855151227838
0.6023270333137025
1.254477974357653
0.7685095059040634
-0.8134099216520054
-2.918047730797346
-4.667188300466176
-5.227673050184765
-4.150435758730339
-1.5653992484982728
1.844908836942289
5.0800773910383255
7.1667685117898206
7.4779915041635965
5.917210479266214
2.9218616549796446
-0.6975662445060022
-4.02149587051977
-6.295818761906813
-7.119954701648051
-6.488844423139698
-4.6973658190018055
-2.177685950550205
0.6383858851302741
3.3707647502123774
5.660065276476152
7.1184505829239235
7.343290640230033
6.032103545220083
3.1605794180267814
-0.8711480300554139
-5.21839354315803
-8.745152218990237
-10.333513667240954
-9.265567305767137
-5.540783728501388
0.013470476798724873
5.915633243153381
10.454352549635615
12.227628567913095
10.611558176837185
5.992284922556565
-0.32848056255970814
-6.529850191099071
-10.833504336204179
-12.03997644815641
-9.873408519757636
-5.040609489384469
1.0030055613962774
6.500181025774607
9.908843441690358
10.337502099625823
7.782515595961962
3.1073413163368384
-2.228475206344351
-6.612044834752002
-8.759905064124247
-8.096325206723888
-4.916292815675513
-0.28739222484987687
4.281609857970458
7.312312642867999
7.8293795934009305
5.683058464297133
1.606268648575768
-3.0240395707179593
-6.645441319706727
-8.031908713259567
-6.701464667250631
-3.074596274748966
1.666067644270571
5.966639559226128
8.414711320032824
8.203103610267995
5.387498297717149
0.8538582666120496
-3.985434423356716
-7.657121953303164
-9.092735489566484
-7.9373199404141825
-4.610181732478422
-0.12327276088148456
4.257604088172053
7.387680232090439
8.54200579211161
7.565682087501352
4.854739168050889
1.1955989361318216
-2.4755498792840105
-5.321305976210909
-6.794521904985054
-6.727980510603383
-5.311378267180578
-2.9828274838319175
-0.28654176461636827
2.251452486337907
4.200299391927335
5.25794880128957
5.269071875979469
4.251361846979313
2.423808873780748
0.19906338405111132
-1.8954927281275324
-3.362085769095847
-3.8911598783284127
-3.467177395780007
-2.3716549293879248
-1.073159381915238
-0.042244441936569774
0.4353761443371755
0.36970681501229324
0.05261886913233703
-0.07802758459735978
0.3581565911033753
1.4941630525483631
3.1122160174484415
4.667657151540884
5.4419457778538165
4.790834786561604
2.419405914727515
-1.4124265030010292
-5.850996332157831
-9.630343686957403
-11.447532724800048
-10.41671136965615
-6.433217465310472
-0.29696069416312326
6.467455780790736
12.04051416414836
14.845159117321547
14.020129286356784
9.686431871068455
2.930137500867539
-4.494443007751726
-10.659630942715735
-14.016051602117356
-13.832327371956506
-10.377873658189904
-4.788516946886381
1.3285502594395662
6.403201695499127
9.350163442980445
9.816076625673443
8.16286865206668
5.222953989458549
1.9438968810854427
-0.9299693305522593
-3.023135519594867
-4.3044891979543936
-4.925834725480252
-5.031135481992671
-4.639617630632628
-3.6556938405206756
-1.9912035493106284
0.2730872913709883
2.785055598814289
4.953055257384122
6.121405260201251
5.820830905991718
3.9804341468731566
1.0057441931055642
-2.3103468335239103
-5.0159320919094
-6.2987686520975315
-5.7586599379475
-3.555176912154227
-0.3728171226250615
2.7921024966948456
4.961486380662561
5.5122722503147035
4.387540717032439
2.089940300676597
-0.5385993909286811
-2.6509068101708273
-3.6967240701820114
-3.5730104997106515
-2.5832617783465475
-1.251375703783141
-0.08157383177861466
0.6397331246337166
0.9281943146350138
1.042231315123141
1.302416037248765
1.8663355305222586
2.575366980908127
2.9763436724944685
2.535920182455685
0.9525119032764339
-1.5936469836672384
-4.3909561185939605
-6.40010257593938
-6.650349345594263
-4.670657271657309
-0.7681846536955814
3.976211508982003
8.017326335035461
9.86788319997363
8.653950998793643
4.493222649370524
-1.4637158172226652
-7.367682801560597
-11.274843666135718
-11.810541454081996
-8.660416669509448
-2.713070083783934
4.206644896211924
9.932731897047654
12.679214723286684
11.632926510320262
7.205437696414273
0.8583883711539742
-5.420532520276081
-9.788272018845614
-11.123876320664214
-9.323488400713028
-5.2347118420785215
-0.28741798284756137
4.017145038742928
6.571964739557891
6.9484968339972895
5.442971002767992
2.89813558868448
0.3665720886817127
-1.2767985925736678
-1.6416173541720314
-0.9352154149915544
0.16017508265073635
0.7955994193515655
0.3314747571042381
-1.3577799803752084
-3.771380973624958
-5.923774814766564
-6.707759047462564
-5.351811863590504
-1.793657118219221
3.1888569810722336
8.16174512956224
11.484500631857827
11.873150405103448
8.878936471271365
3.107031761697552
-3.9156771585072523
-10.19042969547335
-13.86452144935657
-13.811536063543153
-9.989475700323625
-3.4675943663929067
3.8892213290887128
9.986960491860524
13.14291317911308
12.588410988646983
8.665125385131944
2.6605065500043583
-3.637420146210298
-8.496221530702583
-10.722860522803812
-9.942037957180421
-6.616826867946034
-1.8378426845261715
3.0328086051267
6.745104525204675
8.46532991525298
7.93802737073928
5.488121063226547
1.879971818612416
-1.9184094964888543
-4.993209581106605
-6.692847945941846
-6.745496081903907
-5.280861807469326
-2.765150618989116
0.13616475678840634
2.7365492782474385
4.50253432504998
5.178871513813082
4.82483624497677
3.7402335082775338
2.305799126852249
0.812303668963295
-0.6348585229519487
-2.0845557897537086
-3.597195920789902
-5.070507621821437
-6.142707195738836
-6.2532693353972855
-4.866930343581663
-1.7801356215278619
2.6320362563242803
7.372107440462031
11.047830282670308
12.315220283995117
10.37519586609442
5.329274302920143
-1.749832759625965
-9.070356083054557
-14.620163012609769
-16.758561287447886
-14.719989400874915
-8.869326967030057
-0.6226790746455844
7.942986480786126
14.668857953106084
17.904008467668437
16.928959752164854
12.098757141880325
4.690283717105609
-3.475827306553395
-10.520007107983947
-14.959873839275506
-16.020218867952526
-13.735765137951423
-8.853460607675379
-2.5865993139357673
3.7041255002548326
8.815733108304062
11.918533789152878
12.64832959976861
11.088675046369321
7.684085277137483
3.127922100805514
-1.7512923348594276
-6.107103988779476
-9.200773938458422
-10.521360785390781
-9.874936141043797
-7.42427419358626
-3.6690845305131354
0.6391717690984431
4.64209672021937
7.550952559276064
8.813433485568412
8.233083935212324
6.015124880826926
2.7244254434329775
-0.8430746386332927
-3.8537779645372336
-5.650009393206564
-5.924199327511221
-4.799494011769957
-2.7848269521450693
-0.6044432697423843
1.0535848083597183
1.7797494288630389
1.5752796451610278
0.8168991784977877
0.07200154668228394
-0.15531197109892944
0.3574200460685246
1.4542475618467166
2.6598744684923927
3.370167972967319
3.1050901294880973
1.7277161708078588
-0.4657917280828364
-2.8328832725292856
-4.616225159224316
-5.2230339382466715
-4.4407942793663535
-2.5146850294708147
-0.06572288454704384
2.1260755622431717
3.407057770706975
3.50005447216438
2.6117171310877603
1.3377546514075689
0.3909736683299885
0.26057983387809336
0.9545206138227681
1.9536560223940331
2.4210673796883144
1.596945194721184
-0.7830784517977183
-4.239527355709211
-7.610278403578438
-9.434887874828297
-8.532429965540702
-4.547724606298415
1.7659298596089241
8.668732169121471
13.94939608863221
15.671448852478665
12.892412730438743
6.084274928604389
-2.926026364152668
-11.502181896942934
-17.04783547222852
-17.859570597198005
-13.684598084543122
-5.795632633847433
3.4340656389168194
11.302779052655776
15.63292143588865
15.421116491180003
11.083220504144647
4.230344492925345
-2.9305108710059824
-8.345597630248822
-10.741985724179425
-9.929042246890912
-6.7074046043552
-2.4619728570735173
1.384741093921223
3.850494623191791
4.635937271649447
4.071606707730647
2.8392133913759094
1.6205182077069766
0.823047950274566
0.47201132459840833
0.2879931380810547
-0.09817748985559237
-0.8978771477331048
-2.0045595986390863
-3.00344460785098
-3.3564214205007907
-2.6805427436448706
-0.9825464692282708
1.2754255307115414
3.322555055026836
4.37879577480851
3.977988454385593
2.1780628149203656
-0.4302971057193123
-2.925713404632753
-4.3953707805919295
-4.281999783332085
-2.604802170500361
0.031847819359682096
2.652387180813275
4.275851391597304
4.295324583404797
2.7148333705178067
0.1447615696291481
-2.437281071916778
-4.0603010294650055
-4.125407697288147
-2.627719140979909
-0.15256170181435946
2.3514466971803007
3.934982269255364
4.007202874880114
2.5544264628978666
0.13666933911225623
-2.334431956443916
-3.948858542326838
-4.141816821430136
-2.8937611576402054
-0.7184302873350382
1.5473976010678592
3.072673186643817
3.3580605952567453
2.4341851405117834
0.8497661896424873
-0.558189894559259
-1.0365564778027183
-0.28803779940114077
1.323408829967824
2.8579677503385557
3.185274626015937
1.5283805381915454
-2.0756653819490443
-6.62637091117949
-10.42424596496172
-11.674657303478796
-9.206395117525629
-3.023994000834754
5.529086607667092
14.079248616476695
19.92191876450289
20.893754820588253
16.132100891887386
6.458710096155544
-5.761882603403613
-17.26786085779608
-24.855984600752965
-26.344738577146995
-21.236099852445445
-10.864628876650945
2.0102531750465644
14.030202948306604
22.211429254886518
24.75865052731393
21.477310340071785
13.685442078532681
3.697399654914577
-5.9178379617817605
-13.051763253322413
-16.53146973011767
-16.251380914137922
-12.98814674110218
-8.015831946501304
-2.669743137473495
2.009049803387038
5.461359865228391
7.5974247565988575
8.614026048967824
8.73879170969396
8.039183526708706
6.404623143893587
3.714636795738198
0.09232190979123993
-3.9208092458079835
-7.401622667071905
-9.31951212675955
-8.947787684275092
-6.226825349011891
-1.8954494058543443
2.696461185916327
6.04090394956458
7.023198393637941
5.361016569975814
1.753896703360891
-2.3377325392569084
-5.229756098737765
-5.675643860230484
-3.3835992255029863
0.834820086291623
5.35606423716767
8.363694644523585
8.552556865680371
5.643092155322643
0.5031919290704363
-5.170534358138241
-9.481003057106951
-11.016150216274797
-9.331678340065721
-5.064689355389608
0.34449018613045057
5.200657042015958
8.153514048335854
8.620664987742627
6.887307376984454
3.8738878104902077
0.7005521372471413
-1.7490945924588364
-3.0878763584285194
-3.4321524256408553
-3.1977399694672357
-2.8119262232006212
-2.489973247072556
-2.17286321565708
-1.630606415994627
-0.6576568060948498
0.7450535070501344
2.2952110759403817
3.5050413177113096
3.878326755035195
3.1412602253597828
1.405258516871354
-0.8164431240432446
-2.7621726437845293
-3.696626498130652
-3.202841360765444
-1.3757039671069327
1.1662895825968924
3.4718381940600267
4.595604298201987
3.966065777635211
1.6385088894272661
-1.678658058043351
-4.853752396290002
-6.742615496913465
-6.619404684088024
-4.448821983312197
-0.8912958054225776
2.9504044661438997
5.933748641187868
7.26966403764314
6.758852755063526
4.789518045498409
2.1145886592793914
-0.47972888181490075
-2.462108416381284
-3.6829480261147154
-4.305087738023807
-4.59490335516296
-4.694924391565711
-4.504871875139782
-3.735028964182655
-2.1000623381751775
0.4510839220782543
3.5874464924133513
6.606681000786674
8.615344001215616
8.828344090811017
6.8834066582957405
3.041496280826308
-1.8198044526413137
-6.431183362821765
-9.509190851424536
-10.17090527595922
-8.244665073873849
-4.350789792582423
0.2985421899883346
4.315733128161172
6.6134708354623495
6.762178945335181
5.099514962263859
2.552247297994457
0.23965302114947296
-0.9834846352670416
-0.8599312959779792
0.19608756422481347
1.3129680019133714
1.570210967193422
0.4257214112197968
-2.016527752661174
-5.005320763438083
-7.404245020254795
-8.111767365454073
-6.481451411492534
-2.595411811420106
2.698997047415216
8.004602436518816
11.782556704697221
12.830241805630717
10.67273175946742
5.73224416128298
-0.7832608950546596
-7.230494815164863
-11.997897984907842
-13.937872775622493
-12.6431110699642
-8.511036524649748
-2.6022277931214757
3.6548630001645046
8.827150719806928
11.81280878100007
12.073276837696621
9.718111521767662
5.435917129674109
0.2991642287097413
-4.5029554442215085
-7.937608193512596
-9.347877160347425
-8.578437855331357
-5.9871457506048085
-2.3420559264137704
1.3753804584613638
4.220483461647822
5.53260171793883
5.1161260241931465
3.299744522890064
0.8425856357393318
-1.3028484411480294
-2.3108253229879607
-1.7872007329058688
0.05075805666428038
2.4052854916945456
4.160827601575706
4.309222425540545
2.3874390253467195
-1.254490567570384
-5.492500007555325
-8.792372326052535
-9.773897853096377
-7.756406932703305
-3.0688599770052574
3.0009724954910846
8.611635083538312
11.991691346490375
12.056484819577951
8.785961195295139
3.22316710681103
-2.8992316425650984
-7.759470912469722
-10.053441261427498
-9.39442307677118
-6.374454771414703
-2.2799381736733593
1.4235694643822479
3.6402727186384913
4.015232852968637
2.9851859118738995
1.5004417265567231
0.5483561322143573
0.691225761738513
1.8201288498027495
3.223531821860903
3.9294097168531867
3.169916796573148
0.7706965689423569
-2.706308487199066
-6.135837787249964
-8.248758968089435
-8.124099683699454
-5.558443456042787
-1.1763363355195715
3.7543294037267083
7.736071579056327
9.542215291926167
8.631342527858283
5.330481960133412
0.7184256202812697
-3.753344340153706
-6.762589075510468
-7.551321503272535
-6.135676419359084
-3.2283010946828434
0.076652131938221
2.7203306928011273
4.032568315325022
3.8959582975864917
2.685467947566218
1.0432392808134867
-0.39709239101361427
-1.2241377428886056
-1.336833798193911
-0.9067094506669444
-0.25725201969148265
0.2831067259490396
0.5020016868857974
0.36086922287241746
-0.022883598208603258
-0.45187817133558816
-0.7432316882581557
-0.799948274044005
-0.6342267877873262
-0.33935674129750065
-0.028406006197088534
0.2265067458768899
0.4226964168462074
0.6094588594920108
0.8338078592811978
1.0808334109130275
1.2500911793782281
1.19143669427117
0.7839228442939682
0.010455723651678015
-1.0135844332369208
-2.0646554436985007
-2.86679766975077
-3.155480507952443
-2.7393209405017673
-1.5586101720357635
0.26580694563845136
2.4141399693020182
4.4033659003425365
5.683340771996443
5.776209453338104
4.425978612084051
1.718147862661851
-1.8709585713116212
-5.528576955642602
-8.27664888131006
-9.234924472015637
-7.9064192139961085
-4.387840595574905
0.5815822804695293
5.770676303681144
9.77975769451179
11.450558145311286
10.234310640322589
6.388093666585203
0.9238408666670639
-4.679398729115586
-8.913984701762786
-10.69962915188759
-9.707266070072267
-6.433948405850784
-1.9988456888370072
2.262272091458524
5.248933817164157
6.424991533723805
5.910895218399995
4.325656880798054
2.4663890935952772
0.9709273023271936
0.09931623794965379
-0.2923670309687499
-0.5946253594861584
-1.188414157079436
-2.2151754100963985
-3.477630942298167
-4.508202818134818
-4.767015266325884
-3.883239887899127
-1.8437455970260808
0.9476784087295912
3.7758806149213004
5.8541403643991305
6.600490018846527
5.833374383669355
3.8138227691035684
1.132972161728966
-1.5001500210748127
-3.489197184637865
-4.51939610183895
-4.612081398688358
-4.054017617313046
-3.2304550558008835
-2.4266488618473074
-1.688816427799998
-0.8227246266555294
0.4582776051981652
2.3071549902102553
4.555605970680664
6.666052373754817
7.863201970748174
7.409782561029904
4.928801844426705
0.6439809184453673
-4.573832615246172
-9.397354418556885
-12.41848277667561
-12.585917180589538
-9.562993200924982
-3.890228139034092
3.105394332230345
9.639870914643282
13.958030701289703
14.842205614537969
11.988604932144346
6.1240620324904995
-1.1865602706985208
-7.991770206057601
-12.52488123511639
-13.710766323242515
-11.442182073466087
-6.545144179496393
-0.47012748848980995
5.162292257738916
9.006851873716608
10.310670473639485
9.040691211670243
5.811515028969331
1.6502728380718734
-2.3202218331946645
-5.181258186370442
-6.4237505283056615
-6.018150888720668
-4.343739809332778
-2.0156740370636825
0.3183184929508287
2.1423602576137437
3.160365392660534
3.3057306657662244
2.6973320059398436
1.5755545671011266
0.2420180836398202
-0.9899229054664621
-1.8356890423353525
-2.075896299700682
-1.597556654623131
-0.4462232607660614
1.1250855787748242
2.651970076468896
3.546619933249576
3.2879735006231794
1.6594746595831262
-1.074251910326964
-4.161014225966779
-6.565183723228177
-7.320164930294307
-5.895915189912882
-2.441803404904693
2.190925556056529
6.67332300096768
9.613954268345031
10.031298219682066
7.708738797589988
3.2891484599227727
-1.9340381946361405
-6.452449937327973
-9.041589740713926
-9.138777668311217
-6.971916623123828
-3.4159439235839146
0.3482991009089255
3.2450466279522177
4.646919786431941
4.537888541841503
3.442297437732699
2.1499291183701983
1.3484074871339986
1.3172366987085078
1.8147030824255101
2.206585073341981
1.783981262085759
0.13756185648388483
-2.575136064416183
-5.597788655254747
-7.81326193775361
-8.170487582508589
-6.133265166156594
-1.9663068636748309
3.268356287215904
8.023315952064188
10.785762882981851
10.615561933419425
7.492145929675041
2.3341297714079468
-3.3102953302054177
-7.7794472745914565
-9.833196421855995
-9.026035301282631
-5.804762020285859
-1.3162632036103805
2.9957214891051676
5.862758967170992
6.575807578796067
5.164710273881192
2.3309343017598523
-0.8302015780751189
-3.215776023576953
-4.0753474608309785
-3.231045066273926
-1.1033348892035892
1.4523911262785627
3.4478678616168366
4.1109404348311305
3.162397736022941
0.916376309740891
-1.8372485532590817
-4.125404997494836
-5.146178854642127
-4.548568174911074
-2.536856652905165
0.22552825668408763
2.861027416724481
4.575604554847969
4.9087757154569385
3.860484165050354
1.8599682998055445
-0.40859634229549013
-2.257492742704428
-3.2246053694964516
-3.1941954389579896
-2.3786607785417035
-1.1877945668728938
-0.04668857933367095
0.7627621350921101
1.1734837137094858
1.294528702584586
1.2916201551178883
1.2589809799539817
1.1590502631112156
0.862400446180171
0.25634790576877176
-0.6456058918582609
-1.651461200420655
-2.4208845555968153
-2.5757678138499207
-1.8624525367919398
-0.30554767009692113
1.7207360654656936
3.558123167006845
4.469879599294639
3.9217562154230294
1.8293967815927357
-1.3285147463801767
-4.59096357356013
-6.791332297701863
-6.95820332010518
-4.705053878971145
-0.45784499602547746
4.588700623413348
8.803986657792349
10.65115871336254
9.23835621591465
4.692034020324651
-1.8006288545560136
-8.320209520724102
-12.815437501596216
-13.772208046455512
-10.721680774520477
-4.416925015345717
3.3780509377521457
10.41832507497084
14.660303688729824
14.88344942859679
11.05737702647346
4.3375424912730045
-3.309596778576703
-9.726819749508232
-13.223109645971341
-13.051495243804686
-9.563398496185794
-4.014147158858334
1.8895884838304922
6.537789484332951
8.882175803374208
8.67671317576893
6.43493685589214
3.1503117050994764
-0.09431023113200539
-2.4796381372946774
-3.6495942703919906
-3.7116496637509027
-3.0723121383417875
-2.1994645029977504
-1.4170341131000284
-0.8108809792359091
-0.2698732342451131
0.37497100958572177
1.1900472026676376
2.041729302948012
2.619914221655677
2.5800600990046725
1.7352610280817744
0.20108714493700858
-1.586262641122633
-3.0047404967324556
-3.486480024917796
-2.75901454816453
-0.9805848844501603
1.2921550747972605
3.2945028699708168
4.323810840437447
3.9833199601245157
2.3167482031287308
-0.20461628594023723
-2.8335268237982127
-4.7833613685014615
-5.468528542850489
-4.671562108117596
-2.590760048901086
0.23484137435690178
3.087789409878197
5.264433336019227
6.240460750241101
5.77525025674325
3.9488643674051036
1.1412147592097008
-2.03721789541271
-4.858563218347862
-6.629488511860253
-6.865394747652059
-5.44626089823135
-2.6899435916231416
0.7109758562450811
3.884762654536493
6.038752298544576
6.686447485092643
5.768726663782833
3.6327864671407
0.8837070284663989
-1.8223193026863758
-3.952571984929063
-5.182631038131696
-5.393221772167672
-4.621284940745413
-3.0141276515125406
-0.8169850173114783
1.6118827379017948
3.8017527592701903
5.2354468556612845
5.491479146399291
4.413014825569218
2.2172654509609275
-0.526235425460274
-3.058681128311417
-4.675998936904789
-4.95706396603319
-3.8932093377767876
-1.8808527101662171
0.4144816071155783
2.2790431335849757
3.1875954479069595
2.9755208584148067
1.8808952892701678
0.43757364407434096
-0.7406755580444713
-1.2031596355263412
-0.8394880573601005
0.08193187285307704
1.033268187497549
1.4524436554694862
0.980321244074489
-0.37411043196854304
-2.1937969753008164
-3.764400927921425
-4.3210817062747635
-3.3580344723916027
-0.8829758306948335
2.497239791572041
5.717343961127195
7.592865468284976
7.248750463766519
4.482780225910942
-0.07915245811791785
-5.111957701689401
-8.984910696799021
-10.306433576021135
-8.439022353998716
-3.789822580668026
2.2550933822111836
7.757942592315835
10.881505932331288
10.535678090068831
6.782165617410154
0.8441116045933537
-5.295493142978356
-9.575230888751506
-10.575940485528147
-8.016935057821115
-2.8435174793609552
3.1258768784942084
7.857348982001431
9.81352238047255
8.45768642457457
4.381766080903723
-0.9598006610130566
-5.786867167200046
-8.59648808334981
-8.627388763307474
-6.048692188153906
-1.8353538893828163
2.6070866017211474
5.929064470921556
7.264329820290726
6.456507259978796
4.023812381612849
0.9004653508342263
-1.9277193699500366
-3.747818677662464
-4.291433694037232
-3.7189987219016136
-2.4648484308469154
-1.032596473175117
0.17889938795548427
0.9697905135997111
1.3359720028000792
1.3878221972987481
1.2481996002243552
0.9933754498666637
0.6604882503027559
0.29183783592945484
-0.03222822856105528
-0.19907451304986476
-0.10926104548693566
0.2533730636657761
0.7613028509070341
1.1406189294309477
1.054970972842114
0.25724552441724535
-1.252298453366681
-3.1361994927379127
-4.75513407539468
-5.343271238065042
-4.284918181384214
-1.4050463238947462
2.839131323593723
7.365563032112042
10.718549836556196
11.52041413690352
8.986600421123583
3.311791914615071
-4.243769202684261
-11.637137667280886
-16.625555654376342
-17.46835775434242
-13.523055372457586
-5.536926745182255
4.481971977350377
13.80367955751489
19.773657941840117
20.619314282473077
16.00715389613862
7.170102703012632
-3.4426732862240113
-12.891403270972265
-18.621975206217265
-19.21655513676126
-14.782261178704855
-6.860128522598864
2.1050019277123275
9.55000270980455
13.573114854872447
13.458319562958538
9.790427050805254
4.150818239527249
-1.4784514875550356
-5.389576366671068
-6.678137933894569
-5.4601565676115
-2.7217861890032307
0.1261802693689636
1.817129684073297
1.7105989634827523
0.013144397924388302
-2.338581736287446
-4.084701826436245
-4.180576618576634
-2.2517989892560033
1.220187855647067
5.057657108744554
7.827203889360945
8.387001674167788
6.326644612648299
2.1335967525360426
-2.965770314502851
-7.4190863422145
-9.861119489217362
-9.552168326856075
-6.601754553974617
-1.9126533810340725
3.126998159860457
7.092846064374261
8.959253679882051
8.377055739712858
5.717285170895133
1.8914490649251325
-1.9708503866584623
-4.871211713075493
-6.2074766406183715
-5.885177032878303
-4.265458545389479
-1.9896909330671257
0.2506082871304152
1.9231413495306442
2.780799892996097
2.872534959399197
2.450964221553808
1.8269203637188272
1.2357198546885713
0.766692440657162
0.37404964882893116
-0.0511288456076759
-0.5915879279867232
-1.2400276635727898
-1.883571477010214
-2.3363671156815538
-2.406108481786947
-1.9720886284875976
-1.045699723422549
0.2110099060781048
1.5157750928511087
2.538250142848741
2.9978508677636753
2.7589704517275675
1.8865516093939148
0.6351094270573215
-0.6302508010928981
-1.5564500757216284
-1.9258096800905198
-1.731736926556478
-1.1737408266825688
-0.5708391991364692
-0.2246887514543569
-0.2855057178267305
-0.6775312695400991
-1.1193312776010933
-1.2356984794791739
-0.7217033327643677
0.5023700538642221
2.2082854400542984
3.890695541599365
4.913033949483558
4.726680849866796
3.0906231392719063
0.21071249146215323
-3.262164081573688
-6.390148488342025
-8.22147516988356
-8.090739187166607
-5.843474606450737
-1.9104730309744276
2.787513169029521
7.073648248259998
9.823299553549035
10.266012202376764
8.20347568770474
4.084083752556913
-1.0956704309282836
-6.045671901015497
-9.5227774320857
-10.659907753861818
-9.192584730695218
-5.523312230965183
-0.6112886346581331
4.27815588954032
7.900420720417386
9.357552463732816
8.340378539878815
5.213356126361084
0.9087199235871847
-3.3398871226272084
-6.343029382192299
-7.285778639730772
-5.960567066441445
-2.8390069725018154
1.051647287027184
4.430400410018808
6.163695510495852
5.642448650874313
3.0058389838317843
-0.8780962346423795
-4.6852557835246555
-7.07619779067781
-7.152847849196857
-4.77296934502992
-0.6143543894227043
4.034335391127306
7.687392233773468
9.145182679692793
7.890435094680967
4.268642502311727
-0.6117732295181899
-5.237139303544214
-8.192378970695417
-8.63761621710007
-6.582965342194964
-2.8553356649990898
1.230383161551014
4.358419862173854
5.659249578532097
4.961418650287871
2.789606107909875
0.13231400183091507
-1.9362686116618657
-2.647912731714942
-1.806971780072736
0.15706240483930478
2.3616816888841
3.802678442583575
3.725921874545912
1.9103637441903585
-1.2293217822360205
-4.749279198564479
-7.4598540280313985
-8.3038463281269
-6.717211055589882
-2.85905598170948
2.371598759859198
7.55726697447185
11.171185653636114
12.051592616954883
9.78012001643924
4.828793578361507
-1.5701205613125582
-7.77377866351149
-12.18025516945165
-13.655069566020169
-11.824723520494873
-7.16438780952846
-0.8583549069670774
5.526795233407874
10.462330546127673
12.848502595615734
12.264507621410255
9.01600437347725
3.990272670273324
-1.613779593032103
-6.58937546846425
-9.97610499328387
-11.214421433335364
-10.192448738701573
-7.2092036787584926
-2.888801274572714
1.930218904712534
6.323621757786386
9.429139325360797
10.606099535588765
9.580487910641766
6.5323322938021215
2.08615721686791
-2.8097085536184294
-7.093752763427206
-9.837290395174927
-10.457485795821398
-8.841374864275188
-5.353271339692643
-0.7344148078675525
4.063581237582973
8.063066968731016
10.433478592601078
10.641043821045862
8.559473975987952
4.518761244245967
-0.7225236898971216
-6.084135874429731
-10.352864131234496
-12.445328588285447
-11.696783128862776
-8.088254422279004
-2.3255543143952457
4.275543551223788
10.087749955789391
13.589510721474301
13.791995646741
10.547435571760335
4.632439368184592
-2.437638408278974
-8.823013166343479
-12.881022093472016
-13.629470267851323
-11.006832334464182
-5.856353509561593
0.3525710372708112
5.974215140819451
9.662123259469588
10.718907361350876
9.218417521210862
5.884027056450625
1.79286891841739
-1.974690366905786
-4.626389652780369
-5.818073339492892
-5.658518007139725
-4.579763340805619
-3.1302916881194474
-1.7656645850253043
-0.7060610117122619
0.09260916245192793
0.8479321194052485
1.7843642151592856
2.9686418680256317
4.222997579913952
5.154128639807325
5.2847571338757255
4.24018177401401
1.930580497988177
-1.3351609634144197
-4.862983073187047
-7.735590778526841
-9.080730907568455
-8.354665781982526
-5.541801782501181
-1.2015453295899072
3.6560182819870133
7.830970564276262
10.256132219524554
10.290311133224366
7.900454772278556
3.6802734666207684
-1.303692560065267
-5.799185726606023
-8.709908147602397
-9.394612693831771
-7.833943148961105
-4.610252112318097
-0.7039950016770418
2.8234071594748475
5.147106924570274
5.890343471047581
5.172463024258516
3.4958461953237188
1.525272637328065
-0.15373900619034844
-1.2096416943402986
-1.6179858307703205
-1.5898742341343979
-1.4206982549259382
-1.3318549324303754
-1.3745592166469796
-1.4310532702813201
-1.3020510170906663
-0.8326830763775847
-0.015791368495877346
0.9752669687773318
1.838475911420978
2.258285843384044
2.0397089137269115
1.2068203184948376
0.01733960241967476
-1.1227416633128156
-1.813578228704812
-1.82032332998291
-1.166444288050514
-0.11795605944903115
0.9310693187078489
1.6114196470650912
1.702329373206965
1.187724179838976
0.24017228822679607
-0.8492503906563926
-1.764045385173839
-2.248546566588336
-2.167028008465936
-1.5257732872133263
-0.461606947444909
0.7914796731025294
1.9515348546274427
2.7522457604642967
3.009896124905209
2.6700896815238364
1.8123664232080223
0.6105169417409548
-0.7278989544885404
-2.007612252799564
-3.0566243013203986
-3.713056480994736
-3.8204259117658617
-3.2569022015146687
-1.9968584592372933
-0.1751742566135953
1.8886178055821807
3.7383550766855986
4.902321528131811
5.051805493294498
4.133003742702413
2.4053664198574385
0.3559402329242307
-1.4814926000608806
-2.7252593997676424
-3.2726760954690253
-3.2974114020125143
-3.121295232384079
-3.0210864839622964
-3.0594677055124793
-3.0223589442864163
-2.5014918530719745
-1.0986550302808316
1.3280140918158894
4.485091848253585
7.628813743887858
9.748446398718665
9.895923232568439
7.544976170220655
2.849918637602562
-3.2938254398447175
-9.427768616963789
-13.914392420328058
-15.418373850541139
-13.327239359173454
-7.965799792435212
-0.5328845757763666
7.213453612857298
13.419578726609412
16.613921299680783
16.073733269317596
11.991189321141158
5.400600837683469
-2.10684721464634
-8.797137419519322
-13.222940482979242
-14.554961890396038
-12.734861139345663
-8.431155867352755
-2.83182256431402
2.670171407543796
6.829439652232682
8.857642059072026
8.60936478538668
6.585889665550221
3.7447717155722406
1.1646067838879985
-0.33349824023588537
-0.4802578510493641
0.34648117132946826
1.2771624477357493
1.3124144071479447
-0.23728611179153572
-3.3994343981387978
-7.414976297098405
-10.907237248280136
-12.31462940202508
-10.462822036664644
-5.082721498777323
2.9268406079632374
11.621946913780029
18.52461071418889
21.38176254281512
18.925132073690015
11.36360461139556
0.4220696545851501
-11.103341708705642
-20.13935664954288
-24.233339947925707
-22.27896974290985
-14.845583161990398
-4.005456955984928
7.291670405042765
16.09908897102583
20.321627540392445
19.26099853274199
13.705278223569854
5.572152906035849
-2.7462628136944125
-9.114315510211803
-12.233146573456498
-11.90461084155194
-8.924018414278493
-4.6744296369748035
-0.5882274926930676
2.326727029660763
3.731688656264743
3.9042131983606754
3.449033830875163
2.9303310630123893
2.601568410212329
2.3467765072418785
1.835287193186534
0.7884271030706088
-0.7873400563794068
-2.520144770783566
-3.789755107926343
-3.9959792233477476
-2.8600465457841016
-0.6158444756834255
2.01083282048198
4.044147804011577
4.632397063418953
3.405482817271622
0.6655059964948564
-2.6797864987989275
-5.428673457385441
-6.524620133867132
-5.449205723244806
-2.4207802148593487
1.6671754200776088
5.543332322673308
7.9874710669723905
8.236845560245545
6.224138970475457
2.569500917515461
-1.6557653154855085
-5.293958597019864
-7.457266310004735
-7.757001516671396
-6.344802577624334
-3.778313696352957
-0.7876864961588558
1.954397743951317
3.9803272610958267
5.070443465856625
5.218162651413879
4.560084954286712
3.3071270477767745
1.7008285801675258
-0.0017309650189280736
-1.5373198943503055
-2.669267395750179
-3.2462291030632704
-3.2554627148584276
-2.8291703477487884
-2.1847403305971143
-1.519740713964891
-0.9167387936098268
-0.3160323557502291
0.42154651506790203
1.391623446288198
2.529824142470759
3.572502432304783
4.130595544906142
3.8520474549496178
2.597850892294258
0.5478596984932999
-1.8161323393785007
-3.852231883067111
-4.97676052301403
-4.8766316255989
-3.6299657480409193
-1.6779417967668007
0.35185879698548284
1.8983665087318031
2.6779007824444028
2.7536040155453616
2.439208120615027
2.097092084181102
1.9368798225972197
1.9099007156802756
1.7429988715481004
1.0931984933263748
-0.24559818421997026
-2.1775955978188817
-4.264292158998912
-5.839195209231376
-6.237311919895968
-5.050523296199177
-2.317410676445276
1.4224339869839333
5.243722181039451
8.096653034379656
9.132153547080012
7.980483683697169
4.880440099256385
0.6068969186909995
-3.7733820240147127
-7.220113568149472
-8.998921681304937
-8.84028077373675
-6.947898219834647
-3.8763408361834966
-0.3365793718626168
2.9954090215660614
5.608113205280285
7.200903007440452
7.662789811144253
7.020253510099419
5.390637895545807
2.9613953191909843
-0.00385039699168119
-3.149331900443927
-6.027949077543411
-8.137631150676615
-8.99737794500545
-8.25994142231825
-5.8458329842454475
-2.0540041395382898
2.419085090122183
6.60231686853759
9.501208338327418
10.393820707074736
9.058229097629082
5.84488900721289
1.5683084059111048
-2.741273254584932
-6.1371237662562
-8.004220542321963
-8.1799662497756
-6.918661495810895
-4.726858629853399
-2.1498978290033794
0.3902609928626504
2.642634978711664
4.466928353543032
5.732892680562841
6.266864523017387
5.892353351735011
4.536719467493216
2.332237937785406
-0.3520990470661354
-2.9794382588931243
-4.99899864053572
-6.018669297110405
-5.917477043560284
-4.857129279054652
-3.1989189087986847
-1.359762088403137
0.34231639419435994
1.790317934332238
3.06244930420438
4.3078908774769165
5.561043445589938
6.595935256567269
6.91613449480545
5.9210653999301615
3.204182993354342
-1.1429282319404894
-6.373941048452982
-11.182408780713812
-14.051147454506886
-13.756062632668495
-9.851353343051464
-2.9471762740881897
5.350189569766032
12.848902100412914
17.41969182546748
17.673980339457813
13.435344230778606
5.829662501339703
-3.0466727515136047
-10.772707235238228
-15.34504012148342
-15.765007867144227
-12.280069920572345
-6.2156655264096194
0.5218944784174827
6.080460261871359
9.211349305488163
9.562158085050092
7.645556867415018
4.529209660987109
1.3834150069769253
-0.9352460411441074
-2.1134127274065526
-2.361352068241369
-2.190209708922778
-2.1077546509546687
-2.3695605085821616
-2.8808667980805316
-3.270160607451006
-3.0852663058527137
-2.0235427241227346
-0.10266060535441174
2.2973499242264777
4.538702785676282
5.933701843203318
5.973975264905261
4.502220432867232
1.7809020330415186
-1.551654904354778
-4.628631159737701
-6.5851106151630745
-6.822978301166425
-5.224798122548367
-2.224839346708623
1.3080665684975767
4.341275412061034
6.002965262289192
5.849275408339377
3.995418912423252
1.0754371275839023
-1.960739168091673
-4.154615821242693
-4.85068628388187
-3.9031111641163565
-1.7053289449056739
0.9620129553317125
3.204840526156897
4.312654210753613
3.9762254728932906
2.3578640349033333
0.005470702846143054
-2.345306012391108
-4.008553494685931
-4.5483299441525915
-3.881978788343898
-2.2652980644983685
-0.1803478728566194
1.8279833146122701
3.3114631663832044
4.022967309123657
3.938002349958906
3.2008347948836624
2.03229019151944
0.647393994199923
-0.7826125896880715
-2.12019043007341
-3.2275024719934957
-3.9440917567816327
-4.101778861540472
-3.575854257978027
-2.3490753639979665
-0.5584947455093576
1.4990991721611082
3.4124713095250976
4.744725923774762
5.147442830441676
4.470467102785202
2.8277300066793227
0.5872115022454355
-1.7210686826999388
-3.5546415205457698
-4.51715064289928
-4.470007777627085
-3.555690172861635
-2.122777487358714
-0.5826708358044205
0.741209218705573
1.7073406216453793
2.354150315204917
2.8071695549297933
3.146992432927353
3.3135089813017005
3.102944607686145
2.2653529868300835
0.6625508899004804
-1.5844096645430492
-4.036657821139681
-6.016852666231003
-6.813679612040919
-5.939752096520886
-3.346989084738408
0.4827029986844028
4.61589433663273
7.908527750656136
9.34516002598072
8.370015532516843
5.099207368094538
0.335444452197005
-4.637776890600987
-8.43167503111208
-9.978232940079288
-8.863237157919688
-5.454319103119903
-0.7798098984925446
3.8053654672594863
7.054718425769609
8.209763065325852
7.189142224483029
4.537002992270948
1.176991181350681
-1.9189923157941249
-4.0233613070778365
-4.815893103531646
-4.389392512069604
-3.129764207638476
-1.5370683229058832
-0.05821546296495037
1.0204297066637225
1.603579307416403
1.749668985626238
1.5956332918167078
1.284977531931281
0.9284333154971924
0.5971546771510706
0.3273160464176372
0.11886464400577078
-0.06736526041866496
-0.29483524463605265
-0.6102527503558148
-0.9956642327628804
-1.347491332317852
-1.503181270378548
-1.3091197597763584
-0.7005381964009322
0.24412047536294126
1.3017837291851828
2.161176273243713
2.5195538277356317
2.1891619501305772
1.1795002744213894
-0.2761344452555858
-1.7702676151561145
-2.8419537482331547
-3.130817335150586
-2.5063864924394483
-1.1222396742586753
0.6238937730268996
2.2082939041875886
3.1398010416679294
3.1116758113900462
2.102143539453597
0.3940686361958606
-1.4927498935834578
-2.943011876236842
-3.435593333764361
-2.737488033855894
-1.025047169308378
1.148767530147318
3.054657004266973
4.068405842926889
3.897938825179303
2.6549357231458264
0.7575016962472947
-1.2673027517756856
-2.9797963690844878
-4.139450265428116
-4.695657186097923
-4.682515762740387
-4.0948555300002845
-2.833640665974749
-0.7694704955368447
2.09647340546125
5.458483439241755
8.627713029860189
10.628817575663591
10.483075439616298
7.601534294116596
2.136506375520692
-4.879254942811052
-11.71164080290043
-16.401173022720606
-17.38519468833333
-14.044947385069118
-6.975658545498663
2.123943724585846
10.916898181790444
17.10922310379228
19.133347370601946
16.6038916095101
10.38596523977655
2.2610117823651494
-5.670343936642228
-11.617825998135576
-14.54407175164302
-14.30245642874732
-11.483859721482586
-7.084252444044637
-2.1443278331215536
2.5076640906894054
6.346289328256479
9.091399189595023
10.581045842465013
10.6697107785843
9.21962380741043
6.196807342668856
1.8218012825145629
-3.3167380917257048
-8.274553219512747
-11.926845035033113
-13.26816328613231
-11.739946545384202
-7.465964084684283
-1.3005584858220787
5.3425420579199265
10.84051313962546
13.794480891406488
13.423220711006573
9.802622787175956
3.871632871296064
-2.8127998923582824
-8.509107320957629
-11.781687872238068
-11.895801774649108
-8.999442752663008
-4.04751478736057
1.499753410389508
6.110837338322471
8.617831343996098
8.523024446465673
6.096497671747782
2.251252325120349
-1.7584183886250664
-4.723392778553056
-5.8344858338419
-4.900522533444729
-2.3715476208703
0.8274780556555782
3.5918993349326773
4.9724877662739155
4.4617682832623995
2.1597456707542446
-1.2297270420986806
-4.586831100601944
-6.711724595057106
-6.7183526854593225
-4.363402556709554
-0.19161647368000714
4.573731247166696
8.384228440574887
9.867315682036764
8.318105407874308
4.006110792751969
-1.8364711914856557
-7.3719657990448715
-10.758420194729746
-10.796390202281609
-7.3895395844082055
-1.6338479906145855
4.5243047290682945
8.957649886060572
10.12067973855268
7.626913504766735
2.4204882859520476
-3.5371442651995326
-7.96830677825083
-9.122124574129737
-6.448825953237783
-0.8447393752456304
5.637459036297133
10.5161159815281
11.78292517666628
8.654452199410706
1.9012707493185337
-6.369545213169389
-13.407660012477091
-16.745776433707046
-15.040295350598573
-8.546524062577847
0.9291263142086751
10.589572404797632
17.536783308587403
19.689036844708987
16.41579121724419
8.69176796659473
-1.2499940046291023
-10.622554286675706
-16.90900857965198
-18.55724904149551
-15.35885450102952
-8.4311276823694
0.16643134770979623
8.057001906287912
13.22786868237321
14.569009642280749
12.114612112031546
6.931150454957221
0.7098693788849627
-4.788884497089026
-8.252234337919472
-9.130181785602856
-7.673561813133269
-4.7233494780308565
-1.3560712216224666
1.4807388966467017
3.2253420844944047
3.787125337136249
3.4622733577874985
2.732243411582454
2.0292519841462813
1.5611758177964337
1.2603734689134274
0.8664930240798396
0.0988753680377884
-1.160865918346531
-2.756815840643368
-4.265009827923917
-5.119531499610008
-4.818508224865828
-3.139607154523806
-0.2843688504868324
3.1135763204169487
6.13999393641816
7.873640537040382
7.690310794418167
5.490416083577431
1.7679835731719142
-2.511798078527066
-6.1960825625511715
-8.298685812690886
-8.304430195952039
-6.317260199413174
-3.001724706321209
0.6581361009423164
3.693204765651286
5.4527332587466795
5.7658920805315494
4.913767378457037
3.4444299941510637
1.9199747746160019
0.7008726306496389
-0.14976923991404684
-0.8145762306184468
-1.5606727002850007
-2.5509252377322027
-3.7145692552839047
-4.7322461389653485
-5.141417764635625
-4.523205706088824
-2.7007614423377233
0.13104101555217232
3.4035692329675666
6.310597886561728
8.043284444285874
8.050096054202033
6.229783170681212
2.976987452926471
-0.9424449444771101
-4.629418626773226
-7.299059779890843
-8.450535326481111
-7.929706906851463
-5.906379750382659
-2.8041791255523334
0.7876490138417647
4.203764497218564
6.791667959687477
8.012978504872267
7.563450964068961
5.485824176895357
2.2217810335833663
-1.448085244204993
-4.593422557822023
-6.413130181442074
-6.505936548680953
-5.0110844735605875
-2.543196585891782
0.05485981568747553
2.0279885815297702
2.9597470146909632
2.869585655706002
2.13598100730905
1.2859385089305746
0.7419019664168243
0.6425207989674206
0.8208085959587109
0.9359493279329089
0.6752628476106985
-0.07701387114837308
-1.1743573191737178
-2.2640131019164578
-2.9332775129321798
-2.8810227454915958
-2.0430111670809605
-0.62358857009611
0.973476799229668
2.2852711501309924
2.9477918398243816
2.814550238831908
1.995082291532504
0.8009247266723066
-0.379285735166175
-1.2226111073172892
-1.5732263634565449
-1.468035741685109
-1.0869571890531575
-0.6563289728016483
-0.3484076299780019
-0.2163697843073852
-0.18818591740983406
-0.12095586635500741
0.10912717752838814
0.5253690539693511
1.0193594197501175
1.3887402337232007
1.4297805791522722
1.0407963945732437
0.2847209951451639
-0.6197378639754646
-1.3747271809777792
-1.7162425255589555
-1.518594121421015
-0.8483720609342524
0.05397714784664946
0.8570591504507429
1.2555914484138104
1.0859095884360968
0.40552523425089054
-0.49894319945376364
-1.1999930453319334
-1.3001540682452755
-0.6242881529654962
0.6555145133444558
2.0380466560365114
2.87163014507018
2.6331960210792538
1.1912535932610329
-1.0746464737048327
-3.3754419131506825
-4.807952130210192
-4.719075122971538
-2.985679720211281
-0.09572469922207193
3.0092412036556175
5.276595956492688
5.935028592999696
4.777509260402191
2.225780974661368
-0.8398326937519097
-3.4148779985491244
-4.7420666021906825
-4.57304631761885
-3.212701294802457
-1.3339180633093803
0.3424631785202911
1.3497636117930951
1.6265859978709098
1.4642311180077792
1.29273922394209
1.4171655173560043
1.8360062452452606
2.2347327226680114
2.1604012345698194
1.2876690449713626
-0.36398390329538505
-2.3759896517626578
-4.070636786686988
-4.78467621062888
-4.154491467890195
-2.2848909421791097
0.27219187670860584
2.717695170199501
4.300324039236932
4.5900700193850135
3.6243531926367325
1.8674609264340203
-0.00029559816801927243
-1.3697221039702405
-1.937676200475456
-1.790288054373016
-1.3080984639390636
-0.9468600909851012
-0.999233080093714
-1.4459459068297917
-1.9624609282877263
-2.078274158189906
-1.419524272426904
0.07529290987342305
2.0740784285975122
3.9519783018380394
5.030537495672501
4.848811420677231
3.3533374521660684
0.9297764194958241
-1.735721165746919
-3.9052539421165826
-5.044159115968961
-4.981332651101108
-3.9190082104666573
-2.302683944680132
-0.6185582143548592
0.7900842948315048
1.8106524842010818
2.523925940510271
3.0732363859835603
3.5163010560277796
3.742206660029825
3.5038590743991453
2.559303929942373
0.8503842397069926
-1.3884846053736
-3.661324372335545
-5.364636778586174
-5.989592066415525
-5.293627715780106
-3.3848713386050973
-0.6978874108230896
2.12349007313807
4.401089948637591
5.61078416379162
5.528947632802553
4.285911762186209
2.305408512614674
0.15066440772105327
-1.6665741832804015
-2.8431126180437754
-3.3465184036622677
-3.354046407357637
-3.099008126484901
-2.713090201559669
-2.1542289933558934
-1.2560795939892813
0.12547512362395136
1.9431119369687835
3.8654558203209546
5.3308702823567105
5.742038732544452
4.719844936854965
2.301439840131867
-1.0065936319019118
-4.349302981775019
-6.785487151635247
-7.59726631134981
-6.522132955999471
-3.8182036572753986
-0.15824089669094263
3.574586779471427
6.499292267506289
7.918029705167655
7.466593250549967
5.215683693369367
1.68192455536084
-2.27290005963107
-5.647034127180414
-7.568774638390025
-7.549822054374788
-5.631451182580402
-2.3740938351040795
1.306999808525371
4.41433049599304
6.164624701775818
6.208548931219203
4.700968263275468
2.2083272085094863
-0.5005241883530063
-2.6957064838394746
-3.8786760016477957
-3.8860685885477597
-2.9017093625731545
-1.3796914883370457
0.11071159316089765
1.079070387057926
1.2832221238707024
0.8105977040639737
0.034026522657633375
-0.5473119934436486
-0.5202762197540721
0.26118568118582547
1.594758868581925
2.9789925827771055
3.782124530837329
3.475706287344659
1.849068462608834
-0.8696211809652769
-4.025667220288
-6.690137747188583
-7.923395173525383
-7.084307643260798
-4.093298183652956
0.45311869043285763
5.39072212423018
9.30945557193705
10.98668387331666
9.789647134454594
5.91558475045443
0.3769403645797721
-5.285928872853625
-9.478988228769667
-11.05198098637191
-9.647445089679731
-5.7897108156834935
-0.6972248157624613
4.1090237790650175
7.273676334808803
8.010346131330973
6.3191510154525465
2.952003108761325
-0.8583847633859731
-3.809267024931366
-4.942635313435567
-3.9401404457395555
-1.2161435094756956
2.2148590744587793
5.056786899689185
6.152456009342575
4.891899989316041
1.4664697558484303
-3.150987188010758
-7.512779170893573
-10.177733005454137
-10.188423380594122
-7.37332266419149
-2.3796659098084683
3.5466127461159926
8.93534877552934
12.492148317807434
13.405256588367495
11.487640668880383
7.151357888611012
1.2668943598205236
-5.0243573450065675
-10.503208386613945
-14.067594078830135
-14.932632437399382
-12.813585184967412
-8.039547611254596
-1.5363389881235041
5.3513279459736305
11.160079088366995
14.640710610905067
15.04156776838505
12.293613170046605
7.056462944054768
0.5844463825895458
-5.5896340610672
-10.077405860922832
-12.021366366135153
-11.299098973533688
-8.47308809916726
-4.523497344341271
-0.4914954242465191
2.8174153882542554
4.98221801058333
5.963377406704918
5.9839786968196975
5.351911578215388
4.309442353910483
2.984528918636932
1.4485563246587345
-0.18151990565579446
-1.682035073486799
-2.76255796663739
-3.1978390360643862
-2.9734144710975983
-2.3484803972922283
-1.777891756711259
-1.7076572017304539
-2.330304023254755
-3.415091831339119
-4.304395136375641
-4.113693188457275
-2.098331963086114
1.9332753486466157
7.335762363420545
12.634788612329473
15.894427766031852
15.366370270274901
10.212044359253179
1.0233623516970327
-10.104509675889993
-20.06160210392301
-25.672696299000577
-24.79538995405262
-17.149732587602333
-4.540629255231664
9.632161483474635
21.413232282616722
27.527058190240837
26.39629023731395
18.603975704605173
6.64687495054115
-5.925940790146802
-15.673134204939053
-20.312893603756404
-19.327085984332346
-13.939014036189814
-6.497467764978273
0.4745949314141539
5.180557278245629
7.061689277312472
6.758989826467158
5.591415081429758
4.817656154492415
5.027398910646884
5.918428052963592
6.519630099980855
5.72323570951587
2.8709681140486265
-1.8643322180615827
-7.45259333356319
-12.32798783082426
-14.91975427624757
-14.192239722525734
-10.005414082359026
-3.1856076207488244
4.697068141675932
11.76182978097128
16.325359111347694
17.336405927999834
14.62253131195745
8.89530746160068
1.5264533313351045
-5.827352666371949
-11.634314000663913
-14.823399257360073
-14.974758804898594
-12.335226178948107
-7.672300257820472
-2.02548884205259
3.5511353376573815
8.168526077130723
11.1781173736939
12.186861345524168
11.075207144530415
8.037767688566497
3.6077251595623916
-1.3888497589100528
-5.967796079869104
-9.187379678010997
-10.369425906587189
-9.287900344779473
-6.265924794024469
-2.1277634353561967
2.0113906217592517
5.071313830820128
6.3451115065740735
5.72780030366582
3.73815818164627
1.306485451908813
-0.5971535913577286
-1.3388284541693676
-0.845763271711545
0.4001165728506122
1.5881786600907646
1.9337513691415011
1.019518404874872
-1.0146230453922753
-3.5073002190617975
-5.519268799392571
-6.188005636699122
-5.0592081236556545
-2.275074690317515
1.4483118216060176
5.046743776187809
7.453603343460603
7.944442481022042
6.370135387573998
3.204104584015087
-0.6174834520685446
-4.009039330714592
-6.0860424401390265
-6.427605368920188
-5.168711186663683
-2.902643465231212
-0.4364601903850386
1.50716435944085
2.52743043950111
2.634575669797269
2.1691523818168323
1.5985294726797634
1.2820363139434812
1.3092578567200792
1.4841806912852553
1.452519898910955
0.8996165351328508
-0.2725553846814789
-1.8587391549551802
-3.389436773980299
-4.289564082097018
-4.103703086228337
-2.701751704941768
-0.3775277008302804
2.21361561279679
4.269933851750879
5.132414014782483
4.5285615817222045
2.6689364291198894
0.16238384845224352
-2.2038175435835123
-3.727904026047541
-4.016255042580647
-3.102439408905743
-1.421821594549912
0.35983831041125325
1.60789789438845
1.9703153939950104
1.5102901735232777
0.651012400518455
-0.04876790214127344
-0.17798512767092312
0.3259671305118071
1.1490546209032855
1.7440731374697194
1.5766758540508063
0.3824967736435114
-1.655273148964852
-3.886988786703553
-5.37509857271755
-5.236284331440406
-3.0386716237645626
0.9013947169249574
5.477043969199966
9.082699675481187
10.178861665222318
7.927758633438655
2.635104326659699
-4.215332563551179
-10.39536547867022
-13.701384302967483
-12.776716529662393
-7.668912435628868
0.10468545255286933
8.030583747628777
13.46155632897958
14.562284405135548
10.979730959174189
3.975164873995721
-4.031210935028764
-10.324971840988981
-12.849769008372197
-10.90701927273569
-5.365126266160161
1.6818922886860375
7.678883398548586
10.526575423058878
9.323260393321712
4.661409480738415
-1.6261830096049832
-7.1682485332209005
-9.934336917804464
-8.959024051277748
-4.651038680660745
1.400511893878592
7.025355835308468
10.250733304210419
9.985869306048157
6.37819172305801
0.7246508554692789
-5.021058971150659
-8.959309900926955
-9.90761604821867
-7.772205554038036
-3.5017900013071217
1.3357706610398525
5.164869048440697
6.950379163081256
6.482026449064893
4.323458882074206
1.4923582756659208
-0.9751998027267036
-2.4021706419063107
-2.652898199140582
-2.0735348267242864
-1.2514269267954474
-0.7172640621222558
-0.7140849419642884
-1.1194500313641653
-1.5414815726607378
-1.5331789703991265
-0.8236773944167838
0.5336777318121672
2.16002210522984
3.4960226707069024
4.02503665185137
3.4767792882435447
1.9344391613717724
-0.18750054208044425
-2.28105393358721
-3.746162113358472
-4.186439029703092
-3.536640172799939
-2.079671974559937
-0.34138673739070596
1.1067039100594087
1.8656997348104671
1.85976914586662
1.3497717954264783
0.7954236110632915
0.6214470183325238
0.9962757832625988
1.7317276906781804
2.3536946951614133
2.3173734602623255
1.2793884098239336
-0.6966957093693733
-3.106145437364673
-5.16007296373885
-6.065774701745202
-5.326602022857642
-2.9573402871837975
0.4695177134330614
3.9787439072521775
6.504920152903109
7.255232851417193
5.991987117241667
3.128733065294261
-0.40534877018468507
-3.4949183555484833
-5.240290002453225
-5.269296458279097
-3.8308777561783467
-1.6400950082740653
0.44210112417278824
1.7469336871242187
2.021046399692167
1.4646505056330184
0.5877080022264553
-0.04461983780697365
-0.06708015394028358
0.5330522907895258
1.4231437111330292
2.0817191528489007
2.0333064641508183
1.0668978028129374
-0.6452564046496252
-2.5792011695999015
-4.039075219259969
-4.421305592657439
-3.4585683234425764
-1.3434249375697744
1.3184307330595648
3.707325364078992
5.069848563119654
4.982016986082191
3.498984610032045
1.1325515536006947
-1.3364384348222649
-3.1404386154420374
-3.7978154775465094
-3.2732685837719413
-1.9621919844570312
-0.5051005735520315
0.48961130440440903
0.7008275707136683
0.2244337273089953
-0.4823524865282683
-0.828922348543611
-0.3921404969511932
0.855312388781601
2.5023564575490407
3.8652608236639554
4.284012131069816
3.410746632323662
1.3632816035660476
-1.3124524991596136
-3.843383654114802
-5.50307499287816
-5.847124995022545
-4.830278723482101
-2.7840070718867946
-0.2819427901959066
2.0530459658944227
3.735781764126235
4.537918768409091
4.50073939242743
3.848587601033758
2.8536542085925065
1.7174115739391456
0.5190231664775443
-0.7531773340640591
-2.1132742978119645
-3.485552766197756
-4.658004825944379
-5.306906034443128
-5.0903596725615765
-3.7861727880360903
-1.4288232834122847
1.6168674846938746
4.698024083085657
7.035066155822036
7.9485867843038465
7.07345915405178
4.490370209800432
0.7323597026963182
-3.3375709843526407
-6.7424345318051335
-8.638786569877327
-8.52831074528755
-6.383117253261678
-2.6632444544777525
1.7730300501343859
5.854655966783725
8.552810425752687
9.150187425350957
7.445503325720726
3.8257201485578407
-0.8177992145408775
-5.309564002778404
-8.495639938540513
-9.555329895134939
-8.22506000711773
-4.862213510982495
-0.3315894500262105
4.240916429073914
7.765167573251306
9.450608365897464
8.973798015654664
6.517413422213217
2.6880797615376184
-1.6492128502336734
-5.572187518383847
-8.288982055975017
-9.275165583671217
-8.351059107429853
-5.706500482291326
-1.871544440564611
2.37172434088667
6.128582906247396
8.566599496290934
9.105506372877382
7.584048200833075
4.346140601392526
0.19194728018890023
-3.820948591756868
-6.6763277342978276
-7.696709567026052
-6.736269466685961
-4.209231003516752
-0.9492397255613155
2.05575557703779
3.9712887714654457
4.36972791042532
3.349552459251433
1.4832487188424668
-0.39545903223310735
-1.5043032321567413
-1.4156451983685756
-0.22733818244770454
1.4734943323890577
2.8447696935624043
3.133654725081255
1.993797787469354
-0.35487224764707653
-3.188661502144348
-5.537861775372492
-6.536224567213443
-5.728790058778616
-3.2303685397774027
0.31239487896905965
3.9335529062542838
6.654928155853438
7.780206076946982
7.08176844251182
4.830431505986427
1.675586751531797
-1.570158860352981
-4.168758220013891
-5.648690458535227
-5.901928152717729
-5.1636800700548156
-3.8808981737886383
-2.5086239367365097
-1.3129854868559092
-0.2755026292958206
0.8478933908033006
2.3386158840185307
4.286780764007465
6.429455247188742
8.139056105402585
8.59057997704367
7.068743420055206
3.315410783334905
-2.2203485108173844
-8.360039675781579
-13.458033180945709
-15.886861856599879
-14.583930800179486
-9.461312334705767
-1.5198300143584673
7.381798492265254
15.020785750704686
19.405685509620938
19.305581016943684
14.58035974723125
6.236134821639104
-3.801505000354053
-13.142937790185544
-19.518741501675304
-21.357722080513724
-18.20919836542466
-10.879649421889075
-1.2203374305852288
8.388032663093405
15.700037612574263
19.211467698977867
18.51278825205415
14.279359464852519
7.920894835763649
1.041132931672307
-5.07570126042012
-9.756570638920833
-12.915881418253491
-14.76648529093825
-15.438497965221151
-14.722115502776676
-12.088591612676824
-7.002408771488976
0.6132128969535651
9.984415445234774
19.386365119527703
26.449383387719553
28.82421831883106
24.99797148481221
14.96199382001828
0.45909763864848896
-15.32520452029972
-28.56772902858941
-35.87289293852531
-35.26492020932817
-26.785112462513624
-12.496125162186297
4.106767603021994
19.082711477674344
29.114765293770194
32.33536346837046
28.681336349102313
19.717587094582417
8.03467370464117
-3.555174399963044
-12.759065377747854
-18.269071992751392
-19.85915373775646
-18.155875505680168
-14.228679600810137
-9.181723089339808
-3.888204097145983
1.0871742444379493
5.424233065311461
8.927583283410778
11.425835398151749
12.731303188368162
12.660737101181597
11.089133937332317
8.012454793957547
3.6120112667763085
-1.6890572019993706
-7.205348323840749
-12.039985645569416
-15.223950593227972
-15.929809157451217
-13.715130799819532
-8.725227292542005
-1.771929671551111
5.7758679022333705
12.293620805853214
16.317945355748208
16.94659779976727
14.088451674173541
8.481610522522985
1.4789192572915115
-5.322624548324776
-10.490328635520687
-13.086087700916066
-12.839760957956507
-10.142195133398088
-5.881293995434209
-1.1728878285922788
2.939334345421046
5.728303687168687
6.906647766369074
6.613039029993049
5.293344258810628
3.527751458606484
1.8535302780278122
0.6245411010064498
-0.06200859961183232
-0.3524685958812487
-0.5383646129637747
-0.9110068384941825
-1.63519835465439
-2.6912184506307635
-3.8880889557736515
-4.918805720338884
-5.426624754574419
-5.071339985190133
-3.6043046111994537
-0.9607372830978675
2.6431723890525665
6.648978161027516
10.18666604135945
12.235394242770138
11.899549475706477
8.724750629837198
2.9442431036889665
-4.443418546847552
-11.81902440445448
-17.303936094606293
-19.265709030325446
-16.829516523699713
-10.22246812451197
-0.8110522509008842
9.209043307917586
17.389333649805486
21.69688671978679
21.069913272678278
15.6960623305111
6.941765242519948
-3.033597323384191
-11.862599573076915
-17.589760726462636
-19.15258267399478
-16.588012568534847
-10.915565770571735
-3.754980039833644
3.179258991308435
8.533088839371635
11.57907624377706
12.241554290325979
10.925654885291033
8.25971453871223
4.869758317043939
1.2606343065910686
-2.190435310262227
-5.176840496408855
-7.41000811903299
-8.618924561919629
-8.603407518053547
-7.305780932900077
-4.862537886696116
-1.6142837693724394
1.9329673183471616
5.188082554132885
7.576561945312538
8.643598548141483
8.146512322370347
6.123767712811137
2.920208875665905
-0.852440878369995
-4.428510885569379
-7.056573857220651
-8.176397874364413
-7.553424423969907
-5.337531022590847
-2.0345573575721065
1.5996717026155955
4.719394518211832
6.58106598528366
6.738883717585023
5.18806816345741
2.3924287285436807
-0.8298388640867775
-3.534146935995631
-4.9255462437371405
-4.601687019025642
-2.688701305623431
0.17441169379684268
3.005438278070729
4.765353227855778
4.691294824916105
2.5811439867612975
-1.0701356021141821
-5.152347511971143
-8.245481385860536
-9.07307483104648
-6.961785736953946
-2.145662693871578
4.208056048097637
10.289281091054416
14.181435489521077
14.479576419654816
10.782465794173289
3.8794512924258964
-4.448112144058851
-11.953950799404964
-16.6059768826143
-17.188378497213606
-13.630151334226824
-6.967853168741414
1.015619602856407
8.330925201731095
13.32226764095869
15.058371209369746
13.487189118123851
9.34126879080343
3.850920439901636
-1.6334448384540394
-5.998965126123316
-8.612543726776272
-9.38695890807004
-8.66607617159588
-6.98975098755253
-4.845330494049502
-2.513368508293152
-0.06470696185365958
2.5118880573048625
5.1343472245408694
7.501345243406774
9.085898112675693
9.273211449073523
7.608748935209195
4.058896488217813
-0.8411027524279449
-6.038897742239219
-10.222527679794347
-12.209580996431884
-11.338502757242106
-7.718436073463765
-2.2371050571786353
3.683747765728693
8.50287597232902
11.008329098854961
10.662386667710136
7.740368924041477
3.2217332088681476
-1.5332035767699013
-5.215975788487703
-6.967678814591097
-6.609798073124218
-4.634621317086365
-1.9675888321083526
0.3983840179326882
1.75088409512052
1.8666501566164824
1.0278018498755603
-0.13824895770967494
-0.9268448935599486
-0.8329471329871712
0.2598127604306772
2.035949537587801
3.8553043775555733
4.970684269774237
4.787755361693745
3.087128279383153
0.13548327363749907
-3.3594906346535973
-6.444791532523637
-8.206314625278548
-8.05064586423143
-5.89782421441955
-2.2219416351173495
2.075575521993889
5.9152318924190395
8.335801758164667
8.762005823775445
7.16983716543369
4.089059562542339
0.42795224195301357
-2.828457473323455
-4.939000767133044
-5.622626554473806
-5.088474722251664
-3.877343182040384
-2.5907430977815378
-1.6281356410342263
-1.0439370207447818
-0.5780831279978794
0.1635400268040949
1.464671413995796
3.299561377234562
5.2685843374972325
6.70466361312004
6.915842175675063
5.46844610630395
2.398136231012576
-1.7313750134122943
-5.948799410412224
-9.147010952772849
-10.42246124394813
-9.362734196196541
-6.178338986558607
-1.6371508237099537
3.1675254284774845
7.130924276462239
9.428639397179348
9.69991265763111
8.082080134435559
5.10889631359056
1.523641939970735
-1.9271989053571754
-4.659048086382173
-6.335194419437362
-6.870222348135751
-6.377451193500101
-5.096226542612976
-3.3217623146868753
-1.3422339752831889
0.612930266204053
2.397954810837475
3.9342310741413837
5.15698112929285
5.951858713714025
6.122257743585903
5.425354706174374
3.6867170331212398
0.9533015481912198
-2.3987801012418197
-5.6814603799272065
-8.058628311385359
-8.807994209170694
-7.586725396429662
-4.5958464770872185
-0.5680903513246247
3.4321435315028928
6.338821987664265
7.43445255202013
6.5899711060371065
4.2948627343340675
1.4593829993181147
-0.9349747061631877
-2.1978684544863665
-2.163796334345945
-1.213165217682527
-0.08223813870256158
0.46030135132257743
-0.05584489507675866
-1.5955624182556596
-3.616346457504922
-5.266621965539759
-5.703426456382056
-4.414159211139769
-1.4337823791628805
2.615897112073216
6.682527360041943
9.588900163215124
10.391591921505348
8.67914858047697
4.717157434097084
-0.604671391981262
-6.00777315008906
-10.169605630762417
-12.074241041891952
-11.271073428532944
-7.976089788711225
-2.994999032026355
2.5014849293900787
7.279178429725443
10.33364967025801
11.102592169447545
9.555664928637057
6.157231181068398
1.7274224732262635
-2.75638810926312
-6.37210202521063
-8.438940844917589
-8.644232038650589
-7.089354202257366
-4.248610734330781
-0.8485737147353091
2.3095621769158536
4.543718356565912
5.452711331650761
5.007087059419972
3.5423500980393428
1.6455321346485978
-0.03973678310614242
-1.0269406021602991
-1.1433923660053893
-0.575142145426679
0.21410564183322123
0.6635908869081456
0.3380107965090543
-0.8820791240148507
-2.710378374839724
-4.507112464143342
-5.475624806277848
-4.955133024680789
-2.7087971372217
0.9143085409499274
5.023173996054314
8.430072995854726
10.015713378949279
9.095879501142196
5.673527846640518
0.49221521131184737
-5.1385529774388194
-9.705539445313697
-11.936179454689263
-11.187231626007154
-7.650789569127846
-2.3023446684805937
3.3988599724840314
7.955512095220353
10.272184886591873
9.949418313723404
7.3466212438488885
3.404333731729084
-0.7016663104847468
-3.941215000105466
-5.708528213041212
-5.919750753546905
-4.928642782049383
-3.3169982461056615
-1.647624381574362
-0.2768356543481004
0.7032345136943053
1.387178897836493
1.9087102005625403
2.317364353759534
2.5436963964307493
2.4548572136483924
1.9556111269027487
1.077613133024498
0.009441985667342249
-0.955965853660307
-1.5392174925923612
-1.6007979779144463
-1.2105302864646992
-0.6237290853136905
-0.1722432847831335
-0.11630786189117338
-0.5207337831934409
-1.2097439562802785
-1.822067917226727
-1.947634647721666
-1.2978049347013836
0.15090407958573204
2.0970444108882593
3.9750256600127782
5.129904112910556
5.049471992633144
3.56661063799261
0.9503577189692307
-2.154479931019134
-4.9194118799162005
-6.5874424361962
-6.703779063516691
-5.245836585616566
-2.6139165635672628
0.5034769751486244
3.3344729962621646
5.233166043724349
5.840066018751398
5.156780460727114
3.51596124919597
1.454717248819239
-0.46728189158224304
-1.841333880428245
-2.512978446171886
-2.5816655723933195
-2.3077463570098256
-1.974507061190598
-1.7643591665226093
-1.6956611276817728
-1.638535179330739
-1.393612963309909
-0.7940252193739707
0.21095319225790257
1.5197825083360503
2.8989924113142194
4.04452769743413
4.656894527044445
4.511286110055691
3.5131770674449103
1.7287356019369708
-0.6182289689472266
-3.1773913221419057
-5.5154311898490604
-7.164747014894016
-7.688530581262575
-6.774769599568054
-4.347828248971056
-0.6598290867391975
3.682932434728538
7.7899599864759965
10.658752752504963
11.423516676635353
9.622005487015576
5.398588083159781
-0.43691346998462116
-6.543121350832935
-11.367473552215491
-13.579913573989444
-12.489573095988883
-8.29856205530316
-2.08841949879336
4.476418362337576
9.63872871288382
12.070980566313443
11.262551279093396
7.651505563641554
2.4593133198412094
-2.717469612560603
-6.419820412071586
-7.768679337185475
-6.6926242079371985
-3.877914814971446
-0.4773244232550632
2.3068449790241687
3.617832449673527
3.1918654242098436
1.3933570828852109
-0.955439200520406
-2.882466295599879
-3.6053055626441313
-2.792368849748352
-0.6665555733703646
2.0784251216558847
4.520498554309986
5.826050335730865
5.526692083413122
3.6584111714191154
0.7262635578697734
-2.4726788074450066
-5.095615606333392
-6.491851908261322
-6.368027907640874
-4.84175688493133
-2.376014220013819
0.38215354902765397
2.8030400575004717
4.440465860058701
5.106676181539064
4.852344113367873
3.8888574375399454
2.4933113270583482
0.9236636550774437
-0.6331517031621454
-2.0631853301840466
-3.2825234616980064
-4.181666708814363
-4.600503055945938
-4.359918713250318
-3.338529531276321
-1.5560063299895468
0.7735191677840209
3.24077058939232
5.305004367531709
6.417317276707502
6.177287671196161
4.480022248334153
1.6027864084676786
-1.814316613505862
-4.912269480435308
-6.853085238724459
-7.080867274467334
-5.512800909437842
-2.5893595571837396
0.8452418334930711
3.806572935836916
5.49178394081383
5.538482056551045
4.118917710761147
1.8392481527638618
-0.5022759682618237
-2.1957395887033337
-2.838718409975228
-2.429133742444117
-1.315596448310793
-0.03900370975010091
0.8700900534351834
1.070914861721238
0.515816318227068
-0.548150755815805
-1.6695331815231889
-2.3425855905191506
-2.1813862479461035
-1.0740243306034702
0.7403556507585731
2.716957537025385
4.174004358495807
4.53292913604396
3.5420263633411517
1.3930807469221929
-1.3212056104769223
-3.798046458961029
-5.2928496720346105
-5.362827258205604
-3.9975802644935743
-1.6008502755209288
1.1526363302042673
3.5250691895301123
4.921157134413988
5.035644969657725
3.908770985963102
1.8854146287937816
-0.49643970095827
-2.6456352834779513
-4.050499289356887
-4.3879494752866925
-3.5986659007059463
-1.9099139769794935
0.20944954068923263
2.1623147887656557
3.3901818346253134
3.5537036259422052
2.6584070787559697
1.0603457714341478
-0.6653820832217949
-1.9435300699627298
-2.410558999510183
-2.031826628419505
-1.084703272461895
-0.02180541325526466
0.7281876363959616
0.936889423966837
0.6533985410090144
0.15622365733127763
-0.18943464234869678
-0.107825680254018
0.4454140720931463
1.2363023834957145
1.8338406103386506
1.7988974646608034
0.9021321911360611
-0.7312305828726139
-2.623496209796437
-4.101758272371051
-4.549696984718704
-3.651432763914366
-1.527914902448007
1.2870035643524085
4.017254745626112
5.8942648351513185
6.394559997312659
5.384339064313406
3.128758031686838
0.17881937520469599
-2.804191880723516
-5.215290987836709
-6.616966827812311
-6.784378896383661
-5.702446898164846
-3.545969763266107
-0.6623532833278479
2.4516007285653436
5.2037640186792125
7.007076747848897
7.416181390791251
6.265021072570251
3.756678096744956
0.45830116228499207
-2.8244076070533524
-5.271930378138138
-6.301564652223384
-5.7500035879244935
-3.9177421403992625
-1.4573057247934378
0.8534922588162324
2.3677736399483615
2.7631316514158346
2.115018370785961
0.8430465476356233
-0.44080634317245276
-1.1375023605925554
-0.8665898179948428
0.38787937492920044
2.2443828558041607
4.024958440385546
4.964655503741991
4.467254240849961
2.329713810852468
-1.1367392667801446
-5.133593251862232
-8.553103500746001
-10.270212182071976
-9.479837548179589
-5.990787748084689
-0.38276692001636037
6.049702349188384
11.591046003900125
14.577068070335557
13.90967106870417
9.449292929672847
2.1495063333776043
-6.131509951304899
-13.115688707112682
-16.764480516915654
-15.917482776321847
-10.694748102506756
-2.509738066381537
6.329298632822938
13.308845514619193
16.470059783377952
14.994470344976348
9.430889362824438
1.5003061994841875
-6.449260226759202
-12.160911709067399
-14.135489565029683
-12.044125579901136
-6.768040875935356
-0.06508290742892633
6.020349001662703
9.80519690955847
10.457325344675777
8.171102956281596
3.9916963394048732
-0.6206309754766689
-4.308404357009335
-6.2277619868855005
-6.224169029179376
-4.745074097555682
-2.5603621783094557
-0.42567678944288956
1.1723029415873467
2.1059552870893947
2.5308286614755584
2.7069832347226326
2.8105065604542565
2.822878254326829
2.5477617956334773
1.7422748740638248
0.29110161876047974
-1.6670277997352623
-3.722156893032576
-5.295083436543766
-5.820534369723769
-4.946142439748012
-2.6805522957612165
0.5587694972935914
4.019967080602865
6.800354076535541
8.092654135454037
7.426840537284837
4.835130333820011
0.881746364066592
-3.4632167918424277
-7.076084942668516
-8.987213762320653
-8.656173245459629
-6.135148174791966
-2.0705544568608687
2.462708847784585
6.254094123809783
8.30155756007956
8.107836715217287
5.8296129280991105
2.2212420397650843
-1.613602293467476
-4.57974900567966
-5.935186967400843
-5.503837355010363
-3.6849410063751784
-1.262265276737165
0.9061371727409752
2.1928172938030235
2.3906149110412924
1.7323488554829738
0.7452146240415987
-0.0015374872977994211
-0.15302273066368988
0.28296119073094256
0.9621702603658298
1.3881580611223927
1.1667665980877389
0.2175469172521274
-1.1520441263216226
-2.3512900522133737
-2.758218291066887
-2.019252693622587
-0.2632435985270853
1.882254384288991
3.5071736781440936
3.7961926165367132
2.410305579244163
-0.30267177622610114
-3.3792431028870045
-5.584366238137148
-5.902427211044729
-3.9787348411765278
-0.32044488438878616
3.8438796990468367
7.003368107621336
7.932240584498332
6.164218613141425
2.194328647275034
-2.667179736672095
-6.740882634161651
-8.568093073655609
-7.431687533675994
-3.621409042085513
1.6448389806307022
6.612212143798599
9.561529458478404
9.37756041878808
5.930830128816716
0.1491746893587988
-6.2479629750375
-11.271770212189402
-13.279449459274154
-11.489125353294053
-6.231899726151962
1.1364596066508763
8.631713207668032
14.216213337806574
16.372478512868014
14.507676232357857
9.088019850526262
1.483618469723551
-6.423549987162203
-12.753119112342015
-16.107966958509877
-15.885611141294488
-12.347475309797343
-6.460284794326836
0.406581398618732
6.81831865612642
11.561410288314004
13.841682159005975
13.386397482065938
10.450649477584731
5.7343551768108725
0.22905847855814915
-4.9774440231656
-8.908460189357001
-10.884712604403552
-10.652675370473855
-8.421857710956667
-4.797981913044284
-0.6291638831434666
3.1954728615931827
5.946482943729651
7.204327053928948
6.920954784102394
5.384860576486425
3.112788976316296
0.7043836698983093
-1.3036995719998554
-2.5526583344246023
-2.926347506960025
-2.5603577704538933
-1.7925542459853172
-1.0536066138114295
-0.7141897211360444
-0.9352584327094144
-1.582853017981707
-2.2538172480187306
-2.420150125504277
-1.6512374462930068
0.1681306958258254
2.717359243666179
5.28096823533652
6.956529322771542
6.970131179657364
4.989205150592217
1.3097038749539707
-3.168684890775363
-7.189556951877261
-9.533006872733429
-9.420074852566332
-6.7859008710634985
-2.3225855114356824
2.72716175574041
6.9555281297518325
9.222661893352281
8.993246903915818
6.469270013363967
2.4854973334584023
-1.7810759949157755
-5.177194459551541
-6.894636002734488
-6.6610506375421705
-4.763755555802853
-1.9148223492252576
0.9928335086409624
3.158273269032774
4.092084585716349
3.72448357485237
2.3790433636615393
0.6300927900188499
-0.9012971295252133
-1.744645723953455
-1.7153706713774635
-0.9540992081416708
0.1412186480308925
1.071296160131732
1.426861391011208
1.0439587000460733
0.06246579164893191
-1.134580572252723
-2.074628270117033
-2.3795790483399752
-1.9075527403394876
-0.7987270458639698
0.5883526687538605
1.8181735192116912
2.534955054281062
2.570964509004529
1.972048900292426
0.9499894256710923
-0.19941452551395525
-1.1781053649454252
-1.7550504974485457
-1.8203678599950535
-1.4161030266957773
-0.730145018983583
-0.04085975062572217
0.38530651360225804
0.4090896497550157
0.0886456007730259
-0.33942835977849983
-0.5680431902296674
-0.3694980871973072
0.28430804870074083
1.190650579478888
1.9895835501534924
2.3098079014609687
1.9261798655265625
0.8667906758547209
-0.5757254720368952
-1.9427444189363372
-2.785597227824399
-2.8436842776511577
-2.14350536624846
-0.9762595451294958
0.23032695450126342
1.0863261819229293
1.387518861915837
1.1801970990460755
0.7209133738003292
0.35076529249323474
0.33628069645817993
0.7415093434654406
1.386808087619713
1.917107392351347
1.9523704000993913
1.253648106054621
-0.16331867717420187
-2.004060648548991
-3.763007806471676
-4.863484377517793
-4.836903184687628
-3.4917445446971405
-1.0141166979415277
2.042456116112352
4.884570474307044
6.693993570992284
6.872437632398877
5.242046859777291
2.132592568005312
-1.6823312509416586
-5.188705522661277
-7.415773963227105
-7.715293272161696
-5.9557895662614
-2.5746870270361666
1.5336392941445987
5.268012011057284
7.633405706757856
8.016514155065533
6.340219866460275
3.060372077886012
-0.9789909066777911
-4.777365725559523
-7.427596329845423
-8.323403763515055
-7.283729268879922
-4.574709001844652
-0.8323825884941899
3.0917979399357485
6.327443491745109
8.179113446019674
8.272101342094473
6.619080379338293
3.600507592039764
-0.1278368417069677
-3.776646531534574
-6.588868951579075
-8.001344376849845
-7.767018269018009
-6.003599415087662
-3.1530705685760347
0.13788375836278058
3.1844841834108064
5.429759034625201
6.559958630306153
6.536272420718051
5.538325779209836
3.8497947990990324
1.74622581783495
-0.5565071145488891
-2.876230863060423
-4.994969065814475
-6.605574935321182
-7.325973272139219
-6.798485634822837
-4.8458325410770655
-1.6171053326165827
2.3519183308795966
6.210467815159254
8.992438787777402
9.892363688657175
8.530571973468344
5.109540310738119
0.39616123647771506
-4.470150205351592
-8.284408822593326
-10.106417751210927
-9.516650671396343
-6.721987319052257
-2.4832042170522852
2.1083272941318563
5.932846874351017
8.132241501812635
8.309046683042997
6.589943105711698
3.548896039551248
0.02022052688606353
-3.140155823337071
-5.2719545654698345
-6.042821758756985
-5.469334583179899
-3.8451372968881437
-1.6218862230630195
0.7088893435421685
2.7027992128781086
4.014848007304007
4.430798279856565
3.8922942525507747
2.518893167974814
0.6119822902419811
-1.3849422201393808
-2.9820363177626326
-3.7770157314045707
-3.5818707209912666
-2.4881676031755107
-0.8369420183841844
0.8988570766110048
2.2731184716778676
3.0021217881610296
3.021389462306403
2.448633709024408
1.4881511971167136
0.3349090400167307
-0.8756050826405862
-2.0529272709538198
-3.0872420308748665
-3.784905389409741
-3.866781355079551
-3.061795816289764
-1.2659557472162244
1.3155413565533332
4.130365049236061
6.3871009535027365
7.287403521785939
6.308435259801945
3.4340250726992827
-0.7593638374845127
-5.208681386049217
-8.643842777551841
-9.96638783130486
-8.616644780685812
-4.80610333158466
0.4838768193228123
5.763657369670228
9.48438121541289
10.526094761129142
8.562268528625681
4.1807692569029715
-1.2820084457475733
-6.147811999751806
-8.921110727722416
-8.768191642397738
-5.7947638341551935
-1.0237643434140224
3.9280942782635595
7.374658318616327
8.117908367226493
5.857597476689917
1.3132669232131944
-3.9909873945470773
-8.214772980245105
-9.805877302219125
-8.027914229894506
-3.24180461006456
3.1569634984543553
9.140584008661719
12.67969856150039
12.41443721769286
8.150394900645665
1.0010185667449758
-6.8993696031291
-13.046845262848006
-15.386295190821997
-13.022271027726656
-6.5654009358994845
2.021218929997668
10.036513386648977
14.919865098374883
15.102744592733808
10.541228129169626
2.7379521772265147
-5.761467511241355
-12.224071067276927
-14.638410739143838
-12.363059357459852
-6.2966362128063125
1.4776023767492887
8.431470417771475
12.442876095395512
12.458736993111797
8.754276134345403
2.734281701022184
-3.6115994253445622
-8.387453226912973
-10.373240981083178
-9.3270756275154
-5.930192616879055
-1.4347809459792
2.8187558531487378
5.820652986418699
7.10698712357515
6.7385651595372815
5.115320628984152
2.7485481756416403
0.09859214573932619
-2.4708078571779066
-4.642139430076768
-6.078167516277084
-6.428365494654316
-5.435293935338253
-3.089190558223791
0.2568478446013255
3.8840071533730094
6.849396088668037
8.249433802535505
7.525361939110849
4.698503517115161
0.4346585505075319
-4.107875831263374
-7.614730976120725
-9.032677664640268
-7.923174045800427
-4.619327326375793
-0.12240306727105216
4.22667313206339
7.1823546103327995
7.984238723281459
6.57072184127747
3.548478034764994
-0.06092314174752036
-3.1891136834480647
-5.058551415628272
-5.377863721451312
-4.3533617482136755
-2.5397888650978304
-0.5995263279502128
0.9359898008004771
1.816492071851723
2.090173204728767
2.0008792283173027
1.8243738205310152
1.7207306211940583
1.6664352774926572
1.4902466113334174
0.9873577448783049
0.05341027051905554
-1.2221991182668244
-2.5452215895822787
-3.500452883764866
-3.705708116329717
-2.974310912824771
-1.4134853331986539
0.5888138819953938
2.4889440431433565
3.7751210052255906
4.136291216793055
3.5411275253920818
2.207816570024629
0.5003813663052014
-1.1922340358088204
-2.5509873451211935
-3.3745373652787354
-3.5792428703767083
-3.17021703513006
-2.213838528133941
-0.8313321512404979
0.7924977192065075
2.405956129934217
3.708586224938177
4.395759323162158
4.226202595228715
3.100195319212159
1.1241797315210957
-1.369016938087486
-3.862298246236415
-5.751769861319519
-6.479634872748047
-5.6825587113788405
-3.3285191198064137
0.19991303049556808
4.122662495533927
7.409262338669372
9.046183456447684
8.361051429484373
5.295003091432573
0.50780045076847
-4.751128809676117
-8.98646717147059
-10.913392669902468
-9.877420333164158
-6.091689789803334
-0.6004380295261545
5.030229273981218
9.195967609225724
10.750984466193358
9.352534459143614
5.541068339959775
0.5346027591085799
-4.18607418925724
-7.352616781533367
-8.277484428548
-6.99513524886372
-4.152666746378016
-0.7249059349437685
2.3212370211861786
4.2963707620621285
4.920302280923772
4.304812885284569
2.83058337810386
0.986232307974304
-0.7697213856301324
-2.0904234709293363
-2.7662946572413754
-2.72066615375055
-2.003871475816434
-0.793039418142753
0.6200001792569125
1.8738843619599141
2.618082179368557
2.6084700188592405
1.7867293222371898
0.31545783942577366
-1.4434046701816126
-3.004301449833052
-3.8775579938880536
-3.7105331555529926
-2.4124185059572634
-0.21990911680900527
2.3287536886007927
4.52110197501552
5.672400530191438
5.340284398787293
3.481226864538163
0.49700902982452627
-2.8502235307493904
-5.640287997773522
-7.0611113870063384
-6.655346100737357
-4.4648801593028455
-1.0269301763467045
2.773190179184454
5.945549171688178
7.663446706352743
7.47873333598999
5.428237869715067
2.0122017903120963
-1.9400414398931043
-5.47722514604435
-7.75194964539981
-8.21304408429931
-6.727366578171892
-3.610001310909158
0.44224408550844313
4.500357213994191
7.605825673688421
8.98859823613294
8.25871640318812
5.525526331080146
1.399913708012064
-3.1408271035004605
-6.99840742229453
-9.23747932909867
-9.321728025255597
-7.236546923832667
-3.4750209162710104
1.0939685713604002
5.4313514406473455
8.555851618597107
9.747911924522896
8.697828656591586
5.584296694678604
1.07414501318777
-3.77688877822393
-7.740605330451614
-9.72942439950692
-9.12788788868063
-6.030501015364915
-1.285981960435028
3.7017500931542413
7.389132001136981
8.606660103674178
6.985158423247582
3.1207540010718153
-1.6019230672252052
-5.4826891663893225
-7.114408284262443
-5.902631735162114
-2.2982360896736784
2.3468177533680805
6.255641213303331
7.87189777287231
6.443754130625697
2.3295942213836947
-3.0932440332520295
-7.893574997483571
-10.268663217368555
-9.205726873486826
-4.881789468782872
1.356282019696479
7.439121767682102
11.294237049879786
11.577404803149513
8.150158675808479
2.1320480039330776
-4.484049255174947
-9.51253227653418
-11.32203341358462
-9.400800250403398
-4.540097079465678
1.4465658720584293
6.386580907940386
8.560429907020977
7.353106350999548
3.4809727396489394
-1.3058511956425125
-4.934938648840475
-5.858207423524271
-3.695034215479465
0.5911723424005466
5.063771636442302
7.596994318116272
6.76883940641778
2.5005726441868896
-3.827259934541841
-9.845639163998165
-13.085825201482836
-11.94870523351648
-6.37731566977393
2.036712824021635
10.567668552071412
16.308491458466065
17.208606845849285
12.811043154466203
4.4225572468024135
-5.333967481477871
-13.414838426267995
-17.377319798442254
-16.168115573960918
-10.409516245477743
-2.106197136150555
6.091295507841978
11.784103786260369
13.56750243897311
11.380315710814358
6.37940382564755
0.4291857042928825
-4.58202086310971
-7.351769757941246
-7.501039879329126
-5.55179273108077
-2.5953640246396352
0.18620586633618463
1.9510879562181438
2.4326069352350568
1.9189986555004859
1.0183880873232114
0.33193831275974955
0.18770505839627427
0.5425444787439547
1.06407201968165
1.3236622583290496
1.0083669394967574
0.07661148158324364
-1.1945665775735148
-2.295718164827964
-2.6862724732130507
-2.039646958593007
-0.42696890978418617
1.650146644097454
3.406148431035504
4.055005097228839
3.131992980775373
0.7267307359366293
-2.4784387278077773
-5.397346447411012
-6.899584213528993
-6.21968524937197
-3.273699524446687
1.2362419691038875
5.9881106474570345
9.444865786018873
10.3705934229834
8.276635967758843
3.6316007942360518
-2.2557447700653186
-7.656019791727543
-10.994090481905195
-11.363915246132034
-8.795273919359806
-4.187656740856269
1.044601287306011
5.4672679742681165
8.07319627158799
8.531081588800852
7.174256395831846
4.766565684181167
2.1574160799173914
-0.03265386215936485
-1.5780558726541754
-2.616783066121644
-3.460293478004033
-4.348338077202931
-5.265688138565384
-5.901828350039173
-5.769860074428295
-4.433661304799653
-1.7489685463890787
1.982847299652556
6.019029081364592
9.348417763601777
10.980205591454315
10.25637889763737
7.088046607622715
2.0364543511323165
-3.794137843899468
-9.026277652422745
-12.36699092836648
-12.952829885517216
-10.58758296090719
-5.809355044960921
0.23340415713166515
6.070039115780709
10.288301706536263
11.90745269006171
10.640283977937294
6.964727197037027
1.9776605534602119
-2.931806975206874
-6.494228977180948
-7.924944646959551
-7.1200506275601185
-4.627137949937831
-1.4204174435867438
1.4315936145906956
3.0979845707266276
3.2217757493712105
2.0004018739884155
0.09242456970454849
-1.6237977502510579
-2.3683643575011066
-1.7492174666889035
0.08508160765381896
2.492099945549208
4.564956512767826
5.455691965559874
4.677578824634165
2.2873752327402963
-1.1135417992281123
-4.5640151867483105
-7.050112786181821
-7.822590917316608
-6.6188643222037244
-3.7321280413160296
0.07876108891607518
3.8094656839218533
6.501372932904724
7.519984453107612
6.7308785070486055
4.509847829832318
1.5845153607998799
-1.2262715921829475
-3.2749662092514638
-4.260316307586721
-4.260618677332264
-3.6231000899474366
-2.765998471426659
-1.9830340540193483
-1.3324897397811373
-0.6569931932206998
0.2762150720672648
1.5854331619755657
3.135178782243259
4.524414447363194
5.218570223224192
4.773107950607162
3.049322656455878
0.3221756460482749
-2.7691473916681284
-5.404956856408675
-6.832146418087632
-6.594291852218488
-4.6772989943500525
-1.5300369939567904
2.0446480522881054
5.102227739336689
6.820532922654422
6.73980057257419
4.899265744188557
1.8239468122441478
-1.6323249745375352
-4.5360758369477905
-6.13819605617379
-6.0746413836179345
-4.447920513196997
-1.7709796246818321
1.2009670857037493
3.6912316639645026
5.108113165589017
5.1844127488160225
4.018292844414568
2.009130497627341
-0.28538355152700384
-2.316904503387679
-3.6807991560835127
-4.181870464659321
-3.828620144027543
-2.7779676932733106
-1.2652884231045198
0.446263937293199
2.0838373319434775
3.367932028836719
4.03322189172437
3.8857364369465275
2.8819034882170755
1.1866979685432772
-0.833017250927751
-2.6940363386500707
-3.934963797624751
-4.25586352235434
-3.6080360893827352
-2.2006265453433724
-0.42195946482111146
1.290145205926361
2.5751181551194833
3.229936042650207
3.2268570663037885
2.679106697262333
1.7805332109628833
0.743311895174265
-0.2519782344068331
-1.0841486300836471
-1.693536029934091
-2.0666824953200327
-2.216502446493741
-2.1655115122914115
-1.9327906629640164
-1.5238261825066055
-0.9283016449587079
-0.13403431555354714
0.8437879597756291
1.9294060626464773
2.964314506999313
3.71364652776515
3.9145677697817938
3.3592889669194177
1.9824703431712227
-0.07844299694366592
-2.4676941077345886
-4.6544551398166565
-6.047855603563826
-6.169743706621438
-4.829267883843527
-2.2282826139087173
1.0516353386680228
4.189359442629561
6.3555540670584305
6.963580559513632
5.85666464434278
3.3654224336769407
0.21126725949609731
-2.7172822037337316
-4.644044896271563
-5.145711758273091
-4.267716391420612
-2.474320629406337
-0.4573000989012989
1.1181449459336756
1.8359227905282058
1.647009728738242
0.8507075241090842
-0.044403024223701015
-0.5252927343613322
-0.2781047269599782
0.6751041462945272
1.9622358208802133
2.987746149358228
3.1608179158391008
2.1447354126650424
0.034825647975007534
-2.6124800433108417
-4.930227160109889
-6.034268335727103
-5.360444558560272
-2.916140890217768
0.6629502441719229
4.289410529051948
6.781036703538239
7.272683613675838
5.533640891520249
2.0733462250711985
-2.009738043504723
-5.394069976861723
-6.9935781691534675
-6.341404795290206
-3.750034760865732
-0.183103585273676
3.111099484961614
5.059738559628864
5.140681959886522
3.5339226097020506
1.0029442740209786
-1.4332279163618862
-2.8987265643234226
-2.9744455019732645
-1.815874847281861
-0.04701152109626245
1.5133852933188523
2.181838950851814
1.6725291595236862
0.1963635678925642
-1.634351820534068
-3.0489202245525293
-3.4114753832075477
-2.460216271247707
-0.4129018505526492
2.0962764770738365
4.22693077909143
5.218664494937573
4.6550603376044295
2.613049568119454
-0.35267329734197395
-3.3798206693871657
-5.563822118924604
-6.234726949891789
-5.16184098723276
-2.626419612011918
0.6564699091241651
3.7453474786961953
5.752236077857188
6.111794356447787
4.755002670503283
2.1304009849626198
-0.9400793672365402
-3.5281583485354457
-4.8962170172336785
-4.721557748117578
-3.180082892479479
-0.8701750605868636
1.3971384236524131
2.876031141918937
3.1416521476727004
2.2333804600179947
0.6248734933469592
-0.9761980101170806
-1.9191702674253432
-1.867493146412106
-0.9137257537429694
0.48759610686105626
1.7281599899302138
2.2997065790075832
1.9884303088260131
0.9368589527025672
-0.4403328901985597
-1.6390393533763086
-2.266665247434268
-2.1840954902148204
-1.5373119850640065
-0.6681300990899719
0.05620141052988576
0.41581716867769236
0.4312465179638548
0.3324517453877644
0.420847509920944
0.8927060176367355
1.708771169575694
2.5715591505675315
3.0242339309326596
2.63803384177404
1.2211987500087214
-1.0374997300213125
-3.5670844604422016
-5.576314194142933
-6.32642262143834
-5.409532318598765
-2.9211545442776083
0.5426375212462201
4.061271464696495
6.673251335662374
7.670085299542568
6.803420574759645
4.3371580795409646
0.9354039748384521
-2.555100990117674
-5.336763329300861
-6.836304335322034
-6.7968901442840615
-5.293948011654899
-2.694781726278623
0.41888311107430365
3.3553710565914274
5.4418122776113105
6.169394708886452
5.329755753585869
3.101945409577695
0.05066060983575454
-2.986798600009423
-5.117518682779615
-5.662945448038071
-4.393415770222624
-1.6381062966977977
1.7801258449680812
4.7770031954210435
6.338117580381544
5.844997623413412
3.297468784708009
-0.6366873580953167
-4.77948799711949
-7.7875573502920235
-8.586005681474107
-6.740380375633728
-2.6305507069905967
2.635113858910377
7.5364848366230826
10.591764603436754
10.80589571670199
7.978424944552999
2.7745193096579963
-3.455404567705214
-9.042676123018357
-12.446955600410748
-12.670280639017639
-9.540398048873367
-3.7874282662666254
3.122039059596965
9.363780472824551
13.25008213033897
13.7026290598476
10.567843441295926
4.677730692256511
-2.3699609514066977
-8.658484856586128
-12.501469916869281
-12.927353995739416
-9.945365347523737
-4.515372316837938
1.7599722872596484
7.122276065682354
10.172620362067597
10.255943499768318
7.60290338251667
3.1996067806541286
-1.5593915899074422
-5.3150202102736674
-7.139940428520807
-6.767447858643752
-4.597228520168896
-1.4957809755299305
1.5299313058660418
3.6654749861264904
4.504261666160395
4.077970725014817
2.7292198736472244
0.9210182641466306
-0.9186246516698895
-2.46617825117826
-3.496895721129244
-3.8520520338235147
-3.4267386257912644
-2.198998963318186
-0.2864648575868373
2.007551612060976
4.2003000194701805
5.713558804143007
6.026259604167093
4.848656559604888
2.2558154878332464
-1.2700913502739082
-4.917259802255606
-7.738670859989869
-8.916241984515088
-8.011099322801103
-5.113916788794891
-0.8430072784900909
3.8104866954417633
7.7434131297984345
10.03043952452859
10.15744730463207
8.131048823879036
4.441956625441017
-0.08702376698646432
-4.507183074945524
-7.9470896401871745
-9.777442253369662
-9.71791996503369
-7.87103601911958
-4.676677669857953
-0.799310399546946
3.0238506181721565
6.135755375730653
8.072687665698124
8.61158083517667
7.7570394429502905
5.698651626089794
2.769735939590522
-0.5832273186557398
-3.8368194705186114
-6.452048786761258
-7.959631573073905
-8.049935816987139
-6.645944875419853
-3.942892839436767
-0.4042021369394494
3.294543584142246
6.379220708067376
8.138065868597627
8.096807089996592
6.164147165132036
2.704597749749913
-1.496996410524063
-5.3942571974113465
-7.9409627769097115
-8.394118200591862
-6.563971789430805
-2.9133446083338033
1.5489641539440746
5.559804280314439
7.983845942454897
8.15703866410258
6.0784223855899215
2.391791302639336
-1.8289884358115382
-5.41114675404139
-7.419356064346736
-7.399472764986237
-5.472290337120456
-2.264386299161338
1.2960258924533445
4.254465622603395
5.893520811569801
5.910716491713992
4.469038134817228
2.1140671832024327
-0.41328903137485257
-2.409609452388123
-3.4156149987923397
-3.3336122336627434
-2.420774968243627
-1.1654192194199966
-0.09238470633921848
0.4350977810970142
0.3464848361107719
-0.12463717716771136
-0.5581428513256634
-0.5492193247805726
0.09041318768817322
1.223516110913923
2.4264127619
3.1636309878812967
3.0196864732274737
1.8854794672073085
0.02317849265434704
-2.014487999526999
-3.580798677196601
-4.172386953894639
-3.61160383530861
-2.100253541430212
-0.1299330847932803
1.702784546336628
2.8960876060298855
3.187187163250655
2.6045173491288645
1.4265700954451408
0.07255372635623328
-1.0355837186283074
-1.5983488356832762
-1.518351885333093
-0.9174580157344387
-0.08933400802342807
0.6038505266725728
0.8643758059646857
0.5734777993469877
-0.16071075005686988
-1.0395864201260405
-1.67856011691771
-1.7450919781635195
-1.0889429140779208
0.17743464403998904
1.683608324285179
2.9066800729831272
3.355036054896555
2.763491899351426
1.2158049843740406
-0.8618377042228907
-2.8363572508576937
-4.079462284901023
-4.178391138297436
-3.0758229164782374
-1.0939053432090682
1.1681858851844866
3.031734627996621
3.9627734652089424
3.7430820014059285
2.528851449221506
0.7805914786518657
-0.9075815839020549
-2.0184777654093375
-2.28802736719915
-1.784075393498441
-0.8593745302736505
0.002408598185575911
0.38773421405102193
0.12412279521877119
-0.644135816952699
-1.5071314315949993
-1.953780506461426
-1.5895461751673432
-0.31945317289856195
1.5810061969417468
3.5385735692780123
4.873515905968828
5.039352808812722
3.8216014056116587
1.42347539612428
-1.5872309379510252
-4.4461267954489
-6.416290080765736
-6.995178187058145
-6.040750295162916
-3.7858232108309156
-0.7513495142122465
2.401565986891848
5.0330625076249955
6.656015524090554
7.010312037030091
6.081953411085089
4.087639184364816
1.4337863383053877
-1.3571103164592098
-3.7523565887646186
-5.327698615036482
-5.866284662502194
-5.401893673043268
-4.184132432681731
-2.576088299176484
-0.9263473956474758
0.5329971084017391
1.7263709567577405
2.7071207810397833
3.580452439592754
4.4035103504598405
5.097035857250754
5.412701404737082
4.989674319014875
3.4972015530320273
0.8177583395109249
-2.8012701116957146
-6.699455153982972
-9.904783642563023
-11.384666220171582
-10.385272169801981
-6.742962929745918
-1.0408493983224492
5.468036827279075
11.165787556123982
14.517276709592084
14.526027982456402
11.055505661469628
4.905672076190928
-2.3919111262925514
-9.002065365659355
-13.301035609289954
-14.315538018009763
-11.95734122621921
-7.00158807085902
-0.8353467862000276
4.942956538379411
8.961539326613394
10.428562252313561
9.29958660725473
6.218042499932548
2.264932543724247
-1.3909694608073426
-3.8349697070442046
-4.64577681479971
-3.9706345863215535
-2.421023197303842
-0.8241362982021239
0.0898087084864559
-0.040632861975637445
-1.073282125801548
-2.4167231393835142
-3.2611692547536184
-2.9081425380944004
-1.0791055666247305
1.9179424923950659
5.237836611195134
7.758210435678183
8.465625354833671
6.833615812348353
3.056513435988647
-1.9516164068994915
-6.810032017369977
-10.106302686567597
-10.86279353913082
-8.857771974368685
-4.680918310616255
0.48621469866779504
5.267275319426841
8.512009166376647
9.597317170996478
8.5247761539275
5.814318492056156
2.2684427109475926
-1.287793684923977
-4.20448423049987
-6.098743865452446
-6.8434323032108475
-6.493178758273561
-5.202598644167903
-3.1761203534292832
-0.6579640919277409
2.0523516477092905
4.582821021705374
6.49754332365313
7.353941752390003
6.811083791412311
4.7635766547483085
1.4526318217392964
-2.502983864186376
-6.19750028458648
-8.650564580853448
-9.092580294066142
-7.235710247462089
-3.430570457274091
1.369181281355589
5.85435650499977
8.757563198067658
9.264077618853477
7.28129279590801
3.4664223660668365
-0.9937232040953392
-4.772314901052345
-6.83133962620978
-6.746768548798117
-4.818150029159889
-1.9228932582132754
0.8319920098909895
2.528832286746427
2.7673800012728895
1.778873075557074
0.2902641835692006
-0.8027881751380008
-0.8261127922336716
0.37413014793022875
2.3469803699639424
4.203391425352451
4.96839330095049
3.982929404659121
1.20421482073322
-2.7108969612551173
-6.580274013909601
-9.077415205182104
-9.191289357580674
-6.604352927983973
-1.850944126947973
3.8075836286893923
8.754154148536887
11.510083180461956
11.191811923838738
7.791490559773753
2.1998777692760925
-4.038589072671106
-9.172057051370093
-11.757432111125162
-11.087458749134186
-7.3935234416509585
-1.7618518562687409
4.200732763497551
8.836510784060122
10.900735984261237
9.89589817421883
6.190549070583323
0.8911303469676025
-4.493524213611002
-8.488960368103212
-10.058764504704214
-8.86299847146232
-5.314107731875606
-0.4316619524242512
4.454722427693653
8.068821219269717
9.516594324001378
8.496861455580484
5.351781662808337
0.9556944717589821
-3.5276892513785123
-6.959850555614406
-8.528506151754854
-7.948225668712422
-5.5063380182786394
-1.9509435139974116
1.7373677017390126
4.621843823682713
6.059460455632815
5.8609040507555905
4.3170058020275395
2.077449842097392
-0.08630663227418008
-1.5527443977128559
-2.0535618803489832
-1.7296823981844245
-1.0251851226880069
-0.47459238652593416
-0.4742155193133826
-1.119483112210926
-2.1601001989332342
-3.088947864851628
-3.3381488915692397
-2.5131773731299547
-0.5747505435264699
2.1032329439109896
4.821297401198478
6.75753890292285
7.22313176449387
5.8914431196318935
2.925856429042227
-1.038015655114992
-5.051337397232752
-8.102997254361027
-9.388052988866912
-8.5202427074361
-5.637988653098585
-1.381823497109045
3.253616219903371
7.161933952339378
9.40240002436352
9.440148735557505
7.285092512000291
3.4915866138789644
-0.9808124277128659
-5.009490267975182
-7.59819953482142
-8.147317144263605
-6.628397457554995
-3.5947544566397824
-0.007032685840182662
3.0745033777143673
4.8229281527107135
4.888455256005495
3.4793275042135696
1.2633131867658358
-0.8750232928496713
-2.1440568766696484
-2.120930207787623
-0.9000500579320484
0.9418444183415035
2.5607079514142894
3.1680405162427663
2.3418256824989148
0.20759191574552077
-2.5802499269513643
-5.053516140125744
-6.266521549333472
-5.634791684191363
-3.1571170559307737
0.5574133407143208
4.466681256022203
7.415732832367145
8.494813047499381
7.322796243253297
4.167834776101574
-0.1325060560882265
-4.423370081477019
-7.571079928639127
-8.779029774770157
-7.7895619779545875
-4.923934472554563
-0.9659246364568443
3.0612880802520483
6.159777381867041
7.603688265930197
7.113922113595094
4.914918442544889
1.6569844149642312
-1.7710946139494355
-4.483910419067065
-5.829702028550557
-5.550328757881512
-3.8331477270559575
-1.2432952618698916
1.4470384504406304
3.484987018885862
4.349349190544588
3.883604202377521
2.315234482935909
0.16553969905840232
-1.9155961458236594
-3.339040764825186
-3.73637024912991
-3.047670419072407
-1.5170954164467756
0.3966694325091697
2.165703721611338
3.34889940820768
3.70723243439408
3.2400291289961825
2.1367232513033274
0.6741725100972294
-0.8867244385148233
-2.3515528044648417
-3.570369995309368
-4.376251367743936
-4.549184394980816
-3.855036676867974
-2.1596938121126144
0.4324673684847872
3.491051301278315
6.287347389227235
7.961204943117812
7.793755749173744
5.498295219597248
1.4141756727917416
-3.4958231352013702
-7.88016809177023
-10.404566034056717
-10.190553509638672
-7.13410442954933
-1.9958394803610475
3.775484155592819
8.447924094077377
10.534106189670231
9.29229600230495
5.037585096184508
-0.869419062638186
-6.400397496610684
-9.518113090752285
-8.908977382419476
-4.525875783002122
2.2777555854988285
9.109164144104286
13.307687853028979
12.887095380929745
7.3271277765781635
-2.0838642308412703
-12.5226741422356
-20.481417473829428
-22.935582478202136
-18.43151255169695
-7.698300866289102
6.45913860924524
19.979259841190537
28.81030137847431
30.19282168471471
23.52418727608557
10.530508763343908
-5.28175711547756
-19.689311455072357
-28.97914004693891
-30.96223649549088
-25.488125069096093
-14.345060728479824
-0.6259101634959362
12.204521192245165
21.241341084587997
24.809556178523202
22.722873894214338
16.122644983100486
7.007385045686881
-2.371214595145519
-10.062496340940617
-14.786638439145669
-16.071201727369097
-14.183593301441983
-9.931433286422424
-4.4141577609348595
1.207483079942045
5.89434777828776
8.866650519375451
9.707231160874096
8.42816030423525
5.479508511742751
1.6718688038266152
-1.999621449114487
-4.603962224475023
-5.528290697705919
-4.652192684776243
-2.3767595577110474
0.5086227799667613
3.0771181334646847
4.5400493963798505
4.451052256711191
2.7875675892351444
-0.08095392338099093
-3.491751908855074
-6.612178775011692
-8.575946672474947
-8.64213160831938
-6.380387452614539
-1.857519431584064
4.233888556713068
10.585395876274358
15.486368225027222
17.24531632009179
14.73254700429327
7.872083110442415
-2.122779776173145
-12.914544640486266
-21.608355451397692
-25.57084463231489
-23.25759324259876
-14.786448700998992
-2.0467291299106805
11.740761216049004
22.91761571414474
28.463807243007356
26.89961804708021
18.715127411670487
6.196887980176047
-7.276898494223464
-18.23596020669665
-24.093920499881097
-23.804588787182944
-18.01861403295835
-8.731952169664213
1.4167710141961314
9.943809359756182
15.155443855308254
16.4509502502393
14.257459836119109
9.688790920526168
4.098533037746722
-1.3025452330956344
-5.6652781256158855
-8.548144798703719
-9.842915410649264
-9.650530117027436
-8.166586277021088
-5.616313697097656
-2.257827641025317
1.560614778011218
5.341805884523534
8.444690000464792
10.191157482077822
10.057332465637524
7.878148660805979
3.9722636687912813
-0.8800236382208311
-5.6144203285510095
-9.162262046481526
-10.739615182902233
-10.051759727296204
-7.351377136921852
-3.3397824560965623
1.0475240183618935
4.894591026657001
7.517570689651287
8.581008970613823
8.101181584115922
6.358645871300102
3.7729600999300272
0.7972611932616954
-2.138897272915232
-4.648636669590948
-6.397247870091274
-7.125546378767013
-6.693416491469499
-5.1306087479449305
-2.66993761140076
0.2625518739047218
3.1150276472285965
5.325589126189154
6.451588141674411
6.274566295450791
4.859853157339843
2.5601801371792514
-0.04948395313792991
-2.3116032299710705
-3.6779249891965944
-3.8938919806592542
-3.096147670914948
-1.766756992051013
-0.5491144124468036
0.007287001161046388
-0.32437989814477286
-1.3360954329676187
-2.4415076556642203
-2.893385616940775
-2.088634432222761
0.15391658079837542
3.4512308362427513
6.909580524286284
9.367504884595766
9.756706507179901
7.469785136306703
2.6254400930274993
-3.8505683726016438
-10.37669983405688
-15.097402718674006
-16.41767362376391
-13.538806814161168
-6.813551839671056
2.2288325984769095
11.242245788676232
17.72589733563086
19.784168512701807
16.731571797933466
9.336192414656924
-0.38557843632012334
-9.760905219110912
-16.252711443732867
-18.206040743377468
-15.316975907363963
-8.677755302073804
-0.38947663582045816
7.120524672837181
11.843963624665749
12.75911734425971
10.056188119953417
4.978477776351568
-0.6426070387049663
-4.999353969444221
-6.87542346601644
-5.995199837631387
-3.0475973799312643
0.6152589827307107
3.4915807568961923
4.470135919962068
3.207883252181775
0.22134481348308743
-3.325070525145486
-6.045141655527275
-6.818981639402141
-5.184942917759879
-1.51377839434568
3.0940092279766582
7.164362672793238
9.349164721447407
8.89636214301056
5.912036190119629
1.308088927905872
-3.5404948033110335
-7.284251516212239
-9.037654512703075
-8.603034837047765
-6.414002084557992
-3.258135751087167
0.06901203474253204
3.016692335429773
5.345932862049852
7.0204080425673485
8.014798478672267
8.164786567215133
7.153274874602243
4.658446191601724
0.6069198022493499
-4.591776302690156
-9.966272450716895
-14.139747955466042
-15.702900675592515
-13.690869624321774
-7.999387436743486
0.41901779044725807
9.681389070809061
17.42787791240395
21.48667369965152
20.54239578974192
14.584061088287768
4.973702102945235
-5.901916527872986
-15.295834067180339
-20.877133157720635
-21.38021483100704
-16.929065674413405
-8.94162342445388
0.3431733856571699
8.550596558684052
13.843107794101659
15.375399430933513
13.406536010597303
9.061497057330566
3.854905612618439
-0.8328389341751697
-4.137728981084503
-5.8393940740515955
-6.233200019633367
-5.845590853007077
-5.135801067022299
-4.309698620790109
-3.3090706734422355
-1.9554903467372757
-0.15457359993525183
1.9552182763164407
3.983954684397829
5.407606322756427
5.769081523415477
4.87715771209435
2.915160266583565
0.40536827369321277
-1.9630991784331726
-3.5728788517389356
-4.0838435650918905
-3.524445131334422
-2.2413470047872206
-0.7411835449334091
0.49992507824924504
1.1817491574449561
1.2385912659682161
0.8149795394252319
0.1876966203889075
-0.33596532729252543
-0.5186268666031206
-0.2654077901410063
0.35335529627287693
1.1321020975731282
1.794662953087019
2.070751109077568
1.7725934478111656
0.8645227932056961
-0.49502699297669167
-1.9687901430571535
-3.1259868208395427
-3.577929989838611
-3.1174384344225388
-1.8066937059309793
0.02739824105444233
1.894781969832301
3.300963690743466
3.8984763610561832
3.578122864603818
2.478065387800732
0.9178264159579821
-0.7119589735572911
-2.0611852576340657
-2.8989997621041446
-3.1433315981902052
-2.8406498213793157
-2.1121713389927557
-1.098161339777482
0.06852437935565288
1.2517108647295858
2.286306448477163
2.9706287304998273
3.0958439004782363
2.5135155834987226
1.2247170160805587
-0.548766970131187
-2.3623789757486726
-3.6462599713534876
-3.8877718551009957
-2.840102878464832
-0.6717028412297497
2.021663444900546
4.372607517523957
5.524535432331092
4.940992223549111
2.6248973970213996
-0.8392244064856046
-4.443497970923237
-7.066117955288727
-7.827783963540844
-6.377339747433713
