Beta
-0.008965455927530995
-0.02473768241252411
0.0620406451219992
0.33854873273090336
0.37457645511601195
-0.5019722797942802
-1.693212946342762
-1.2558465201809712
1.2597696727251315
3.279186328645353
2.2833094776510205
-0.8979214233559342
-3.3096499688378587
-3.0103710455111905
-0.3156011199970479
2.4375808788613043
2.4539644013465014
-0.3426536716433855
-2.4515512338800636
-0.9944082849184248
2.4215940259181776
3.8117828210926423
1.6112587602527013
-2.178821384344234
-4.743285988161294
-4.622670270938348
-1.6274337107278922
2.839026630526306
5.454917922373266
4.247103266222155
1.4895467223564594
-0.2727386479116679
-2.3329617373848137
-5.431239394489812
-5.6927180877950425
-0.639796462652105
4.987227897218023
5.288672642597385
1.7296468468246737
-0.22061694702101708
-0.2986082008496303
-2.272799717943875
-4.828121284733803
-2.3176866361679114
4.2808168947640866
6.381569298204478
0.7535719423550479
-5.150782251994788
-4.509084970864298
-0.09417120782141296
2.056220013347714
1.70250512776776
2.2948206272022693
3.3215689152976546
0.758037324868291
-4.622785723267384
-5.9599385068548205
-0.8111846538684538
3.6860010020602676
1.8090575934996775
-1.3001782605688705
1.1252014417080736
4.976751195310555
2.008171459469605
-5.2232477597111755
-6.493220819757746
-0.2440248666293072
4.363319852161218
2.2760807092167283
-0.8682829451159997
0.0742651735463268
1.3499470048979278
-1.2665861082243288
-3.7472846931413506
-1.0381813208533117
3.612108309346914
4.0461445496418476
0.5570540319261172
-2.148534296076026
-2.1717707547516945
-1.3260095165391732
-1.178940970927236
-0.9309544800652323
0.7074418705105514
2.7062293829118818
2.75001882949929
0.9525393470077743
-0.46186034403223664
-1.064293698393902
-2.0318833252101864
-2.5570037634196114
-0.8213209235677359
1.8169730987260642
1.957655992360447
-0.3496510360049992
-1.3732617951200574
0.20486422420906775
1.5032886390060876
1.2675471296307432
1.7126495086536604
2.36404336011486
-0.715305263260494
-6.494928568639653
-7.563442725953597
-1.0995311772850644
5.861470576241862
6.54557554739575
3.3965829059037
1.7476541072509655
0.4740462938290043
-4.060765455817158
-8.696242706524554
-6.306653429019074
2.699447696857685
9.04883876665975
6.514680891794122
-0.6059093127884354
-4.506287615862078
-3.4728891006619595
-1.0717438711578153
0.47028436048174754
1.5285757968701295
1.6000765752644106
-0.292608003088321
-2.0465229300219976
-0.5085189953819157
2.8985679205486785
3.5446345239003003
0.28761423647103457
-3.7372128284195365
-6.015306003909378
-5.542709757714698
-0.4120491820955171
8.771406165734994
14.030446115290882
7.37439097562683
-6.720582663790958
-15.055659634933352
-11.698689449195491
-2.281170089055837
5.746117842583554
9.545924321066012
9.257337346608141
5.638152162073785
-0.7183617363196746
-8.520488543480248
-12.93445555573021
-7.53684894843621
5.793345587251576
13.95587922810054
7.59048248695656
-5.174325380925699
-8.955253312478076
-1.7775472275708515
4.522698871017041
2.592814193505564
-2.3787448029308416
-3.032112329515016
0.4737594900742709
2.5831431797959596
0.3301609023850126
-1.9856790544461083
1.1968219153919213
5.9715614824555105
2.8482943053471765
-6.957379397496285
-10.757985239954854
-2.948329333722469
7.034828603320144
8.93726042002587
4.07220858316207
-0.8086546522082095
-3.6583104119713536
-5.47690139492538
-4.816576929570726
-0.268402737291628
5.037664487668881
6.284849041797452
2.678892141214117
-2.348934795025727
-5.09968661041294
-4.11073244623192
-0.560288045743167
2.468656130128825
2.8179121260535736
1.6000050125386758
0.9052891396095677
0.390454498049201
-1.2236048898781735
-2.751575839206673
-1.8248921456491014
0.9864437878684135
2.29296674587782
0.5732509017837015
-1.6596668947939506
-1.3641530439422336
1.0708571301407113
2.5355385696194013
1.163909892868897
-1.421225613280877
-2.2475780224650066
-0.8014525311141301
0.6181028844981434
0.4672565077965472
-0.028745419366148682
0.45940865529961317
0.8436292692455314
-0.09824867175824219
-0.9480625378682883
0.08574256494038529
1.6945054708887073
1.1214289293655781
-1.5347447966866241
-3.223688012496053
-1.992818921335953
0.9779433892979595
3.323160325797898
3.494092428059172
1.0811765389409491
-2.7056852446425466
-4.86019021689623
-2.863182144265196
2.1388303715428494
5.642242028377944
4.230871854765769
-0.8573689091601737
-5.117771793918251
-5.135001383618024
-1.4001533075194998
2.664477486447021
4.20897051118935
3.078751597646282
0.6680343003436529
-1.6902960756817516
-2.8193113598285695
-2.0826861145042344
-0.3014160040675636
1.0999577639234195
1.7488360403059695
1.605110086955199
-0.18593175635539175
-2.9983587346536997
-3.1955732198312257
0.9537865239855142
4.943095626299253
3.6344068701361874
-0.9287989586256118
-2.7945164616946716
-1.3656457345323945
-1.2576970683878086
-3.3128817956809895
-2.4318031139620615
3.4028521095537627
7.910644665776436
4.801217033666289
-2.948503368443882
-7.1948439402534055
-5.033701587886892
-0.15978537425182196
3.6468501654638943
5.065659062383
3.100282987205682
-1.8504753597280053
-5.537054749679254
-3.7358332829495167
1.7249421715552793
4.952010646267602
3.318272598463003
-0.405309742868487
-2.5386093630556927
-2.5353270324453177
-1.9986850645988847
-1.268934419010372
0.724533922605017
3.4309939128388196
4.222485197548668
1.543139769495361
-2.8477644443629018
-4.916484037327686
-2.2294577018495247
2.3642055113472935
3.0319885202166534
-1.2202742690592885
-3.898326030733519
0.43263995583206305
7.266158107492294
7.027443843153954
-1.6923658045029248
-9.721908238285394
-9.0478375602949
-1.5176963865548978
5.451779883508705
7.256098801682751
4.5402138775852645
0.4826612505091561
-2.095258705756216
-2.2282818662828108
-1.3358665552240296
-1.6987373762940488
-3.2180485394640703
-2.8978014470963833
1.045525671907268
5.797137761665588
6.395069434363573
1.5589628793411232
-4.106581481496369
-5.067711017077395
-1.5736545901671863
1.1431197142270464
0.42684163066859626
-0.9457713858876385
-0.23187927586025722
1.65066371327318
3.068587901542372
3.316902720559804
0.998660463183866
-3.8103087584727224
-6.718930940479069
-4.026377309864215
1.6256634008060882
5.2658906432291825
5.458760802995355
3.036766865622831
-1.301102757460067
-5.912941406516868
-7.5901105378871
-3.094702215315544
7.052755085593262
14.57983444730895
8.632392186707072
-9.405580777071739
-21.83225352633812
-13.630165527459477
7.693055353687049
20.113681682984687
13.699156363240487
-0.335242970566909
-7.806159748221394
-7.867555542601844
-6.631446460116422
-4.33540063258321
2.1949495498497456
9.119476487655874
7.762419159793356
-2.061581944225558
-8.975046098987557
-4.419592921714145
5.243342400362377
7.17306711169893
-0.2709105955241681
-6.051205732416886
-2.717953116366505
3.7785709050370384
3.7042880858994067
-2.6922314227585065
-6.179375800956999
-1.5164604442740532
5.755657284859285
7.0617589399608205
1.437589434505641
-4.786581382338294
-6.385034085092087
-3.442024210795855
1.388284222517968
5.46699331436772
6.026826971817567
1.5189868892117642
-5.3092281786495406
-8.024854732433909
-2.7220531458945945
6.2549485573831385
9.390468434731217
2.6855888632945164
-6.939642055156027
-9.286759248205033
-2.4217108591843006
5.5460932714194024
6.353283636605944
1.3584817852291209
-1.7163977841110176
-0.5354490382352729
-0.09336947829866835
-2.584950950015574
-3.609491633064701
-0.6348824188065043
2.6560107149992604
3.3011110757801663
2.9971708648402533
2.1673675167903554
-2.0453677682390725
-7.725254168864351
-6.571585801655721
3.2254293419821876
10.499139534048206
5.873857911004774
-4.1668207215260065
-7.241127576432453
-2.357318277593022
2.1631798014266086
2.089016020125138
0.06546575918593243
-0.8330265831788717
-0.21522544835757768
0.8628184961765833
1.3896285494797347
1.2242752241827801
0.47295572543121367
-1.3950858314031847
-3.7675214104717094
-3.5653423351313585
0.803074467236384
5.519970523896533
5.220646333181971
-0.05386868695295559
-4.782506040911359
-4.527140388544681
-0.4749806804920783
2.9083335133428347
3.0406623621206976
0.7483640102032141
-1.8550218192524912
-2.9070077808414103
-1.2239214412573383
2.3383929203967515
4.203849365166775
1.5223936243771319
-3.224736244565295
-4.444831162047415
-1.1055822196604288
2.01656713787255
1.717005072778329
0.3852658536388519
1.168770892719437
2.722170170087707
1.274591714524547
-3.152502779639086
-5.674042817697112
-3.0475399318237852
1.7774248053036095
4.097755921433473
3.418885878720533
1.942699562323626
0.011512369932798708
-2.897154634133891
-4.498534492639864
-1.9518330948281155
2.5518363513601763
3.557088467584716
0.37583170683753203
-1.7762987691144323
-0.1021761984119749
1.599660297888187
-0.1566631980273137
-2.435030367038719
-1.1358126791471241
1.7042834145032622
1.5743621436335418
-0.6807269971351032
-0.8606749657063624
1.096623728025116
1.408149262776882
-0.9946437560523191
-2.6693355273254213
-0.8675637002955087
2.0846208813912614
2.0102123785738053
-0.6359185588641231
-1.633779049166057
0.06617005437429281
1.2973694689397213
0.43328306609870515
-0.6155194353711398
-0.49221959106444174
-0.42875073689569576
-0.868025747713525
0.11958645496538284
2.3141321338576564
1.7777363581349324
-2.1793806665605033
-3.986915694293346
-0.37129504980813194
3.904362080316745
3.308234027674262
-0.5713040974210857
-2.551256903357255
-1.5404284924983924
-0.39725479148642756
-0.19608176505930183
0.5100907641597923
1.2479785893279338
-0.13933797383628085
-1.962954877747367
0.6513038827105813
6.753974548911167
7.213234350498287
-2.982630260300595
-14.509891427838475
-13.54182404359145
0.15707676418059607
12.82620902030868
13.907232436068034
6.220685269928933
-1.5773548562741633
-5.744177201350401
-7.774788728195776
-8.119116646697574
-4.364546054163546
3.44655111723423
9.438769465354083
7.885064481511551
0.8367098832505835
-4.553730832744187
-5.011012275757503
-2.952848350664988
-0.6563661239809244
2.003461920194177
4.119384748958343
3.223385146466729
-0.8577531654267441
-4.801510924545471
-4.856929593017077
-0.35059238802068793
4.937902193659712
5.860275199579481
1.6616796467293293
-3.283606100228904
-4.790755797268904
-2.4917891694865615
1.0093217376877022
2.558660911194168
1.2369154691237716
-0.5836916453790655
-0.24203010393326777
1.6203221731198514
1.9074886484821771
-0.7817301356733724
-3.940938853420015
-3.6231618003429276
0.8528739655659602
5.151472249561144
4.0659530891817015
-1.8183277348192948
-5.489358508625245
-2.1602286728332
3.57332663001759
3.829481267774322
-1.062537620693452
-3.4469071233577564
-0.3083917709969638
2.684745641447092
0.8476409042081079
-2.2735233449431687
-1.3381009527697607
1.915130953641553
1.9774261905317414
-1.0937255275046596
-2.320745524751211
-0.41487797713727387
1.1527968074868162
0.8937974484310898
0.5368744088199454
0.4432545212330968
-0.472978692313897
-1.4329956928934124
-0.7338223647686511
1.0888584598574433
1.6909086869650305
0.1642775188401324
-1.5002109566856239
-1.1853472728350998
0.053148266175688554
0.052102892978981415
-0.3107285507163337
1.0739119548367302
2.9184908492470685
1.8985768191610883
-2.082596385751903
-5.097052034198706
-3.6698983843456903
1.3845353141929755
5.647391392507579
5.210424149383853
0.4412489221677986
-4.370689948650603
-5.428900940664248
-2.565896295784492
1.8148404250690762
4.458648401270335
2.9520116874348297
-0.8946286902254936
-1.9352080227525468
0.7216458074227121
1.7631077561195572
-1.4753176621715407
-4.25299607661479
-2.145456707340756
2.0200444818516536
3.1703145821905183
1.6786299377143943
0.9914196818263507
0.8071592884318737
-1.1912448170630576
-3.2963031046687497
-2.272685778625123
0.12907753994161444
-0.08057781086668452
-1.4007815605730958
1.3046982683691626
7.111011517326121
7.857047817131751
-0.4614069111916748
-10.36114108085611
-11.487272029381524
-3.031387978293672
6.657891324764458
9.846831799472676
5.427778282919431
-1.9124728990596855
-5.656937496411152
-2.8389150966042425
2.346207977148474
2.4613147141319662
-3.4873342077680003
-7.323352002999875
-2.143922558758657
7.750961659047473
11.537655579770423
4.2195961837431355
-7.761948823457321
-11.925696688762107
-2.8412792045340662
9.140217315812507
8.61359298649431
-4.0863764291067
-12.260322104399737
-5.600469760934619
6.822086581136136
10.853521647642163
5.21363427111973
-1.2929145772613533
-3.6502752127277054
-3.982368810385455
-4.169181033700854
-2.4647337878146285
1.4917133234750588
3.554608631448892
1.0201328313355973
-1.628564920011902
0.9682340058005316
5.272373932024841
3.278068316885221
-4.202328888268438
-7.461351668369369
-2.307301652256402
3.7464897554234753
3.0930652497998445
-1.2362209477052413
-1.7536543398171764
1.7865497139040871
3.3115730773032332
0.4500810400536581
-2.5190014506542124
-1.835762130177998
0.49655391701116647
0.8086829909586095
-0.5665668049962124
-1.1019122848052447
-0.472270034317247
0.37815670290898573
1.3732713462150787
1.7855655163110686
0.35788353157084624
-1.4685683758766894
-0.783110841529279
1.5145568710006418
1.160542639590007
-2.672787858197056
-4.92410649957582
-1.290968506109372
4.97669154299006
6.415571661749565
1.1906103797278644
-4.315403408302395
-4.114319315637453
-0.026955633610171358
2.1415975370932125
0.6662161600178007
-1.3530132099227083
-1.3244354533662523
0.310102929547549
2.0768603744152196
2.813807058817087
1.1967352289896989
-2.61982915312724
-4.7012606256406935
-1.2686706409191753
4.3503550971146865
4.443005495800444
-1.979970811018411
-6.701806918108984
-3.2436680004534164
4.475508740350527
7.61095660796434
3.468996656419281
-2.8065813259158565
-5.814680950268391
-4.625874197924372
-0.9226948267827614
3.0486973051024773
4.750491863574055
2.8524851440451298
-1.0464733012309344
-3.6263250961796842
-2.9264535596625647
0.17840568730213446
2.9075787086904548
2.758249539521583
-0.07796293783976008
-2.7021214155016566
-2.79481635443742
-0.5236762044962573
2.4643683057860875
3.396593112958398
0.3378507931581151
-3.3978568084144145
-2.1944919134229033
2.404910655252801
2.991115936278888
-1.5114849951520484
-3.829034657574405
-0.2198573711589239
3.8222672298620215
2.4018736895152744
-2.3084926099851217
-3.796843832242025
-0.11898755174293399
3.9771761546048747
3.223941883762688
-1.620173353674853
-4.802654326227213
-2.915781615579026
1.3637341577344577
3.6255971298465774
2.813039767682521
0.7101051989331738
-1.013326010256267
-1.8146788189247254
-1.795025580106822
-1.248607796704226
-0.4358025231284972
0.5358872007066333
1.6343832996632763
2.408922096043426
1.8042678568965662
-0.49394561793361724
-2.731599139932619
-2.631427825405949
-0.3702634617206935
1.3676938354635848
0.9410117937430572
0.12207865891414875
0.9517645456663021
1.6053263889099354
-0.4607723747254219
-2.838834277870261
-1.6407946269242637
1.323227461964367
1.5657639699904435
-0.2519671368702783
-0.16951855157399104
1.5918310523438863
1.2604070654335036
-1.4911406109693186
-2.8587975559948835
-1.3371954098608456
0.3748343475530528
0.7595172299610635
1.591490992896004
3.210574548147357
2.613267014448343
-1.5932911520241173
-5.812194857226806
-5.12418574319193
0.8647383043324022
6.659873351129428
5.9498085962718
-1.0836309079794326
-6.811829460300619
-4.6131038283216785
2.7820511590102583
6.292222553798672
1.9012996488980434
-4.3801114829685694
-4.862391421034772
0.10033914822535299
4.166593671372124
3.6158467965287597
0.1004304556481431
-2.9638848795164217
-3.6133914435220227
-1.610016526889467
2.236773446020826
5.3291688965100805
3.5222906493376724
-3.4954252129616603
-8.31129250101411
-3.7784228486985594
5.826265494582142
8.905987089639442
1.9598074365406106
-5.871255052108017
-5.4016055557475795
0.7753406668651193
3.2486874392145277
-0.32315222488228224
-2.9503741720988743
-0.13570100210936667
3.6658389814263335
3.073736330934282
-0.45327765050899843
-2.424996647381085
-1.9446608876264584
-1.0922754822175806
-0.6721437914524568
0.3403018829781046
2.097770666200572
2.8717033786449178
1.1442023234845078
-2.07792890871764
-3.6873006713885896
-1.7336000456293583
2.060795373776436
4.045538740521074
2.393335983605167
-1.7506572703509538
-5.3075378516704035
-4.70509208139467
0.8818353966143074
6.716348324846746
6.436497643002241
0.11848572696215698
-5.222364435476527
-4.644486528488643
-0.9995695768164627
0.5910842562354532
0.3577307377641036
1.864127447433707
4.351229416521833
2.956868208790822
-2.7239322484864243
-6.333662805511408
-3.388300817426676
2.7382039911460545
5.651746267617786
2.9634993540990804
-2.795927669855395
-7.244933213322611
-6.567217056760495
1.0179535146576435
12.277052897744968
17.206887454728168
6.753052099402224
-13.825001215144244
-25.63724801044886
-16.1495026111664
5.66256313479073
19.59366120841354
16.73737735185964
5.767924376864145
-2.0798172944343447
-6.038887156568286
-10.154740628477503
-12.059161569769289
-5.737554455122656
6.6314193621628235
13.692768081030193
8.419660980145368
-2.415715166778965
-6.788319709273205
-2.477396887209584
1.9506261250672634
0.2054488180476376
-3.6320231081751726
-2.520154741762744
2.2883900027330126
3.4329034322043634
-0.2483650916271607
-1.7983592851668144
1.8209001769002464
4.411003806443673
0.7846224278204866
-4.989393413193102
-5.892309370464528
-1.4303712350443
3.312185479468371
4.745870936792617
3.0530725062767785
-0.2892331789239131
-3.464728290996975
-4.0317547138556575
-0.9381024779354277
3.2561805488070537
4.222609497979214
0.6917330548238501
-3.44384502431259
-3.3338390821743835
0.48649302835902386
2.416219203245981
-0.16371538158384183
-2.476186329786165
0.3779570092328772
4.809454020884507
3.4870107302644047
-2.8162457717507445
-5.677299583348653
-1.7869680743753973
2.5655876645202973
1.7969098541201471
-1.2925233843550732
-1.1803701309769603
2.163064290348914
3.8667377153114786
0.9396690866476142
-3.5949101520033206
-4.296852545240443
-0.56288468100446
2.573426910520407
1.7142539932260106
-0.4770368122431656
-0.13320949655053896
1.8123498097807973
1.5548910535901226
-1.5412254726465675
-3.9887850025520732
-2.7585873738770164
1.1805429452981284
3.998103066512743
3.1817123820099438
0.1738864161689512
-1.7966474581033363
-1.600841835695239
-0.6490090849616093
-0.4711713719375085
-1.0084453337850732
-0.9473223262331124
0.485000566521768
2.3589496996222907
3.0251980546421557
1.6882881292959036
-0.9954576310840942
-3.298131253826725
-3.845539419283788
-2.5389463295533665
0.46629021016363675
4.702099348338619
7.061995407332611
3.3365161450384435
-4.902658117191248
-9.058631259527486
-3.887669193876018
4.274984291888682
5.56799327525372
0.26709940335760596
-2.7091423687485032
0.3061210436541564
3.3778559486051254
1.5116531668310647
-2.2131624347674363
-3.028731438766136
-1.5086938955262463
-0.47055800411253534
0.08842003644496066
1.3497580550683639
2.4605646155454837
1.870130811410671
0.007288180436776237
-1.3690076532895177
-1.6471239596940583
-1.4626362158516881
-0.7641126202234866
0.8149235576020791
1.8651628859028038
0.7974037236706097
-0.7268409692700117
-0.043621071502726136
1.4356669776134292
0.2620697155331112
-2.6221710134544036
-2.855019032324186
0.25636275999957525
2.7634442571463103
2.2885498839090013
0.69773316811182
0.0260233944270762
-0.5247819798050163
-2.168832227578914
-3.5525873391273883
-2.134718809857274
2.0905879288880906
5.638215232983509
4.794782388377739
-0.2744427225308701
-5.161141246083835
-5.579052072916222
-1.707951736130074
2.6160289491202273
4.181470585704568
2.725220092650397
0.020048524074381825
-2.0248245717152638
-2.6022580488600364
-1.7660157307702644
0.30421287010297315
2.542388052987958
2.633945563461109
-0.1782260013579012
-3.009982697207766
-2.5327411737524823
0.7627688858738827
3.3620505959213727
2.781578140260364
-0.3796345965774932
-3.45484131312838
-3.882094221621206
-1.2164151059368613
2.34960947804939
4.121766306894491
3.440314225787124
1.1160895046048236
-2.266121455107166
-5.272821360985839
-4.850562563048937
-0.06332443263481881
4.959213201337352
5.362762463776876
1.6055782208211435
-2.045021209255016
-3.4322105648933845
-3.3149907614703213
-1.7886126249552265
1.7620905929106518
5.308726236033264
4.7586641519833215
-0.6122791086173865
-5.953323324094934
-6.253463678143816
-1.8065161528300362
3.857330177177962
7.9210359642343535
7.451690841354129
0.08798510639865315
-10.15452568216425
-13.225064139150536
-4.3834509402105635
8.51128051108439
13.465374030618285
7.49591744087762
-2.2592239659631237
-7.886092025944102
-7.062382056685743
-2.2912315871332583
2.0058536439766117
2.7546293004874483
1.0107161982870918
0.2252567472737083
1.3750776699571383
2.2496836464512975
1.3536275622875518
-0.49234438524548524
-2.3894022243729918
-4.115278450134349
-4.332785701699781
-1.2389181400853775
3.986989651301413
7.08885872574187
5.268380195982986
0.056905952769608754
-4.678685590327975
-6.084460587809201
-3.8097056611482962
0.23270835348805913
3.1869242351302742
3.44272233978521
2.09168268083117
1.1587323793501823
0.2815424786541877
-2.2803715673123146
-4.930502096781369
-3.4123899094881622
2.157153678657784
5.762325177277511
3.491303232447074
-1.1615315407626476
-2.678605854487693
-0.9735047580597112
-0.4088797422173686
-2.553909783533122
-3.2467042822541017
1.0581580391363328
6.494084620703982
6.159999040868305
0.12480837663677916
-4.929695850157828
-5.323772311270785
-3.2574521409352224
-0.7907812948540321
2.3887330573964305
4.999045425238005
4.142733699692361
0.4704293897894203
-1.9159526116400007
-1.9367176298466828
-2.5079634686758476
-3.9578047853567244
-2.5110647825035812
2.728587450611568
6.611053223531862
4.623427923041698
-0.7462773334232778
-3.6221010373294567
-2.6047824835033584
-1.1854684976030727
-1.4646820784548358
-1.6630070618216812
0.10978559474959063
2.944781174606511
4.680087320887271
4.180308881201496
1.1569176825062102
-4.06720002836729
-8.62842848171037
-7.473455973719728
0.6708220489144671
9.244245088178584
10.062506997914271
3.1125752438363654
-4.081375351322853
-6.434449338110555
-5.295182428536972
-2.7827548370665682
1.0378560776851464
4.5303274081117175
4.271396466334271
0.07139270395585609
-3.46510470600455
-1.9272187519276023
3.427569503552147
6.443743103623843
2.820173376648363
-4.816094513478665
-9.429639872933288
-6.874281181151435
0.0021862236485650013
5.300304860309122
6.877224270586057
6.228246549150059
3.3812968974680997
-2.33880053653202
-7.3738671117434516
-6.434065425806256
-0.4403527046193055
3.599287055310906
1.9212381348805978
-1.2690184802035018
-0.726812969043947
2.1189106904110506
2.7329142839956067
1.4657598043269633
1.387859130348344
0.7210625277081053
-3.9455855994337345
-8.475489218061272
-5.14392877685183
4.248561988094172
9.017042534365496
4.739403785815767
-1.2503132710878528
-2.0621887471187423
-0.4024124526505002
-1.308364503157776
-3.278936310458403
-2.371395608616206
0.3942248683484013
1.5411864366908208
1.279061189613544
1.7897027475817928
2.0733729031263928
0.0755501534602733
-1.9372952777728598
-0.4975444241752208
1.907590611519654
0.09998976396625878
-4.27016379257345
-4.3686796108118795
0.8339068520772633
4.855284747005653
3.667493309208545
0.4760285534889594
-1.0296665943987668
-1.7639411884370793
-2.7291211139255274
-1.404603453049033
2.965542035740908
5.239823205506581
0.8092048081193115
-6.513455426279097
-7.985808355740155
-0.8844067908618932
7.730673747830111
9.255432561567185
2.972171147998088
-4.6200754045776105
-7.675226029204968
-5.330763270795827
0.03434202737141258
4.982624694405387
6.052462071543658
2.372688997227675
-2.4229633241042277
-3.735662779998182
-1.6884909919990645
-0.45406427679817907
-1.436483103610038
-0.9846308248029232
2.895567018652236
5.916958685044252
3.564711776264535
-2.1810617656411293
-6.005557520542499
-5.339419059938122
-1.10767623744659
3.6282796851925214
5.268527210157711
2.942871490360231
-0.8115294658514942
-3.4681854713511635
-3.9266318596827565
-1.4982183659318908
2.6656859312125176
4.601082124844247
1.8533307180954333
-2.460742588694075
-3.2892897337070353
-0.44354999194184497
1.6098297663584127
0.48346119147821554
-1.2579738386506953
-0.7134816309892507
1.2129449871768252
1.8310326429844546
0.4854387587365609
-1.1777773065867454
-1.4193499650685593
-0.04842350305323508
1.2572728546101704
0.5448843591133634
-1.4983540880216322
-1.7419523647093282
0.7552869933801757
2.6959686673239722
1.2155475856853082
-1.7080693460660294
-1.972059721034868
0.5980670928941149
1.7124806294425272
-0.6590927997847819
-2.328667947761308
0.34839608309815057
3.430008228743018
1.4130379688502277
-3.1839855283001097
-3.5836791630218623
0.515061033376036
3.0702000438915342
1.3956289239547863
-0.6118158721191101
0.33095329010432856
1.713102950533942
-0.09459783444662541
-3.4885584234807854
-3.7503417621651765
-0.13735569422797106
3.0118987597597178
2.575588499436662
0.4846569367189793
-0.10191665310016457
0.6614787969580698
0.5271624429956797
-1.0975411338265193
-2.3987531918908434
-1.6643194522605684
0.39480744642617877
1.3491300365336885
0.10172165166512952
-1.334774078469746
-0.1114076488119396
3.170181807723665
4.397534470198285
1.3796989903661139
-3.1963210825998423
-5.455353837332831
-4.204086484801484
-0.8052508645975719
2.3162249641423442
3.612600937609867
3.847825354125806
3.810702919922309
1.5642109016652932
-4.027034390227655
-8.337888469319472
-5.5474858917464624
2.0900857573812153
6.335750455231812
4.567391536419113
1.839603105712106
0.9996660411602964
-1.0070589876148233
-5.268072053614908
-6.772190426731305
-1.813427023776704
5.176093472959853
6.723107330184252
2.074270940676592
-2.525694542095749
-2.5855998669644062
-0.24119428864043402
0.4481151025242207
-0.457083509067599
-0.4772091536900044
-0.1866054701500381
-1.7600463799849047
-2.992616269442649
0.45383649106649465
6.512065140355545
7.534477935869444
1.2068262605021944
-5.62989553397931
-6.627850422156369
-3.902595918061516
-2.2874584864968117
-0.7116690014441351
4.148034996724792
9.071071260679314
7.056547378887243
-1.7597257737478473
-8.498201324062745
-6.405647966685216
0.66598258414921
3.729590885073854
0.6970179775189784
-2.055241056109499
-0.24234218818414818
2.767516916209431
2.821225707471011
0.7313464097321514
-1.219247916810184
-2.6018493016937367
-2.8635552611019532
-0.930273492310684
2.1222676737986657
3.4752385048423013
1.927381307763997
-1.1870573741399564
-3.7209508214315536
-3.7760613322768006
-0.328958508173069
4.874682057131888
6.814781242649875
2.0063335671517812
-5.667293931177118
-7.909657822601354
-2.343144787870134
4.228088305091775
4.910152962568588
0.9347202506032475
-1.7581907559907068
-0.6670559034041669
1.488475241626412
1.3361143791814314
-1.2008469013582552
-3.4650248604533136
-3.233537126744396
-0.30263018329634805
3.945342346969546
6.329691123797457
3.1569110404733016
-4.280291238962578
-8.210760399048729
-3.7605060336621294
3.558420925825244
5.553805728018531
2.428756047266663
-0.02555528703875427
-0.24070649425068522
-1.1287028489201523
-2.9413165670183687
-2.5168657340026734
0.37461921644803303
1.6928330920667065
0.00405935519001227
-0.41528067148068254
2.910407395728051
4.856472781561931
0.3612356710506171
-6.278069351459951
-7.0396995173332915
-1.3630731651696184
5.046660939900929
7.892146102942407
5.374209943748276
-2.0883247609662856
-8.969695420092446
-8.118040285760628
-0.12388758030160879
6.465322545788424
5.843250597640958
1.0898296682518538
-1.540409149703908
-0.519943457279173
0.7324701840280637
-0.7464997164474387
-3.7791199138657654
-4.285147465519889
-0.13156155841211872
5.215491992750122
5.881515720259017
1.0232400010977456
-3.8322961272768628
-3.900951397698964
-0.676931541047024
1.0910830251024914
-0.03550512629352553
-0.769432605918788
1.4244396688551269
3.6031304574428065
1.4779851867869074
-2.925086279200251
-3.571869479829074
-0.157245291049293
1.7836275515153046
0.44944900836125695
-0.5655033397170841
0.18863910865283756
0.5523532757246938
0.08841281793597816
0.41138449585289205
1.135831576271707
0.37393314135569483
-1.5046471810064566
-2.2005463204209748
-1.1744328189870608
-0.027039277419351464
0.7824792464543885
2.312302853208091
3.5490025922730912
1.460377419848291
-3.2963985782737018
-5.064996268632998
-1.2013991494731175
2.9169808981474175
1.8390178973964637
-1.2836957558797522
-0.3340774445697723
3.1371223705105207
2.5844058923026383
-2.215361726089441
-4.576502362757709
-1.634929450504994
1.8465042530373534
1.712483556543181
-0.09087721442888232
-0.14284597286085018
1.3719201294031036
2.0144018879676673
0.5832839231104274
-1.7680351113471697
-2.8262096886931634
-1.660251277599257
0.19847272572270255
0.5706889405619527
-0.26011200621437497
0.3691411385007155
3.192177929642277
4.553440134015482
0.9191231411124008
-5.125275573932115
-6.783775399923728
-1.608421722593215
4.697352394750873
5.105908157809611
0.02254726665000336
-3.7714876661855516
-2.0346263083124456
2.3310423286493878
3.8172958152041927
0.9003537547680672
-3.13312814127886
-4.636051243779427
-2.878104634245634
0.9296451543457666
5.009311461534728
6.372794462991156
2.4020956760557657
-4.374728344463856
-6.844916714082791
-2.3829021162747503
2.6269477145686864
1.992231742344917
-1.1999925275184133
-0.5848681146453567
3.0299274708584845
3.9492174718025623
0.7922386404393408
-2.738951929438774
-3.8994275195723325
-2.9481877103294507
-0.8027661874850868
1.813879019265052
3.581633161211403
3.129337405526712
0.611311342738898
-1.9294861082115065
-2.438526901096131
-1.2697686799175465
-0.529218033752283
-0.6344555531374816
0.15617006535797126
2.064799398211531
2.8594649745755913
1.6240665737771394
-0.13095416726304188
-1.855617222252464
-4.091236178481922
-4.640244154031953
-0.22592730793202911
6.480411004798158
7.555869851579918
0.5054051918416056
-6.961053992493558
-6.527422745284506
0.3288344844626259
5.400497126128647
4.225393022562868
-0.44322914695822624
-3.626425336890109
-3.0109619643243244
0.13322494563770323
2.6657666422301975
2.4904044140640247
0.11708450492650609
-2.404515375911453
-2.7930185864797963
0.03647279907184311
3.5210430932982795
2.9779924543811678
-1.6153061235321335
-4.198842659648139
-1.0955917374732196
3.3064576887794415
2.7966647979270327
-1.9659766156280571
-4.551123359202952
-1.228897071009767
4.460540640703549
5.956734467041689
1.2638170219943194
-4.666906712764062
-5.705414802303541
-1.8960086709127342
1.3485244953391322
1.276032264485242
1.0267096020792168
3.394785828341157
5.380050340057834
2.17503668115335
-5.165330563037474
-9.411323451863073
-5.472177301363473
3.029823565691945
7.801011285915865
5.484184611092536
0.32518203884451946
-2.4290200580622385
-2.3021184636167416
-1.6961578742068912
-1.450753382196033
-0.9007657602870266
-0.2881251781616608
0.10147645410350337
1.6542042407132878
4.536657535968491
4.767226573421616
-0.7187833555028873
-7.183454162096219
-6.727277785469307
0.03800410356043889
4.244325232505897
2.1309063429303463
0.05466986165411132
2.7013473744471668
4.547621998418551
-0.4408441268126476
-7.104592657961521
-6.07589103074158
1.2811788654531426
5.091922898848615
2.3346593826549964
-0.7420938160291461
-0.6574879342133295
-0.3009765433577835
-0.9011487108085021
-0.2601660917091978
1.2952024467653607
1.0955554914107013
-0.5510488574476552
-1.1304267740128897
-0.4415851640938035
0.05583124026968885
0.13752423876663078
-0.002639475105127971
-0.5059343200061898
-0.3526279101254525
1.1904160954914085
2.0267195493039925
0.30747771508919014
-1.82509770861135
-1.473814572299018
0.5129325844790436
1.171381396692751
-0.3978232094846344
-2.080592515076984
-1.383799170764277
1.4845022339927922
3.7488888355504817
3.092965465204889
-0.34353798744159586
-4.161174511959075
-5.175261872630248
-2.136100826715703
2.6682185929665545
5.508182868165896
4.380407254074431
0.06037975171904973
-4.356526223653288
-5.215986356891878
-1.5595242784608354
3.2075118852729605
4.208191902108035
0.4406920624716973
-3.364216440780151
-2.019520754775553
2.9384742973211844
4.496046729453125
-0.229411117769157
-5.564495777251425
-4.969720088519326
0.539680661458142
4.817249053857113
4.396637105151627
0.862340503256527
-2.263702346270241
-2.7154474077996924
-0.9869938255986014
0.5254226109423857
0.46612722368523785
-0.41889375997505607
-1.1275275169916361
-0.7666025294783234
1.8882069386281968
5.250122706666841
3.8581165155873034
-3.7567699114148194
-9.579348540138795
-5.73506409311383
3.8833934201608042
8.8952077252427
5.792664636431146
-0.45281165083072233
-4.583051870135595
-5.088878223523253
-2.641756757009639
0.8907466196090701
2.9821363909832614
2.603318157326567
1.0329055071356152
-0.3241949071111904
-1.2373338180503715
-1.570942446857379
-1.120371388102635
-0.39144113568048927
0.2937986078992834
1.468865050464285
2.779755382973062
2.234029206924217
-1.014245656302756
-4.293057596319001
-3.91801885925961
-0.05383889027186959
3.0820466116937713
2.6853465640646736
0.6686863810740394
0.008128182437880632
0.299526650887831
-0.5265236143197077
-1.9837575635957252
-1.8138361505254308
0.04826610127555147
1.4719201193270224
1.3120263686022777
0.26814578374229014
-0.36644527883549544
0.10615765653959386
0.6630429791574752
-0.38586402795882935
-2.1560157174766075
-1.7263460626816005
1.0983865352449766
2.9196516365434326
1.575090118978531
-0.995109280850465
-1.701476075973745
-0.40276291793785596
0.36192870293701007
-0.5274001661723691
-0.9713847921078265
0.609513226676836
2.050959003482268
0.8531979617833431
-1.3414789250943033
-1.2811385921601974
0.6738237384121538
1.3468343973054158
-0.46914917224340325
-2.5565565593423654
-2.013708850463546
1.4102865394339161
4.400071270083018
3.3434842540881373
-1.016994155111654
-4.164395834126615
-3.5394360823942144
-1.039541640141249
0.7178135160248569
1.6782183194694005
2.807890701234597
3.3245718285706833
1.3803077562187598
-2.475778868623522
-4.580723985010433
-2.5311720233197765
1.418851972195432
3.038054913781606
0.9124660416752309
-2.169956471235515
-2.133610219612564
1.4505916885927195
4.11180432194099
2.1849765169629265
-1.973169973506395
-3.454456760287206
-1.5702683465012035
0.30567935441184907
0.4114828994643141
0.3934338224438664
1.2642695213928428
1.168503848359672
-0.8537812853246882
-1.812625441853953
0.7992759430658503
3.551889063522218
1.4256536672515643
-3.5468792870515826
-4.548477586026767
-0.3651130267344827
3.2299454681511217
2.304768535426175
-0.7662192460660312
-1.797881303123206
0.09738944361942362
2.2902582576376522
1.8187057346367803
-1.3031067874404303
-3.630926737271726
-1.9920994223948152
2.1785762038468817
4.006719643741633
1.321527316684571
-2.606885754609835
-3.4126178529337374
-0.6626933465047498
2.3341166075447917
2.3815468094497514
-0.38649204476731286
-2.595813023135485
-1.3349660635150005
2.0823510289526324
3.4633699450490854
1.1268702879417034
-2.224161509442516
-3.5255044966977223
-2.56792037488365
-0.40615726632456206
2.475953836222359
4.767502533994782
3.6881224293957806
-1.3547005084143096
-5.917246441250536
-4.9584816181232485
0.4642932407925844
4.649951661986287
4.592940989650463
1.8626397447149783
-1.4710133070255176
-4.2032760188600315
-4.627251706115399
-2.0628655041897654
1.569259114776152
4.273235571369502
5.440390364489971
3.8184513273858425
-1.3319467423665048
-6.430876004851643
-6.288498936336876
-1.2028183730536155
3.2665725320006262
3.6268979362920484
1.630036797727462
0.257263071207534
-0.04413352111349371
-0.39133891813513877
-0.9246459903390493
-0.7002893405216107
0.3211447504938576
0.5803362622096702
-0.8683609440306225
-2.370274301352385
-1.498840101142172
1.516718840567511
3.784095783928799
3.1005042819759363
0.09776374542149628
-2.83826772918817
-3.616860334293989
-1.6385687750585243
1.476432246532385
2.5497226659488375
0.26767631236616
-2.2847418340708674
-0.9901521332125482
3.354763139448163
5.106944832038812
0.8677397521263184
-5.484945457762619
-7.100213196415134
-2.5276943223667185
3.2130673409589976
5.514294045751324
4.427401899764171
1.9249225828641767
-1.0923437367558135
-3.952704759153078
-5.258886018885333
-4.066446942504027
-0.6407550398779497
4.022010521301501
7.817859974479864
7.3423616123819775
1.076500204631124
-7.018975558226442
-10.348756188813306
-6.764025507865263
0.1542892123541333
6.4117213513375635
9.871225907415672
8.036974158928432
-0.058888136071043276
-8.931705435487842
-10.064644068060632
-2.5659784740657265
4.810652765061286
4.953054201867275
0.9516639795007736
-0.3004664558380903
1.3054282676465745
0.7452693136881305
-2.4170729604248162
-3.130996889862205
0.18735938215253237
2.597048374831746
0.7371939899427967
-1.7268862397641194
-0.5588498641937617
1.7662025819154827
0.6235873517202615
-2.200064520323532
-1.2331192805767268
2.917297685312131
3.670746739075831
-1.2400428657633351
-5.799554963771824
-3.949277157880324
2.425001700330802
6.255726333453127
3.893916495929386
-1.5261599895318734
-4.62342581586025
-3.264770528827319
0.5697891648593013
3.0864411246753685
1.7071136648309877
-2.052401245335914
-3.379170748904092
0.014231543415840275
4.399571361208297
4.62040335913804
0.4150040558218682
-3.9107364637258297
-4.770732066102983
-2.420730338314855
0.7041452371064799
2.7979398643371023
3.0163241508335794
1.1610445406169938
-1.0870983035180248
-0.97843926036317
1.1145662464254316
1.311350483540746
-1.7415196129029593
-4.083099369756379
-2.2476793750484236
1.6694085691550706
3.4602795158515787
2.4067997180310607
0.8011958050049962
-0.04953858598238152
-0.7583352591346438
-1.7524241959747744
-2.377872012735048
-1.9760539472708345
-0.5065420715477889
1.6177904283890767
3.3289724946885797
3.250763013782098
1.1381878489150645
-1.7219476330631227
-3.7230650805165357
-3.6966846181678474
-1.1488822318549603
2.6997423619268175
4.684777330780317
2.5079438512555994
-1.9903127150640563
-4.159955155330855
-1.8509473144782438
2.0592496483718636
3.185069236810549
0.6309913604785552
-2.293655895573743
-2.25138138025744
0.11717670252476695
1.6659530383262893
1.22283768275943
0.09617484230605106
-0.82465089079052
-1.4217217908606732
-0.7841770407343345
1.5474065844145717
3.2437451834849385
1.3014132588785463
-2.9908119554458628
-4.4478171883414594
-1.0019777848997342
2.7874671421097026
2.024385718793993
-1.1470323019896178
-0.5759891245863973
3.9882241286448696
5.1172356146662725
-1.6100890389419649
-9.467089087134731
-8.166413799197018
2.1279915712234234
9.964054501550832
7.041344941832124
-1.5320883124122489
-5.302159303037795
-2.4558592089778446
0.5478346955657539
0.3785409381064981
-0.0375551808760954
0.7151699563888461
-0.2888321484891283
-3.1815186284085315
-2.622837594908756
3.4025509443908826
8.248119535619272
5.368730436233008
-2.4987504312513504
-7.8341478329513485
-7.760112016934422
-4.346153799336
0.8775283806554985
7.056073647280911
10.233059418788148
5.997044884871747
-2.9831460272641515
-8.231204098933196
-6.406709129208784
-2.7022647268654514
-0.9418681267434964
1.9984805670180792
7.616553965417407
9.516270178684671
2.4060643593334037
-8.125301145205606
-11.555526940461698
-5.163323136517852
4.028464752772688
8.03390465003983
5.126361406387367
-0.42331276636039344
-3.1393744494341638
-1.3858463907008547
1.0517599112087679
-0.27143831231302973
-3.7314006921626084
-3.311975115859612
1.9319452731663838
5.510770894356505
3.038129891635236
-1.5555709116822558
-2.748957713128659
-1.2295980365271344
-0.6697807756333554
-0.7604109745113204
1.1082329332846816
3.4405829010945532
1.9234014439625329
-3.013359149865364
-5.350056725235402
-1.6260848091077187
4.095138086999529
5.5462923379259275
1.8448303152095304
-2.5973374638566242
-3.9913799963576677
-2.4473667641273855
-0.06212757073317063
1.7910468979378389
2.616992755524918
1.9267680341060498
-0.21798171831991672
-2.373762541042159
-2.680733157531514
-0.6033631701450382
2.2598032995925332
2.9944891519857233
0.437771068024075
-2.5765676663366217
-2.4740381438286043
0.17589933805855984
1.9300179388223737
1.4155214267186513
0.18229839197798253
-0.2306431437991203
0.04175600440354186
-0.18233471713510152
-1.6178994950345613
-2.888703198038657
-1.1315466018422717
3.6324377735157363
6.146647220905401
1.9169100230833045
-5.493082179909062
-7.796181957493029
-2.1271598382153374
5.879433293726399
8.5884013753047
3.5019515543195268
-4.987991885694629
-9.156673240888344
-4.663320547123048
4.446383287138127
8.755445020714602
3.488920732256314
-5.5424295938107075
-8.207119301637627
-1.661370311197424
6.7413101912825075
8.329403438978568
2.2931878204444005
-5.081984562413976
-7.706192956687388
-4.396502904188425
1.4530628692713228
4.969373468806752
3.895293376493901
0.5291133419519846
-1.3025529453087497
-0.7357037388642169
0.15334426348660807
-0.10861135226419891
-1.0783786259467403
-1.8499776494132514
-1.5662837949206572
0.3786798554638523
2.5915655582341914
2.4585130122930177
0.4787602378133702
-0.16422098577591804
0.3337955685060572
-1.3112943799010905
-4.13675476466897
-3.2026868816813425
1.680473276596971
4.758042660802703
3.0414669491462973
-0.08964345572993292
-1.1168699027044857
-0.9776713498099772
-1.8857883195822178
-3.072593662021112
-1.5557872610182162
3.442458037860985
7.401694879213241
4.05365556422249
-5.710907051284503
-11.677918310231984
-5.763146774512726
6.520344877256317
11.662946838127239
4.964603380880434
-4.1297670853032225
-5.522577070546036
-0.98168847246391
1.5113995712554633
-0.19834556281495225
-2.3606816005870592
-2.299795934720401
0.008834517538892892
3.1962968295046146
4.176435089532111
0.8629895721701174
-3.463867339281992
-3.2084330559603536
1.4497257290651164
4.234945902252227
1.4832220835432013
-3.097304249117372
-4.078981206896055
-1.2848661905892116
1.4246767588937257
1.885310167999434
1.1040750520351412
0.41912785684978254
0.07265663080982643
0.11227680012239333
0.6201792608352236
0.8454573447387438
-0.5594349792700707
-3.265447793823168
-4.083692678058199
-0.539910417021831
4.74855466111044
6.303171240776843
2.1233570336427134
-4.203156690156832
-6.660049052155507
-2.2171410389784723
4.5897441823044955
5.247083489664283
-1.167579340465736
-5.4272147098865515
-1.699451774564614
3.69129651925775
3.1308606459205417
-0.46917744843270404
-0.6153647458942322
0.9814529199046339
-0.9778424832816227
-4.348092028671517
-3.064468675848755
2.02637318268204
4.6789679405869435
2.9018946881997856
0.18198851748404865
-1.061145645496087
-1.7985675931406826
-2.5460095085498766
-1.7361400174274406
0.6406647693045017
1.884645350557993
1.3675946343877405
1.7528912282301612
2.9484357756368067
0.7752367993871419
-5.211833176006032
-8.615411232187556
-4.5583885670142745
3.5616939135186536
8.831726542509259
8.598252947248353
4.603582829255572
-1.3568298430965624
-7.788748878156949
-11.038827952200839
-7.430308870171508
1.3474051127616784
8.77132486511594
10.124046925055016
5.722060699429338
-1.3704293791124094
-7.096288447214972
-7.515103374519891
-2.5451058049580673
2.4080854228534587
2.5564257593699335
0.35014092431793054
1.2905430752612488
4.358747493776147
3.3474545273922205
-2.4394177414809293
-6.450669904022022
-4.5473622405636505
0.3033207941727784
3.390473909738675
3.2610368720607394
1.4239445263209145
0.011893215527971287
-0.2815013641484335
-0.35615031853637114
-0.7575999514794912
-0.9912468271223871
-0.9312907978227615
-1.047515482968284
-1.1922058176038886
-0.49486907785697937
1.5414601267584844
3.9663008690577186
4.29514971943893
0.7862819195744363
-4.347612035398737
-5.927903033834967
-1.949334118708141
2.934561592639121
2.9844788485670333
-0.7130950396226201
-1.9356536789366825
1.1965399714991287
3.4136704213091766
0.7661520309942856
-2.951955097692626
-2.094969335537139
1.9877686999555073
2.928314182436388
-1.1807777619611448
-4.828098502951769
-2.6037135053989933
3.1201330783223598
4.9804948582721815
0.6591027585165513
-3.788678965961462
-2.310656158764954
2.9084685858747257
4.556732386532631
-0.10580090871580528
-5.721723210502321
-5.540263115605454
0.5029623412923487
6.102116705245708
5.86655236041016
0.5648595361156752
-4.532003643183299
-5.129975301816325
-1.419527821162377
2.779056080429661
3.5682369800897296
0.587807223017339
-2.4135441330280494
-1.9093611077521688
0.8806517556758638
2.164335762983954
1.1905042719892311
0.04302899030782596
-0.814442014196598
-2.024510715933565
-1.8341911748221431
1.1053029520330584
3.017560434775789
-0.030552353536869845
-4.0225639452448725
-1.928324137518259
4.275267755479648
5.382588797484041
-0.8598022425596521
-5.907505314544601
-3.089431342744166
2.902379150422888
3.6373669827261677
-0.661033994460234
-2.6951460362321558
0.13201013247783316
2.8228937484581724
1.515705335078549
-1.514777497546572
-2.4969400801095776
-1.263407029553149
-0.2648852712495582
-0.2142670832178562
1.0471528097296987
3.9930162590366938
4.545630723015528
-0.4597419727477135
-7.118634959328013
-8.068170035584124
-1.5111336937356494
6.539655890621047
9.13563625139754
5.0407402120936196
-1.987036312711074
-7.439428627503485
-7.988045474647471
-2.681687087617263
4.793970774603016
7.647654474347154
3.305602587326451
-2.4958224734665695
-2.9082671004385037
0.31233931708984375
-0.08243572858737339
-4.623281413965435
-5.259302822246911
2.275710893250377
10.534356702758902
9.104257473989696
-1.9641274968993967
-11.843927603657018
-11.093667313331066
-0.9104660689072195
9.34009228349959
11.261497008985879
4.199677237275125
-5.16245958802578
-9.215503896029558
-5.786279901626516
1.011294279592022
5.282258860532554
4.6502504250520795
1.4903358451866369
-0.7597983737030676
-1.408708262427717
-1.8425066393986818
-2.392447881436765
-1.796839690619862
0.3615358737186399
2.525964824272214
3.0930035133717486
1.9275098320974815
-0.40543476092634884
-2.887486547940587
-3.4674811160431283
-0.8421113227752177
2.865261115971822
3.5415143902030732
0.15411074552941306
-3.1829796756727533
-2.2668029174307285
1.0642080927390953
1.6668170593165574
-0.548509399506647
-0.7073477539169319
2.1036653374729455
2.7223485022274883
-1.1676580524583737
-4.324776556006365
-2.0411192240156124
2.1652073396788607
2.3288879872940114
-0.41444755953594026
-0.6836410563933686
1.5602877606460905
1.6641876074506576
-1.1273423579796713
-2.868088492482864
-1.760000089759075
0.23905572316225449
1.6042533305007411
2.2379993967457903
1.6707723589922385
-0.21000724645514043
-1.9878371901703238
-2.2561235006209257
-1.09024715572433
0.7108984254210869
2.365661950069172
2.5844755845797196
0.1856979979668076
-3.3535590772301282
-3.949190082928859
-0.03412662658683156
4.206022613764705
3.9102856674676634
0.05885108426506404
-2.6317990024815945
-2.385077854595449
-1.0784990865120334
-0.17084282707269857
0.4613821920429024
1.1330455388136365
1.903611648207558
2.066389721004017
0.22777762134741025
-3.0715521744080156
-4.335765632864874
-1.2444734369763992
3.535824641750894
4.985514956870199
1.7182561948354893
-2.588832002007549
-3.9456605370731963
-2.0932470175757443
0.745123485296985
2.4585805414701962
1.7903517077103615
-0.5715426110661506
-1.5755832968643604
0.4662274709989323
2.5951660888947483
1.1066056489608893
-2.6833167727239267
-4.179256562969619
-1.5228597625632467
2.8398638001127936
4.816919124949355
1.929470900030646
-3.481040758415197
-5.082677064498777
-0.18521702789901875
5.362522884124072
4.321180070709805
-2.0217864444801896
-5.847918272730475
-3.1443503928090486
2.3159122884608765
4.602547743146988
2.0202217244758147
-2.18372385711336
-3.7304268923612
-1.148941318160332
3.5412244125967955
6.162629798202395
2.825040706744451
-5.589242165631374
-11.472441150618405
-7.3998137989279975
4.435072755442217
13.352286896794208
11.326334192539239
0.7751599606142434
-8.728026260768113
-9.9500023262676
-4.053707598716363
2.0116389773091727
3.4290150205737033
1.8325214394983897
1.3062468594384244
2.1535745678526506
1.4806920358642088
-1.0808127191109023
-2.3033731335648104
-0.700815797698144
0.7843848029325974
-0.5854431132284575
-2.806074831518562
-2.053604701194631
1.5502557393934524
4.13640120559075
3.239181664043856
0.220285839326392
-2.063769544578821
-2.30710981880737
-1.4226771632159414
-0.7600235360296519
-0.2432569567559137
0.9206974590288743
2.1755133474727963
1.754371944445197
-0.7461040470761424
-2.764015298795994
-1.234504702314368
2.620541313216201
3.5198787523241073
-0.5686979293814004
-4.724726764320415
-3.7852897969582355
0.9852510282398912
4.645392118126312
4.251180097549206
0.3475927991993485
-3.7263013666337876
-3.964782948243193
-0.09481601463789928
3.1222406447473023
1.595629536980872
-2.3643472852438467
-2.8801465863750484
1.3013479681788884
4.657909543528709
2.3292097968525196
-3.079339807664021
-4.947586318650701
-1.3036770002850016
3.1700619452992465
3.6395777438478083
0.76896711396989
-1.47233817542791
-1.5706740535063761
-1.2572361145233024
-1.3333772716009984
-0.3296330211804639
1.9178724838047685
2.8501908603215425
1.0854257739587638
-1.2614446226772245
-1.9367100960819001
-1.1992156369842515
0.07097892195649737
1.1963544026603752
0.5025680647328714
-1.8426046212035103
-1.3240814974363067
3.795651434009506
6.049330198147862
-0.9541063566902166
-9.500297011658974
-7.116759216944711
3.909038977996179
9.500218577440105
4.4539708845191335
-2.722675047700281
-4.591662906381879
-2.6283712837694773
-0.354354087505624
1.6791963436724537
2.9260951058760063
1.5106222894711776
-2.231327363763965
-4.441157023535222
-2.0860927520822803
2.844625945747944
5.485077815568532
3.6915138549591573
-0.5259001789250759
-4.213234808692505
-5.476458481196641
-3.2044810002679625
1.813728181245877
5.635670003339723
4.427141523454123
-0.5360043973174092
-3.9366961150606787
-2.8227179539601623
0.41665923571668945
1.7509244676632358
0.5337775345238708
-0.22133070122009466
1.1537605875606136
1.760279656958389
-1.0802243812937111
-4.172575523981335
-2.6668077335882705
1.9961939591210693
4.000194482397033
1.700120805881983
-1.023204061050408
-1.3820417182450593
-0.7785526425117761
-0.7090666071091387
-0.08538033262526612
1.5257198485274983
1.844816866942926
-0.5277858858632691
-3.3442723936501064
-3.3288774786844164
0.44061539577739584
5.74258872831412
7.706649116952094
2.242158715074282
-7.5595479862810135
-11.712978229919687
-4.982300316207471
5.3268368521172125
8.783054594677221
4.796101761260669
0.20394869497952733
-1.2374617176175038
-0.7784282964322049
-0.6357848676114405
-2.7959783786376797
-7.066761521692672
-7.746366919920916
0.9070528964323684
13.34281995332004
15.356155276167422
2.56158919620581
-11.681324620112914
-12.715627754548716
-2.4983487607622563
5.3737381712910315
3.7528441960778713
-1.6934821421216235
-2.3859980828991865
2.3971973957503248
6.083532894133393
3.7378090547595813
-2.254189237882289
-5.754291411681062
-4.088649784613795
-0.344834740116564
0.9555007797901296
-0.495505725577276
-0.6790888062410116
2.4916525449123923
5.289790768207698
3.6162572391480228
-0.4190491858361427
-2.226474546739233
-2.333151372162323
-4.052855762564856
-5.844694380099279
-2.910539614218356
4.351067771525155
9.235728265238683
6.71712113744354
-0.6968530626451375
-6.0308433512503665
-5.36656504342887
-1.1742454033061047
1.6175376345735861
1.3129019346281143
0.030908111360999985
-0.2090189960556969
0.40964710723893744
1.080281577956216
1.3333416384179362
0.48123048574118854
-1.189538498859303
-1.6372270789650283
-0.2503290469708004
0.4878480475504232
-0.6006805291200358
-0.8425457619019749
1.2282794541010984
2.3599412219582097
-0.03753543512316901
-2.7752683354750394
-1.5803470994451836
1.9490940428452364
2.79896557295146
0.19778902374865917
-1.861890523011918
-1.1841166720119858
0.020206539825541832
-0.24708566219032185
-0.6806180126894906
0.11795426283232026
1.0841588811981653
1.2548562542938801
1.241419644102782
0.7534246236809465
-1.2789472336097576
-3.2213256454554027
-1.977315194713313
1.4463032207937407
2.5285507191836647
0.45879512770796904
-0.5740610869565995
1.0307622996301862
1.3583006497396082
-1.626686477481767
-3.715768341617646
-1.2151890577097362
2.923358045127102
3.6163059328343827
0.6706629855674311
-2.0816810756564625
-2.288225948265071
-0.9109979201187133
0.2578599644438072
0.7075620476253712
0.8734596608041307
0.9820579555173133
0.7338415603393189
-0.163585086701572
-1.2270299880087718
-1.1581845655519976
0.4314588554702491
1.4288706511100862
-0.28713548600261996
-2.6461506107464032
-1.4539606909791374
2.6922803267986364
4.276255073578427
0.9489537774734071
-3.049615233428386
-3.297953345030498
-0.7367210571425876
1.2377621948441433
1.5739623642037295
0.9812400893497115
-0.4504575077278034
-2.0837937748429627
-1.6177729891216666
1.6006352104414368
4.136986949519464
2.5711920579942142
-1.5954443959530917
-3.9955286957262452
-2.9836650134314997
-0.6375336041803671
0.910972032548501
1.6384532550851825
2.0213020040311274
1.6584090996892915
0.581014420136954
-0.2732339833455889
-1.0001253650031459
-2.3545874656079353
-2.8549691293862565
-0.3163112720483472
3.301334630793461
3.360273241825617
-0.516869290037567
-3.2639297708547654
-1.0776176591169198
3.381880661218426
3.850050889237867
-1.7244010484138226
-7.45484226869211
-5.698443395699052
3.2174844808843646
10.293758774133906
7.742683641090238
-2.3564374840554287
-10.179646525917624
-8.310582327897317
0.6915330213294456
7.476192628456386
6.384771723485341
0.5632901690444675
-3.62890611136663
-3.7606770519639876
-1.4940802267708666
0.9188545529815957
2.0279147803427553
1.219419555044904
-0.43282932345037034
-0.5460450312544037
1.2060431883894316
1.432118983350746
-1.9980576249088675
-4.901559738683684
-1.9041911514140515
4.473321103997335
6.283457308614688
1.5106690535534333
-3.5341528659569925
-3.7674606763981404
-1.3102844423835525
-0.23245016351101053
-0.23012086980454527
1.2189956059746392
3.2690260589865416
2.4838955695238245
-1.2767786369513605
-3.6797097793104365
-1.8437170996174321
1.4966722603556943
1.9128495417978648
-0.4231194706684275
-1.3291540506793447
0.7839707622286198
2.3942539909618366
0.439389754583553
-2.8053687503649507
-3.136859378857513
-0.3104301920852556
2.5626564631282367
3.6342030840266424
2.992081624586576
0.2296180823171646
-4.5785771671397075
-7.756507034261729
-4.269852287737023
4.942738241710455
11.092807510144976
6.897414047639881
-3.635215701998919
-9.584348711317862
-6.507525598082426
0.15704262325282123
4.19068676267537
4.599612965262824
2.8818751853217295
0.29197317191930816
-1.6940810487174134
-2.0352438782329614
-1.59112278432166
-1.7892583323969193
-1.8721269937819367
0.41504458562886215
4.444833908268088
5.481985237859191
0.7419577771231626
-5.336834674076673
-5.9539072804104
-0.7496564420100966
4.185912620981155
4.1246260849926
0.3891675575268392
-2.4147632949001303
-2.0310253250337977
-0.47531992117560795
-0.0801292857626455
0.3194620404995998
2.5110774448177926
4.00433699157871
0.6671944039284594
-5.592477070090918
-7.016851740976058
-0.5392024796441038
6.474434289972802
5.584036646101771
-1.083909756066135
-4.181481291435006
-0.3772421775853835
3.727718497867205
1.6944900436702754
-3.9149479458541205
-5.792047568966311
-1.6143872198235736
3.976395686113012
5.565218309239653
2.573939361500184
-1.2428688134380965
-2.585852365002967
-1.5510287166060333
-0.24826647520615278
-0.48568641349650377
-2.058933991148428
-1.9454335231998272
1.9971696562158305
5.907807210699121
3.731918657940017
-3.194905132071012
-6.549403548133692
-2.2217312995647767
4.266573190606049
5.380671955026777
0.6655219421918541
-4.2717530365015906
-5.141888732908163
-2.1619975515503085
2.301929391039919
5.641744596858487
5.355019569518948
0.8018964611503926
-4.975927865754062
-7.045906710531796
-3.1763519240808353
3.3927780393517204
6.362562270820088
2.729582660595089
-3.18063377373893
-4.075975936754419
0.9146032357678312
4.294249421174007
0.5169521377564112
-5.218318670598703
-4.022362811179899
3.1295301406834914
6.428683635647588
1.7848463254955624
-3.7031848773062546
-3.169896640669563
0.3644248729832648
0.34177674087109006
-2.453050993665633
-1.6867067582701702
3.6754147707139735
6.8516113997099435
2.7880477817918865
-4.738361314625988
-7.928916273548285
-3.928715596925282
2.945572747534404
6.331223406617056
3.8440991871830548
-1.1965527049372597
-3.3295236312857446
-1.0290859992132586
1.2710192482327336
-0.3678330546400339
-2.855178546385473
-1.194202475669712
2.580811344461558
2.8373412597839764
-0.0891879671402776
-1.2142704083864646
0.5913309906778798
1.6531756081333298
-0.26201123133280635
-3.0642706048634194
-3.5741258565583274
-1.095810827548025
2.595933725866387
4.986025506470197
4.026811797108395
-0.42965767851188297
-5.2413513723521215
-5.672826605836682
-0.6331646497208584
4.662156431960668
4.328476793412447
-0.37240526053427503
-2.9426159082309966
-0.9944747797413377
1.3028632984793564
0.41916519505184113
-1.6155700344552866
-1.0766397090216064
1.5773796268094151
2.4074462254500215
0.03790210084535339
-2.1974791432913467
-1.3542237961846981
0.981400224967769
1.5649076340622377
-0.027914680427287623
-1.5660230243524107
-1.2259385234467743
0.5546279239657539
1.7493568565921704
1.1612514105756655
-0.16988251740514881
-0.7398315830180631
-0.7931539817197383
-1.1417854378034962
-0.9193858112532988
0.9965810443914377
2.9297954139595617
1.7488728391129538
-2.2348655666868376
-4.443558098584035
-1.729870297190123
3.026213762042592
4.385338124851034
1.3597017540876273
-1.8604616867441857
-1.9685508365892896
-0.3555262926418362
-0.053227189633873545
-1.1865275515448745
-1.2101726047069072
0.9705123973813014
2.892331563165708
1.72886599961607
-1.3636205670506831
-2.462490070595738
-0.433472783432809
1.5848806764887864
0.9100116688829737
-1.1624260220768963
-1.5492662774652397
0.5512529899768198
2.5359456703325898
1.4125531122953674
-1.997735779644947
-3.445804192542175
-0.794648259606755
2.917137013731132
3.3001040343349826
-0.05448264569005645
-3.3140681626758797
-3.021295131095879
0.16650594306598518
3.0851876477967846
3.918475122395984
2.413777238038661
-1.6140558885581244
-6.313512821017388
-6.611492762325755
-0.09140619049339757
7.601027917903522
8.311650059474626
1.1370477221641397
-6.796225252379555
-7.77072646905179
-0.7010779903843607
7.102312128909406
7.037150664220136
-0.1191697867110931
-5.229978348612193
-4.223417036967288
-2.8144826392825077
-4.285660010593795
-2.1168183447384523
7.495447450341428
14.272934183595826
6.914043791014843
-7.698687987850141
-12.346607855309262
-4.276578775742355
2.681200925133152
0.8387228102119691
-1.8932286242603291
1.5960266260807217
5.999868236895834
4.505506339897422
0.02247228841196035
-1.9757633434790267
-2.9441531057747268
-5.395757276850586
-5.221947945508772
0.8722780293251728
6.8699740079656815
5.8243109050986694
0.7713092930572447
-1.440814842584319
-1.2459085689489662
-2.7774772364809412
-4.36206109529311
-1.40985846053571
4.058405606011043
5.084004179322713
0.34402976705463756
-3.841224349825243
-2.5889895581257854
1.6465614150197296
3.288489985763763
0.5519404353779621
-3.0925503467227244
-3.237142459031008
0.5117174400989918
4.024807369720499
3.20628163925331
-1.134144782591763
-4.106765503005946
-2.759722151702955
0.78575677025352
2.936983103458861
2.5366709360803856
0.33915662773938793
-2.139284609380457
-2.5903224356315455
-0.04323561925096597
2.7394273326481806
2.0606779029723983
-1.5562106202985477
-3.528914372402521
-0.9435424249369132
3.1594823352323234
2.934602617174007
-1.961929655195939
-4.450810352922454
0.02053101800894648
5.640593965572258
4.2441818210082065
-2.4597823499376337
-5.809477930833103
-2.9019884492851653
1.090586168792829
2.2733265873104145
2.2064024437582157
2.2486028620838705
0.8097516919634504
-2.0056897060932206
-3.079764380150489
-1.489334720795312
0.15310507268831677
0.6388586399774584
1.4068314327768103
2.387759970289735
1.5233562427136194
-1.0285976753690917
-2.3277604404975714
-1.1785733811676744
0.015381561939716876
-0.4586113913416019
-0.46322317813250896
1.7876253020164974
3.2951417570629764
0.6551098407377948
-3.5913104999676224
-4.101300995383683
-0.3291826288991758
3.51751724055085
4.2626655491377345
1.7981504621055417
-2.3188858938418138
-5.026828313180213
-3.3434211041741424
1.5060498301449003
4.635274248392279
3.560261614069704
0.217807831910019
-2.8974503673178145
-4.38885896294131
-2.6989174646385754
2.0042613641977667
5.462809420311785
3.603862460061402
-1.49665075112095
-4.246193127289149
-2.8773961536951607
-0.17513649158760275
1.329522145957685
1.4457421357634872
1.0817002168082779
0.9895818096298513
1.0334618684008725
0.3080971570348934
-1.5863806150503992
-3.4761132319026427
-3.1081819528572114
0.533089701522535
4.9493604139435226
5.557143259540079
0.7893708544873962
-5.158074196750665
-6.306183437248369
-1.5062298047012255
4.209236674891837
5.2594505945557595
1.4486363114134466
-2.6846365208519236
-3.5798472540178863
-1.6417274514697873
1.1839871342456258
3.416014208722172
3.082522619731619
-0.819368833072968
-4.756113687165413
-3.534482442708457
1.8531212356481606
4.504960456065464
1.3183723087143229
-2.8335411493699634
-2.6458527884695044
0.7521006688550279
2.970052215698305
2.355140426689037
0.14781418107675065
-2.278791451928894
-3.743858899747894
-2.7612887517471574
0.8780702215427898
4.422921118829641
4.050148730159126
-0.32946487354597015
-3.721023767952104
-2.089176713374312
1.7626449299068514
2.1390221976505503
-1.185025406308611
-3.187410654756711
-1.2721577690517112
1.9045325585744561
3.039739534774174
1.7094582735487935
-0.6679157594361694
-2.2228280111522194
-1.39147074026717
1.0215302169321807
1.7294487519187196
-0.5644355943076935
-2.584545857086323
-1.0634624046576313
2.158699499166087
2.5671340999741967
-0.4927074908779942
-2.6874807231653968
-0.8669570737071914
2.338062933287058
2.4936772289331457
-0.31412854931576667
-2.3800126516047957
-1.8180505827684528
0.024548326951769187
1.2400826384946126
1.0517082132584301
-0.22603519595708974
-1.2860460480586144
-0.5454080316211343
1.7734671619706985
2.803156851827705
0.39545960686178133
-3.0846574057677656
-3.4330283346997064
-0.6259254290850714
1.7405904708987707
2.2610951454050645
2.3115376572611477
1.6070012566805063
-1.459482647239179
-4.821149752132977
-3.601191445306874
2.1788151361418286
5.704505676650229
2.4425112554702624
-3.074906325559619
-3.800354261371729
-0.02331768202768788
2.4292200046429184
1.288696379358029
-0.4996856198066171
-0.8965178117417354
-0.941544357833264
-0.9540251147605121
0.3198395433771686
2.104584910306485
1.731898628562846
-0.6514678735276989
-1.8362744969171219
-0.7966327057703575
0.23211042447197883
0.23097952416882575
0.31164070280765155
0.3159064324507438
-0.7271942682113517
-1.1692081540447183
1.1827665419065547
3.697377756893834
1.3691925327639674
-4.344061732197893
-5.546454324672281
0.5326705601894391
6.350838017081975
4.526467641947738
-2.0191085894620726
-5.3544367050678705
-3.5499229182675176
-0.5451610847333952
1.8383893735701728
4.723733885094557
6.237979200176148
2.2534734863394275
-5.635803183268124
-9.219026103800687
-4.068207777914652
3.6686348834464946
5.495672297283412
2.0596831931171082
0.1666184299918403
1.2286451859994467
0.7289239622156224
-2.2426266266558454
-3.37511239894188
-1.2094292425358015
0.6490977194653144
0.312920762464178
0.1365269535045427
1.3587233429043004
1.9747284195788855
1.0178392801675427
0.07006151520348966
-0.31234205351061384
-1.571849281981967
-3.527077842308075
-3.167531675360275
0.9115305624126523
5.179776824670808
5.013347870722371
0.6009615712938168
-3.5113012917855073
-4.008945012578624
-1.8450287953927509
0.16815705158628577
1.0230989386674891
1.6783207858738756
2.4862320387827164
2.2056552698074907
-0.1196986315087826
-3.051365829669742
-3.4924575262032853
-0.6430718345358515
1.9111812578750265
0.8958313568242349
-1.1983751521727684
0.22124952728757288
3.7958987748320063
3.4665012056018734
-1.95202722885091
-6.056595591925315
-3.601787673798665
2.3946755728650824
5.034329870867404
2.0918537575804663
-2.6245428593547557
-4.340007011872113
-1.298828905897181
4.079823288715911
6.191237271566675
1.6286144354994476
-5.288077477165116
-6.981361579445391
-2.726539370304122
1.8204808268222588
4.096163560987645
5.673942757007829
5.152435544924463
-0.553580970695422
-7.739100279354215
-8.110143111437303
-1.0636507297830653
4.622754069444753
3.628355158402196
0.6886367125565703
1.370859906596501
3.5202113028909388
1.9074118380202227
-3.542977702683803
-7.645335254609096
-5.871238047187529
0.9242426058207536
6.879617955400865
6.838628496242637
2.019651281848779
-1.903832887747467
-2.497842246906997
-2.692211082745018
-4.013022190706719
-2.9961490697466187
2.0388071782829233
6.044165400551659
4.258250537171295
-0.49368105510151955
-2.714891475865097
-2.200286629116284
-1.9866688755851207
-1.8329051517439252
0.7553125256225116
4.36582661320889
3.945546386302886
-1.5128157168614198
-5.887423875082384
-3.560332607854236
2.8531045445908814
5.9730544521743125
2.8544933188162087
-2.62685738994188
-5.177917561644418
-3.0332227271885532
1.5661980563016746
4.5665325645089405
3.1786932459430957
-1.4313676900015841
-4.389913154808073
-1.9457628472268413
3.127800229463819
3.8064817117780505
-1.471556568893685
-5.457554757253893
-2.155374247017746
4.295739879230008
5.610729505465653
0.5856656642593763
-4.140232578714737
-2.9076291108359458
2.036788588690459
3.4658707457243483
-0.9341123360202676
-5.097874584283335
-3.4768315163048897
1.4581233316933382
4.083021125205684
3.1981724475644366
1.5244705937394685
0.6644246156797664
-0.8856818557663385
-4.130518263648558
-5.459870957270249
-0.7837838810247502
6.068370298108765
6.171714871744919
-1.514387850335932
-7.210186376014033
-3.4201359207348756
4.830264289358304
7.145040188092933
1.4183864987278132
-4.93667833353077
-5.717020372988268
-2.1362359235813795
1.6981303102907135
3.9309405550219925
4.004430490373437
1.2433988710826025
-2.83723698337514
-4.272231556820157
-1.6037171943787685
1.840656385134178
2.700276762663826
1.123329841121591
-1.2783677722624538
-2.663478168190747
-0.8156194455440484
3.315413438483979
4.266469806487044
-0.4731626006513575
-5.275546640019069
-4.145893159691524
0.5583734381626776
2.8995543300274194
2.442683491440297
2.209248261138447
1.637076755461496
-1.227515217188276
-3.772534672404099
-2.4449899575208365
0.360949985448551
0.20259481355649797
-1.2115143136157556
0.8346640368186197
4.676602688338871
3.980478340228894
-1.5918759420248803
-5.071214082590821
-2.480313715880324
1.985006428269844
2.6791376621094427
-0.3244456861414226
-2.7339360393735532
-2.082662489909841
0.05745567876474996
1.6139978219508022
2.8587565609934567
3.71742639955193
1.7858111342877003
-3.017466777646918
-5.6791029228220955
-2.850346652736921
1.6562558775870693
2.734327365854807
0.9285986221366452
-0.34428880071276097
-0.0559452580034011
0.8871385124552035
1.5409684266502282
0.6827405377085095
-2.0050990542185967
-3.786156225322672
-1.4763278925667174
3.096753058524179
4.307982061090657
0.603852427085334
-3.1202182455217615
-2.6096297835116875
0.27685224168503775
1.2717618822409862
-0.05698866428711164
-0.6219432569821521
0.807545462347653
1.9731109906384845
1.0847707145172127
-0.9459182663056014
-2.398455288704447
-2.0412590601241845
0.34411562269936347
2.609493395363923
1.9522068290825108
-0.7727731795823838
-1.9435671011285547
-0.7685099628722405
0.1567617420560779
0.0575094342497762
0.9840455316986458
2.615442998677725
1.2114481629253933
-3.5351757493471347
-5.430682408200658
-0.22609630729819602
6.33263677662856
5.145733555646104
-2.6869500014486762
-6.248776953641851
-0.6548643775843124
5.284111160251514
2.645101735415465
-3.859632514388973
-4.331150162307977
0.4599342068818031
2.4385052965650917
0.6508858115447356
0.6023503040276516
2.374797888100965
0.9932932545938739
-2.984392266941844
-3.583171574871444
0.32456305471240243
3.188206066067427
1.5435099539278294
-1.6387972700846125
-2.3932667719200618
-0.9306218583477945
0.6474273622035035
2.220233517861654
3.8038803060259143
2.6635374063004695
-2.7724619788803246
-7.781760677211155
-5.7213440628432
2.5789405780723116
8.502879897676864
5.892047651862346
-1.4502806803872965
-4.786907260601703
-1.727827610008082
1.295946057216516
-0.8762820753785183
-4.226534335323841
-2.1079323947658977
3.9722435942810788
6.4943043027605825
2.9952843877718736
-1.8848970336082824
-4.3792199337668185
-4.465493596893541
-2.0365769007197114
2.4371153213787236
5.145078597163083
3.1409874789030994
-1.1633898690114073
-3.6499700724141158
-3.2273676631569774
-1.0110133248513302
1.7693121962111116
3.7132404387303795
3.14818261019873
-0.0966343711678202
-3.187123410826305
-3.049518856735781
-0.6296338170664336
0.6471789080005971
0.031586377922003736
-0.056869881650050635
1.8286424098989926
3.5277573639956836
1.6604504253427512
-3.082824808638674
-5.289125317493209
-1.7052861397156047
3.6899784795648602
4.444464341639096
-0.015929500969950525
-3.710136521959985
-2.149567806284122
1.742628265284575
2.3461506884212326
-0.33006196694911394
-1.3926010812986447
0.6485052916408152
1.4209159686503445
-1.616118536273683
-3.69888045554751
0.044505415372323484
5.25795014638681
3.683542174329688
-3.496963399846416
-6.1653914909619925
-0.1748455858066788
6.2099823047328675
4.26560534147819
-2.9344152078838377
-5.714631438195143
-1.6309953512015347
2.5790662450825876
1.959999197182091
-0.49421148812938326
-0.20779903567325142
1.858328544332188
1.682067294649892
-1.2348037004033992
-3.1937149479372495
-1.6031838053854255
1.5357645505375703
2.430279371045385
0.5298908530856432
-1.1829541038922482
-0.8487849352683723
-0.005995200775239783
-0.1512486763611168
-0.17811259302885007
0.7726096448066913
1.2029699273409975
0.19169130975661478
-0.8877077945271084
-1.152507643145037
-1.1396576916976422
-0.3866828339140456
1.8068484654994108
3.2646229829615288
1.1008250879658437
-2.9573455801693296
-3.843261496266351
-0.3726969762213618
2.784880715140536
1.697613030030892
-1.6237549041759687
-2.432661410656873
0.7289369002071724
4.596783553803798
4.51413669873964
-0.7314665984351537
-6.723517828394884
-7.368455591163317
-1.61543360547881
5.202210110562383
7.246163650431005
4.0814694180401885
-0.41681350951943935
-3.5180258143032153
-4.962357352945961
-4.111403604951325
-0.4180784944529532
3.6500546237219997
4.490446018436249
2.1462834379131106
-0.06992533361992474
-0.778529197144704
-1.975049737457806
-3.9966800987476536
-3.256541247105402
1.559573957007593
5.386513638834267
3.537545188039149
-1.2640632232650877
-3.1149801713474905
-1.0699751413106722
0.9514409254599866
0.4734033935137693
-0.8745221563757675
-0.7908426801967638
0.36667306924275944
0.8955301280536523
0.5991164185969279
0.37454155381003074
0.06934781477564457
-0.9410246360030096
-1.6891447391244745
-0.5701362218462073
1.7598367703272957
2.6410970761898858
0.8729767679241637
-1.8333049807089192
-2.976591872981912
-1.3335215013224055
2.0488865897166204
3.363877970019285
-0.3300326612923832
-5.2236559110290965
-3.9288077276104274
3.425764728610807
8.101743467338393
4.909841976224477
-1.558759229290777
-5.085484884749825
-5.400633986875007
-4.525443719216378
-1.7746185606259997
3.0810039323945793
6.340718886875284
4.7739948276894
0.5791258877885912
-1.581313616002807
-0.8087631066698948
-0.5642446604467396
-3.1296549676536336
-5.737950226882685
-4.065745612294868
1.842023863511023
7.489570763536508
8.704457277895315
4.632021002042634
-2.540536329861494
-8.723758617176037
-9.752115905115488
-4.367282056443937
3.971140995911723
9.160141045537435
7.584797740810857
1.653929371182889
-3.028685819047623
-4.540713535067209
-5.628449955950525
-6.440534025971286
-2.0840828528579083
7.902493406855299
13.58398565355542
6.078227243189456
-8.083093982526918
-12.953515161207157
-3.8496891833251685
6.520421687425357
5.909414941308828
-1.5174143167346288
-3.729074515821243
0.9991482254346302
3.866563227807483
0.5287461586761313
-3.4549152349903376
-2.597494157419572
0.9789229141143668
2.4986102401228596
1.4638631229397536
0.19311168634950235
-0.7539451310143099
-1.8880479147054479
-2.081311018858311
-0.15553765079985088
2.3577011515379245
2.7868509434043256
0.658461460941894
-2.1376889600017406
-3.336490376526424
-1.6185722692810074
2.1263138902445577
4.2721272580951775
1.9246744351472627
-2.55241323722642
-3.7239303449917456
-0.3525761260462274
2.8014539748715155
1.4322861619543585
-2.5680712407400406
-3.503716103083296
0.7326793574719788
5.403693079359498
4.446658062673923
-1.4568344950903003
-5.5326325538509975
-4.246278482534863
-0.8300742413560339
2.048724872553987
5.270427691235462
6.427038796326809
0.5125101942625372
-8.73347962492636
-9.729445104960034
-0.12118944923251164
8.22100366727852
6.466850258555882
0.3836958460105918
-1.3560034573934192
-0.28451024600520286
-1.8884638068897854
-4.442445875380664
-2.8376974927541316
1.6328827952910037
3.5266033263344188
2.196671679692371
1.1265605456335797
0.6050904779759736
-1.5759025787799334
-3.773662481859345
-2.180873288721206
2.045665279390129
3.7371756626934154
1.3975071689836183
-1.2150302740209489
-1.3529229176994697
-0.7269160375808048
-1.2937391201692732
-1.4869155312439528
0.44754271747014734
2.5100259267611764
2.004705931949069
0.14892142750384207
-0.031341450261615666
1.0976073552936687
0.10645078940313592
-3.8906624780789443
-6.5805428633564915
-3.232881308411198
4.8650339775838
10.760560335780081
8.468935751813689
-1.3625011975853987
-11.09285965761302
-11.747784657130676
-2.088982097138849
8.413811142280998
9.345664285821433
1.4040758693106568
-5.137480077822677
-3.4907490160571966
2.105036291866344
3.1868593279661153
-1.4097640286411988
-4.635977833129705
-1.7773337371070599
3.095385834692398
3.8128634936097225
0.6282414612951812
-1.8150915409749062
-1.5940963853858827
-0.5701972513757102
-0.16167301094789244
0.44471874868716105
1.7421079378874076
2.001480061939001
-0.3705576993740411
-3.593292301017205
-3.8201280989749513
0.09921811791672748
4.59640663179294
4.925135557261852
0.5391966746364535
-3.9893599819237955
-4.210587756941241
-0.7469898809975077
2.422408742677745
2.732963753119341
0.26476369039724085
-2.8290127102360705
-2.4554034932156754
2.9688855615845875
7.016006508223762
1.8779190596055326
-8.225171836964583
-10.1814925388745
-0.5995461217855633
8.919792991848414
8.038345558069741
0.3282730090174919
-4.225728946704227
-2.621921339984662
0.34672088363470116
0.5675549968688026
-1.3656937437956178
-2.697814237410984
-1.4461501308117626
1.9898491970147543
4.622123022753538
3.6301534984317985
-0.3680757086363011
-3.8274802094463585
-3.9584179187246535
-1.2599754788758146
1.7593871387407656
3.176517987817468
1.8589603105698653
-2.1754162700019877
-5.107346056059087
-1.5584612699169105
6.556605104749838
9.076532632989084
0.8636294199166833
-9.382123132702926
-9.865829504361615
-1.0057490344622835
6.591574568633161
6.441702276025188
1.7327738201463863
-1.9220592907099452
-2.889996117769559
-2.146764095343644
-0.30124602440004555
1.8170746084191665
2.1949264633779917
0.08257846688260727
-1.8527683162170696
-0.9338232723485956
0.9935957042248141
0.289140736238473
-2.041829329814802
-1.3984099184037837
2.660622848234238
4.601429206031012
0.8300947716138837
-4.4359770455985466
-4.647174704864654
0.02410993002484291
3.4369249750904984
2.410037588524424
0.010797514536649226
-0.5496769078507774
-0.41308243435794845
-1.532736937927056
-2.3312958151587226
0.02491316333797084
4.231268780826773
4.917894895628102
-0.41748319386830224
-6.755453354612487
-6.752103297536551
0.2845017029159792
7.220969989108733
6.950960840798739
0.12040163951819259
-5.775406516485859
-5.12180257004141
-0.17123202564905896
3.158845123048701
2.707427485074309
0.6764045090188104
-0.6792765665045033
-1.1241876353902622
-1.2257936293418932
-0.8746438414294051
0.34764204958671546
1.5444454523251097
0.9466019938464343
-0.9797133211710847
-1.2001919549278797
1.1099428862451484
2.229496461407962
-0.5259696522962265
-3.655777796200176
-2.2683550380853497
2.1272076706069054
3.740749778958313
1.2011110551248503
-1.166257109932165
-0.6860888823645636
0.08245041093046754
-1.4636989262706073
-3.25841758260228
-1.8538141778606818
2.0947823810694666
4.800297598671384
4.196695534329535
1.0468299655369522
-2.914174554773433
-5.378962825492576
-4.2886593076491355
-0.4804536336645621
2.693837542967497
3.6424919299604777
3.7532437105994223
3.249646700535507
-0.4600418281233186
-6.980932787346685
-9.146453907185466
-1.5579988408961585
9.228473026368016
11.165911450739458
2.520674523935702
-6.63091521992186
-8.156703142876697
-3.9018648752603653
0.2539020497866136
2.1637250405375523
3.1735682735700625
3.864037328170507
3.0131240491187596
0.07334423698099639
-3.057898031715848
-3.581427500369899
-1.240061007400836
0.8208795458123567
-0.041974138366361914
-2.099681319285913
-1.3676954656193194
2.6820128741376115
5.780601464100601
3.974214085851939
-1.363159505212608
-4.97396495954787
-4.003672933855007
-1.095632232021521
0.20557274756793756
0.7339412194421552
2.7107657672491148
3.977619565133922
0.9086843329220267
-4.314459214750678
-5.250725304988107
-0.04938797104840837
5.71781749767603
5.830629662529664
0.19921720392563336
-5.76085657583649
-6.565436014892386
-1.4320782511803627
4.662406448987501
5.43807582708544
0.5310774708016403
-3.3959891810422564
-1.1999744926810871
3.100427145958755
1.7177322417205672
-4.618948334698731
-6.5178132538862386
0.1715881987479794
7.694900548168051
7.267464656245348
0.3265533980342471
-5.235999056681611
-5.572537483584039
-3.1291733966891413
-0.7804794972139975
1.4480532823073422
4.078608178578047
6.203281193806539
5.496178199937348
-0.48262044719080066
-9.38718344311832
-12.102870250289406
-3.240439015241118
8.826601418516558
11.525983172947004
4.360952498359915
-3.1403422138480606
-5.3837424906537805
-4.21942950093038
-2.2360044386860367
0.03389859298813013
1.953881396101089
2.757666615463193
2.8076293591165995
2.2593653011934074
-0.014851757656582785
-3.882758079396347
-5.919879522424615
-2.817162150925212
3.4695370637076346
6.720858758966344
3.6823706686928674
-1.8086460230106156
-3.8537515723696125
-1.8908611059256346
-0.16150619574315964
-0.853266708861671
-1.3692421089262063
1.0338720138294928
4.525144918518065
4.4073498346176185
-0.69985144411345
-6.008134581836363
-5.722830623183453
-0.2282098175859299
4.666545137976286
4.986755597268324
1.8150632691797286
-1.7633705315368151
-3.4055520551700718
-2.317539288333364
-0.11284228544601194
0.7928073979461658
0.8608912154219213
2.1126072672858625
2.928607261377974
-0.1810971982572542
-5.062802589409545
-5.156519349699682
0.38443149739681703
4.925521464276988
4.343977509420015
1.6564327066864808
-0.162686228452019
-2.476496159223374
-5.2272345539203835
-4.199110012849774
1.6710688963304912
6.280465304076129
4.352215628244365
-1.2145807169067746
-4.088128911319627
-2.6911251187656386
-0.00604377171587442
1.686428030942086
2.270159158272477
1.6216780905604835
-0.6815434327182616
-3.292364772035512
-3.2090821086473604
0.5025926873105322
4.420043271837991
4.210514008530511
-0.10935031699857634
-4.047308763275474
-3.558933322374189
0.5496649320446226
2.934053637139716
-0.19474722314484708
-4.8539113938577785
-3.2043631101050853
5.0357859070935564
10.518957020269367
5.767595683065727
-5.417281585288803
-11.967496883042369
-7.543039587467747
2.58367099560128
7.7765748448899386
4.364511199764066
-1.41206697926317
-2.52428984977112
0.6567246859977809
2.706347450878066
0.991736180421945
-1.9626966503674776
-3.2075184524603606
-2.64715592161451
-1.1206111904140474
1.3399575598754636
4.151502005867143
4.988015084037153
1.6835061427042428
-4.165380805105985
-7.079483665429457
-3.387611691496784
3.6445066106469204
6.643037938848046
2.5241822959926115
-3.4476524996910105
-3.980351568551258
0.5066900751987647
2.6538721043030797
-0.4455776770967846
-2.7496205032237815
0.41840125185174687
4.039969874729959
1.518615785244625
-3.9870485026665827
-4.222699630767421
1.1678531982002323
4.603730485099456
2.4225567502220025
-1.158281408132879
-2.2535006450228425
-2.0421191521045308
-1.8029293564702105
-0.02529160708694432
3.1233928898216865
4.040839734473592
0.9453062487588297
-3.0754557999184384
-4.053088969214784
-1.5023977631488263
1.969881370551365
3.3454310876009594
1.4595023167340768
-1.6176828896349196
-2.2885784481805267
-0.09313452986389484
1.557622484168346
0.7734626773429025
-0.48375240159951194
-0.7710433118408333
-1.0149601373244193
-1.0676512070808393
0.45753464425300905
2.4803635887086832
2.289936873225199
0.008240933471293808
-1.7392251145035238
-1.9424162699162053
-1.5361599731967515
-0.762711571598703
0.5968286910715678
1.7009268228017334
1.9178071702566961
1.8092899349878284
1.0962730918008747
-1.5433984347303829
-4.811945596000629
-4.290510784263303
1.4440654420686232
6.745351055292642
5.0789780527592
-1.768276474605708
-5.676601563788646
-3.3988490506700795
0.2875489409911236
1.3422207033683147
1.4262421730850974
2.5139334669414017
2.8754423166103877
0.6252604395780048
-2.7353050867928506
-4.139987403828424
-2.674935744390341
-0.15516468664670482
1.682153802139292
2.809525939472802
3.2643236579068127
2.1939521433883504
-0.5203688945785351
-3.521195448479618
-4.934207572546202
-2.9566683159850635
2.4757240229394584
6.998765217398567
4.67265619658315
-3.44426364498449
-8.14422297778657
-3.533679687538648
4.862355702034698
7.503499103662395
2.2929339456100744
-4.610793158959932
-6.3724229066690805
-1.8465755615995558
3.980351281069913
5.177810722801631
0.9435033564707105
-3.7633643411049578
-3.8571378227430353
0.21605509339444748
3.513254898287504
2.9574721284988943
0.17398646447770197
-2.2635210813857434
-3.534268579935491
-2.6818770600035076
1.1540068522953122
5.079272999613962
4.014414947869793
-1.828960804785893
-5.5225708654224075
-2.311829168713532
3.6061115789276563
4.562926523420902
-0.4210722294107206
-4.65310124862905
-2.8454845857217514
2.2279082718693606
4.057329143056666
0.9366875385550858
-2.895688143062112
-3.2896740112759835
-0.1986219940631304
3.5126146936649354
4.487587815367792
0.9945924011837044
-4.594120889219379
-6.458122593999458
-1.6902468352486613
4.864252629762262
5.77622953047172
0.5349716521835401
-3.8699175971511988
-2.1238496883410014
2.7894553621740816
3.637901548332701
-1.62932247520727
-6.764908019167521
-4.838232855254653
2.7724777055848526
8.002619526618163
6.017568546995338
-0.13981221534589885
-4.872922823206648
-5.91137539525423
-3.8175006457732352
0.2928977196443523
4.08386543154305
4.177914613641571
0.45917811363348293
-1.9594445319545706
0.6573607721106923
4.026276092252437
1.4213280267934327
-5.555470469241319
-8.2213946953022
-2.6386840303776697
5.301431177664827
7.596651789897484
3.2446504767872026
-2.2774364035916954
-4.192074387921806
-2.115550996995108
1.5240200783499802
3.309785466062796
0.9363273231012464
-3.6595889169923344
-5.284969931276019
-1.3382381674246668
4.892102346249936
7.362029443601084
3.228978557322679
-4.09984266740285
-8.11273893569985
-5.3044354394739
2.1499913330808504
8.183673392079783
6.979528550256933
-1.2934032499150865
-8.42044762752879
-6.269770380147106
2.607833316579817
7.612849603623371
3.733856875932065
-3.1268667412999385
-5.454171182212657
-2.824871521253813
0.8633983982420479
3.343370223793528
3.792565753498931
1.2614126657581846
-2.8187939764548253
-3.9848370258523085
-0.2235985337220509
4.197301217925984
3.4066355753029067
-2.400926347948806
-6.420433264708512
-3.489110533491471
3.1003513779382526
6.131174744955801
3.89977119768723
0.3819057723625332
-2.0042111882621647
-3.867166096450799
-4.566565598133393
-2.267478238360906
2.1075644539169245
4.856492232681787
3.586388403024611
-0.1765768916304596
-2.6608288378927925
-2.1154627144238374
-0.4278719601820812
0.5085078911712797
1.4535039207129477
2.5140519075892485
0.9953363855711295
-3.5638952924176044
-5.999598185273705
-2.0690407852884243
4.489127137729324
6.518067383288814
2.961316925465872
-1.1417339908852817
-2.5880992313259528
-2.9051230547002205
-3.5465211106398065
-2.6188149644843026
1.465518128803499
5.43414565149776
4.359155269360554
-0.6319359788670305
-3.0212062229915877
-0.6405042745702949
1.1631725813676348
-1.374842049262505
-4.150897613995019
-1.9751039568575846
3.1110147865754523
5.1582875016978464
2.7396516276704794
-0.8178181003822997
-3.0485221579492676
-3.5003158953559717
-1.8447080219154794
0.9156847484984445
2.132640858172951
1.4881941940941086
1.5642980839414684
2.364374977811908
0.4170240396614028
-4.283606901940347
-6.109014436621728
-1.891984935952963
3.7793788798232413
5.143118588592808
2.8613112320365452
0.9566006207849463
-0.23778644927448284
-3.2347305140967095
-6.762336600838132
-4.843746111668462
4.333702317334168
11.546891608623358
6.139208896291933
-7.405095168814661
-12.640461518729534
-3.37609238511451
7.934175296059611
8.162417661015484
0.33291562371267436
-3.792775109448126
-1.162043867521343
1.2065260513565779
-0.5812830979786968
-2.443345394961274
-1.1735054793085522
0.6170579926781239
0.6309248357992271
0.9188036969712036
2.7106438689782917
2.6683153339676724
-1.5208674854896247
-5.611886769604875
-3.9368780055436363
2.0501143947947136
5.417238374819839
3.085704490871976
-1.0577729451527411
-2.5367988359220073
-1.544310602826053
-0.4937638551834704
-0.00527022513687838
0.47506237969803566
0.72841973839144
0.4580826890690501
0.19151228322528738
0.2182313310605778
-0.0595172228830831
-0.8037361052626582
-0.9635560734467106
0.03300203036093662
0.9299428317368557
0.5211528027626537
-0.2465937375901755
0.0757531462351583
0.7789922235020968
0.14060181942327452
-1.4960576774398089
-1.8621077417442635
0.08008713323074268
2.4323615821291154
2.31206932318756
-0.5319058301944044
-2.7788748647020096
-1.4517438688397561
1.7875790827905094
2.364881004850727
-0.937887440423206
-3.598490477807173
-1.094549068867824
4.007382233776514
4.426161463376701
-1.3209388521196679
-5.740170365479244
-2.941497172219556
2.857194045644874
4.212903232846035
0.9792499418338177
-1.5576429494763833
-1.1262135314971204
0.14814959414013154
0.2789757024431117
-0.5077393725910124
-1.161918479840321
-1.1439171178887355
-0.3319244541857678
1.3023687763712921
2.909712901945057
2.4566270019765453
-0.8406320713793922
-4.156494311311002
-3.550170316586219
0.7736408056997869
4.047884833903249
2.9336920714692556
-0.4020359528166494
-2.010789148707704
-1.5228648972892662
-1.0768081056613348
-0.8698844170313249
0.5746988624273639
2.4077762919132057
1.8265349899129548
-0.9624967551623842
-2.1268010583017394
0.0845340685426798
2.4003179732480677
1.2097410680634497
-2.074878688924768
-3.020420283744742
-0.7868931459013375
0.9194064623710119
0.24583497208531613
0.10468795263808829
2.5520562325454708
4.46722102299905
2.0469461049022115
-3.196309189943586
-6.299785789353331
-5.032027669686406
-1.065082085724712
3.321094737771746
6.247198127425318
5.681159913305844
1.3773085283979267
-3.705644378675528
-6.022426250869415
-4.5079837784710515
-0.5814325584343755
3.245681834048903
4.613642178361893
2.838181801606479
-0.4344156525242816
-2.7400406589615742
-2.735526217607355
-0.8267146186809172
1.0342747414708657
0.8912607486209349
-0.424962936774114
0.18591139156506506
2.9084732470182093
3.507909606638896
-0.10630353530702483
-3.8414165362705432
-3.80896471023162
-2.2098762129215537
-2.07978080481075
-1.1188347216418946
3.1510134597728165
6.7227846450695266
4.790244671131932
0.1412485295297318
-1.6895138276444233
-1.7051462485757976
-3.8710038968658806
-6.168324470804761
-3.5288568433225196
3.027255124053675
7.094740965775206
5.235608539550566
0.2851880829178668
-2.8065356139049578
-2.2493308853981273
-0.6596254143576191
-1.175598327559422
-2.749550587718181
-1.4895521670500702
2.876620078014591
5.327807341727631
2.3812790955339302
-2.5913972395240634
-4.0930619287783
-1.9338634248331839
0.3353978107462455
1.900546454876534
3.6084455121850727
2.9160437192901765
-2.278328782876322
-6.864180811249559
-4.085773459794961
3.617620663246027
7.0974009343817315
2.982968830688104
-2.768550933579283
-4.035784362396163
-1.768720666335313
0.09866330874661111
1.1950257774618085
2.554006773100692
1.9547763948611934
-1.8346563743361606
-3.7657798405357523
0.18648719383388976
4.200157405870461
0.968201671603621
-4.995303458909874
-3.683405902560137
3.735098941609426
6.380265791878746
0.8069245079495315
-4.561077991284261
-3.3711644385273223
0.5082933697718364
1.7103903341464657
1.0494295097777526
0.7564764483256208
-0.05042217777726346
-1.7085293915291424
-1.960330701288454
0.1579762097217468
2.480990366800532
2.652402600467438
0.47661356285765655
-2.435214292708439
-3.7303152565837614
-1.770482652617755
2.2784113894248046
4.4723736307204875
2.2432676397488565
-1.8766468669707113
-3.1569269283778127
-1.0472577118793505
0.6620202546533628
0.1985057870379663
-0.13583838581088437
0.7458081202944364
0.6629144533401079
-0.7571458573600114
-0.5530282526458993
1.6937327778259057
2.1010387603725054
-0.7656099355131247
-2.9536243423282125
-1.7577634719513207
0.28211714974869007
0.8864901782060379
1.5171205723790087
2.335787878398675
0.457052232254489
-3.3253020066370937
-3.395268795407428
1.2913449445464393
4.168923622116623
1.3722186095557214
-2.1998270468028003
-1.3252241918193035
1.328141440060407
0.2749576840365214
-3.437347396316291
-3.384466513568416
2.2604609897669867
6.971822471078322
4.420814221756311
-2.9199925370175714
-7.163516738608502
-4.770775446022979
0.6422593943839786
4.362872048420301
5.270979308740361
3.551531447185389
-1.0781827646463733
-5.9051228117494
-5.586836585503491
0.16675860035422957
4.494845971281666
2.504894923325387
-1.8176288012404616
-1.3877948022040048
3.524274396491999
5.063983631936002
-0.8685694559554036
-7.837559011530289
-7.216508461525691
0.615013507424332
7.448854182850488
6.9073202065914865
0.39336647507060485
-5.042291542773735
-4.093363653726407
1.0275896525957164
3.3899259242422493
0.31302505691336924
-3.2427051767003503
-2.088554453134707
1.6843062454993782
2.527569955252235
0.14690329825907342
-0.9678652925747934
0.554426868545445
1.2976872844072234
-0.39859483123227507
-1.6392644238141258
-0.5393288635207
0.21262431793685094
-1.490588304785214
-2.4770357382447137
0.9566127889449376
6.0445763089776685
5.94118500030861
-0.9488566940024233
-7.733671831954026
-7.099674777741359
-0.24958546803556575
5.268976908254607
4.9408985465071655
0.8746072348870626
-2.420476801076169
-2.2445202061042275
0.8545087827531146
3.2291527860452858
1.4346091493536361
-3.2400896731815156
-5.668082414961997
-2.9481420594878074
2.460503440333285
5.885336531434135
4.962295954025391
0.8733655638981385
-3.2532806622350074
-4.610546134265218
-2.689879208327577
0.30066062818827133
1.718861568142423
1.214934957937647
0.48061507958950106
0.7399165082328427
1.3836461071247097
0.9745603996911129
-0.833456055170039
-2.5368665649207096
-2.226807004959205
0.04838917399585152
1.9803529815464418
1.6799965451997665
-0.1368373816483133
-1.4913160742607368
-1.3677562329504696
0.2616635135136113
2.540232977877305
3.102595939437228
0.21107204252702172
-3.750613546887938
-4.124389498327677
-0.24212766367114572
3.151832753163602
2.1260315752085437
-1.1727710070527049
-1.7562953981225233
0.9993261853381056
2.7599233367331863
1.0702802118022219
-1.3551572226625492
-1.8305494624487522
-1.6704508467869388
-2.1444711000576415
-0.976748042001346
3.101482958515169
5.901971357279754
2.696523707237821
-4.167284712493015
-7.063258687476362
-2.5566140384845726
4.2473987775734985
6.076461826937746
2.0381659781251407
-2.5270601673799615
-3.5897263549482745
-2.3320700726226473
-1.228588575816144
-0.0300286611372917
2.4644575126990795
4.914909374468471
4.074578938025296
-0.9447322384378085
-6.284695864805441
-6.759471235718444
-1.719092548452042
4.163421170607072
6.303064512787999
4.402676267138539
0.6592210007746603
-3.4277831856187353
-6.411549094660379
-5.484335039068382
0.5797664711546545
7.404991426856344
7.839840742440588
0.5783553540478344
-6.936255967362949
-6.85426182437999
-0.21075360038334978
4.908867816819111
3.4764279590384124
-1.1083380479910958
-2.4633890417674666
0.339247114449476
2.3413903379037033
0.09973621677579678
-3.171247353571647
-1.6742962832533241
4.015736136326104
5.666070977589218
-1.3210757666558088
-9.186723962426552
-7.255869675900772
2.7706806712010397
9.238646522745782
6.575148524811832
0.3465450021634562
-3.1887458052928954
-4.059327832476142
-4.0347673696701705
-2.396475937863498
1.3390113218308137
4.71570899962964
4.370028130004495
-0.20706906694649593
-5.165716886073868
-5.187080363094309
0.8034744426450411
7.156378637479123
6.567597501887308
-1.3863173908789084
-8.389324637969821
-6.512286186643187
1.8566491132489409
6.795574065581991
3.372852600506624
-2.822692936963495
-3.847190962538797
0.6974023217443159
4.292863434216247
2.0131474835875722
-3.6621691881211325
-5.7463734214105955
-1.2585054466303884
4.810634138800184
5.776736033071556
1.3253320568154572
-3.3868238449440016
-4.48780005240295
-2.2735408849497114
1.0242199412476771
3.3071045159909844
2.9262296629688973
-0.2502482989916374
-3.420831893209954
-2.7898108217755477
1.6639662947996183
4.87967405010616
2.2427291489176495
-3.9056298801077527
-6.061321457203968
-1.1555338324267939
4.894404875700288
5.092150597987996
0.4271747563858182
-3.0704862694102566
-3.080448014407683
-1.6407829732760273
0.14358045741447795
2.2365455512874304
2.8041818602602393
0.7390852549835173
-1.3497581888182126
-1.1510006429042419
-0.3344694375237853
-0.7164923020610963
-0.890323854366251
0.326818210854264
1.2262601242653726
0.6618496548298822
0.3821904774183045
1.220430201362622
0.655809753181265
-2.4656481391686085
-4.323379122286839
-1.3899659552346029
3.557628890322138
4.9876771121597825
2.178214345249504
-0.9180520448066206
-2.2232752237582165
-3.281148640571012
-4.188450596080149
-2.1120628480655386
3.0789065865638325
6.595102162548682
4.833579826288079
-0.10041514553367333
-3.9145012576809806
-4.88226182748824
-3.588046173225479
-0.7493597834313005
2.762071873759867
5.04303757066869
4.103431611729704
0.054357561213754
-4.176726209665785
-5.0750874389518605
-1.876609819245616
2.5311747758724383
4.186262554788686
1.7492079621127277
-1.8892228983693051
-2.356441875429675
0.797286271450707
2.8246971560431793
-0.052259562477529393
-4.634271419604453
-4.163016465630711
2.255719616670159
7.3125230007534485
4.618518775522229
-2.8575895740751167
-6.884439542705158
-4.251878853232282
1.1575654699380056
4.773936021035444
4.927451865630891
1.2253279103783405
-4.953421024198922
-8.19779283116416
-3.0738490095767728
7.500278148048503
12.359468329168761
4.601854352637399
-8.240521978800013
-12.0450690636442
-3.9402162742918083
4.695858851493522
4.797138788229575
0.6780959416537374
0.22582590690080465
2.5199043791852533
2.133512407086673
-0.7667344999182785
-2.3932730995076357
-2.800004282223492
-3.86910400014544
-3.2870263594951408
1.9777929422349223
8.001899032763527
7.066478584509422
-0.9901309450456746
-7.116517375300153
-5.121420102273975
0.5486981146319085
2.711230290302531
1.2416410722693425
0.1857644932729654
0.247237354166833
-0.4043732900169522
-1.2285834668800557
-0.25125934581298875
1.6674771570938036
1.6737794829673023
-0.35181861575188594
-1.548270759972383
-0.7875084190080568
-0.09067112040296534
-0.6296035704316008
-0.706341385590066
0.9208188364740008
2.38323433098466
1.3646379554944652
-1.178569892783469
-2.2139229953886117
-0.7469613033687333
1.3306495583094102
1.8265024491236392
0.14013574346157498
-2.3710248713903375
-3.0335952223572757
-0.41020439295715944
3.303818670223728
4.182450110273333
1.3204169503888188
-2.1093391500708756
-3.179692859091873
-2.3232677973033726
-0.9515053738535861
1.0268229529356332
3.249419208168468
3.4285825642538246
0.29339945356255315
-3.719626475105915
-4.441255965704301
-0.5446498123105573
4.2234335898754365
4.45767062972954
-0.5191816128882714
-5.101456974131235
-3.6284497113148215
2.5902453313161375
6.189120894566263
2.4958523779888857
-4.301387641002704
-6.260841122709549
-1.5953735693108881
3.98515887595107
4.815158822425322
0.9528609547543498
-3.1454927092110285
-3.737041467377369
-1.054810020694505
2.65441080041543
5.89264773997814
6.00751905314548
-0.7513314146960478
-11.385717074935092
-14.018033529777295
-2.2608636870379386
12.874258233731288
15.141738392936093
4.033843230574694
-6.258736389792082
-6.81240108397192
-2.5139579113093222
-0.8040654415167313
-1.783558780965216
-1.773353962741024
0.35715677780245597
3.232726245134083
5.201752040070496
4.591849398452709
0.5169697365304675
-4.939657431500077
-7.171839912226959
-3.4759096189366647
3.2709633765003163
6.597381577553382
3.0360381609548557
-3.5831056524563123
-5.914360814542083
-1.4685785225450243
4.55658724255543
5.687902084476753
1.480603980394848
-3.294951392945813
-4.782624930367869
-2.7060202361392554
1.1236673389236131
3.7408032314234623
2.4886133264978048
-1.3798667030523621
-2.9375689899449426
-0.061437108579950994
3.1094192845831268
1.948683364778304
-1.8778608580169955
-2.9056698065301383
-0.12028104209468919
1.5967176597077324
-0.627051019701686
-2.8047693542601757
-0.3178625062189956
4.491432891137239
5.209511172913424
0.3591281220461793
-4.524633497835855
-4.462244476988092
-1.2877979759440739
0.28215785596031095
0.09787182339714168
1.5219642096278843
4.265861808485271
3.8103770742086036
-1.0776947279566476
-4.985856279909474
-3.0906394533967916
1.3736290073844106
1.709170648757201
-1.8017621720642887
-2.4394764578909918
1.9580005662899767
5.532989258144906
3.4507486347723715
-1.7107491240984132
-4.716410831794517
-4.140792851111199
-1.8297204871900172
0.8871158019498695
3.6042793944046503
4.679738679448057
2.125734481310685
-2.370676992744773
-3.8911847272872375
-0.9895155348085382
1.7138038992005564
0.3411026157350395
-2.546645460348997
-2.158377746616818
1.5159656462612288
4.237155627108174
3.5700825327930645
0.8385256863497812
-2.5197902913590418
-5.856959180086503
-6.092435208594853
-0.01599511134483775
8.264345370850991
9.310399308097528
0.934453583490269
-7.6327539807596105
-7.642807756210784
-1.35238984386796
3.308993677322961
3.707830171864431
2.7206886627696836
1.527557944535285
-1.0804722977955001
-3.788743086577462
-3.496426491405255
-0.45903630432849396
2.098398442703243
2.7177713162916026
2.3197738950007887
1.2179607265163512
-1.050129053190888
-3.405088183637555
-3.498440371665885
-0.664898129850104
2.8335070449383273
3.9105357209536473
1.6847578815929103
-1.5245122206650528
-2.50876350710401
-0.8012585632515641
0.8789474274620771
0.35181428522578745
-1.3509427703650687
-1.8893072995583875
-0.4133533070448056
2.22456027619776
4.0460510353546475
2.8330491443587356
-1.1259998867809464
-4.130871724329042
-3.4513071447479895
-0.7767331810358226
0.9943173143958111
1.6126752108760891
1.7988360141901771
1.001683520969516
-0.5150894346735813
-0.6444630426154019
0.7612606332173225
0.6185818968201405
-1.9794103377380243
-3.0895722818351463
-0.011439277331385514
3.733555532721522
3.305529716503644
-0.46671568334248464
-3.0266750683361723
-2.864854257656233
-1.6882882158153008
0.3751184634230495
3.8142388271870553
5.303385127222362
1.187301420092066
-5.078775076921023
-5.911425764542855
-0.3984445315440243
4.183789066679299
2.9150466591139974
-0.5550979698904255
-1.0631506016647168
0.24583797668882093
-0.24915395277538957
-1.585456766455031
-0.8201902462183369
0.9364970883496497
0.9445342560767153
0.06696619504223424
0.44056126238252735
1.1510811545872683
0.4159034420390757
-1.0180995648078726
-1.635386436879572
-1.4465152865857103
-0.7587148883188779
0.5939659527507831
1.8824467314222495
1.9763816648545618
1.2950854373818703
0.6881017548596765
-0.6441593872666492
-3.19463454963867
-4.661699026328216
-2.4551516893858114
2.3746825107843694
5.86947680344082
5.393469994139827
1.8328216432210382
-2.4027866866048457
-5.690640050130143
-6.428686805283971
-2.9038501757803084
3.390694126553593
7.104419785865917
4.850963154197484
-0.3606408467332515
-3.149973468537685
-2.413020611739801
-1.1435694920991435
-1.0793308318746635
-1.0098245828338104
0.1854833014177279
1.898155782879452
2.7620580973415993
1.5590803283418788
-1.4301112179434534
-3.301987257758405
-1.341170159692263
2.5712164141687985
3.5438792403899346
0.311071000679346
-3.2063907171018737
-3.73213683969137
-1.9447386819753798
0.8403483171452683
4.152793062953422
5.425885588709003
1.6652959694022056
-4.337864775624969
-5.786188090785216
-1.5054161804232664
2.467689255755778
2.2455916540494503
0.6550259559603914
0.7959859475573564
1.0415567066475528
-0.7664104165928824
-2.648396256616355
-1.6701061791790837
0.9482708859380231
1.800989032495126
0.7411224532881242
0.35064144190442953
0.7775332302741009
-0.5967999097619885
-3.5026772248656832
-3.1216841872773577
2.4839079950461147
6.8990544688467
3.2344593101519283
-4.877968076183103
-7.316636098259088
-1.5070361520400666
4.603695580102374
4.1647908149702255
-0.07596857995167268
-1.5641708816134077
0.21181038184340512
0.6184317819298237
-1.4906425699217452
-2.3190348914871373
-0.4372171891081844
0.9171712055354941
0.394073290201067
0.9487465826399728
3.230188972649857
2.9495955527847033
-1.764317063196899
-5.937173120631777
-4.387884856317146
1.1324583445655265
4.621840063312909
3.3187235398073844
-0.026605066870796876
-1.564119207137047
-0.8917941069050805
-0.2097850729305694
-0.41834101437576177
-0.5956977627276522
-0.5189802857950172
-0.35297993867164157
1.028511728344839
3.3501344375253495
2.662187175133782
-2.849228269412325
-7.0659343526715555
-3.1112325566388606
4.960671951579796
6.7407906408604665
1.5223736458890944
-1.890989238218483
-1.5596226741331036
-3.56902581729148
-6.290643519516599
-1.039257598405476
9.484968747445325
10.742707484520256
-1.275054450138184
-11.801810488143651
-8.101100097363682
2.9378126563551685
7.020483963313174
3.1110576666106713
0.12756080175012172
0.02133066344577561
-1.5112631908460892
-2.510883586087443
0.9119531104242238
2.6358855623081103
-3.2971092308853733
-7.649941205463823
-0.7117205387021719
8.082702207871595
5.625439426639104
-2.0039620692093014
-1.8240381906408512
2.936494295707045
0.6535111399918558
-6.476406491365736
-5.860772730107675
3.3343630370541257
8.093877708882166
2.3861363146887813
-4.736562892671701
-4.621838454492976
-0.24180970476930702
1.649202864230317
0.6278633207033224
0.5222120802182594
2.164559669881652
2.784463438737143
0.6760121442633749
-3.003749144027883
-5.606689263450578
-4.359983064367569
1.0495800474761552
6.568793843187831
7.14674090789762
1.9176745376246627
-5.006165125716787
-7.763824579214046
-3.5123013713781575
3.996553989314232
6.948785216131965
2.0201719296609997
-4.712768639683953
-4.8489075318563355
0.8153676826104639
3.681185779880077
0.9881007696245979
-0.7034512046206134
1.745674305323346
2.153276683582279
-3.193798590747751
-7.155585394692824
-2.413694765136605
5.924127985459439
7.38892709662979
1.7423607353274033
-2.8112212375369623
-3.529392269908896
-3.783104937952383
-3.304645887725477
0.7946489983572477
5.9205625111853815
5.951437247261474
0.13334689639180589
-5.217397701551283
-4.246415047604702
1.1457405113140118
3.559421222924347
0.14100641031471073
-3.4467545928220975
-1.964108616693417
1.573516720964044
2.160034708788924
1.2303874093152023
2.0056969313550894
2.123839987427786
-1.5868378723497933
-5.714660370364322
-4.4165569011675645
1.5329333077278824
4.86494700299856
1.7874781333099676
-1.8003042327411651
0.7182435605193352
4.648819298890057
1.0711492366701136
-6.862544163009691
-7.852904002196089
-0.12081576521924424
7.179518530250455
7.165559007926485
1.2651323905102139
-4.370360845593515
-4.71349845707862
-0.9979422341318738
1.0263312362872095
-0.3603193058090009
-0.6600095373376353
2.710202521003846
5.216324441951842
1.2932885573515633
-6.5115065198872735
-8.257028940983638
1.1503142739283443
12.369188799023663
10.18152035951438
-6.112855975352447
-17.92014878771042
-9.966782764951615
8.532737104962091
15.820715611095494
6.24460072851546
-5.36477563317983
-6.271744061670138
-0.578974876346545
1.1137286663812234
-2.4423722425190757
-4.003324480368064
-0.25346975652051407
4.282492065037395
5.220868544083718
3.1471479735813217
-0.20966846314286153
-4.178788114061552
-6.55622756646382
-4.272419674947008
1.980033697204616
7.052088229280896
6.4006380146367565
0.6998667850168896
-5.010869916633823
-6.219956063251949
-2.5338831228560443
2.6286009626875537
4.686240095167252
1.7960474356461609
-2.20188011685499
-1.5601933868201168
2.6386693414705507
2.6836026629877203
-3.3671678273064973
-6.764356699654482
-1.4562510534822313
5.493033568929563
5.019043730160153
0.2418621224927075
-0.5002785189790746
1.301226494344122
-1.6763266858687218
-7.2915772795599985
-5.930115012583926
3.0107392556621653
9.019626546799504
6.003015055409691
-0.3375207883148228
-2.8810629258534965
-2.6334187142714103
-3.8383319040162798
-5.139567248299098
-1.8156532264967098
5.152749449205251
8.572556821026382
4.301304834411918
-3.399285629413074
-6.997226138614095
-3.7520865521083824
2.0675097848721884
4.102608095936617
0.8395541207916242
-2.881268677521177
-1.958560935935945
2.5188318667112126
4.5592990564406595
0.8847367532744227
-4.40619529181502
-4.74066678325402
0.07812498477804704
3.7255985146637505
2.3324541648004207
-1.0290760456390668
-1.7996833386134021
0.07276941547415672
1.2402756762004594
0.2825524041047347
-0.4911012807591399
0.5431879658278063
1.1398211682098336
-0.7827038788059539
-2.971641902478583
-2.068877756601846
1.2823700502323006
3.3915275295194705
2.331080943197164
-0.265276017891634
-1.7968941351524952
-1.5486414397954984
-0.6978884436937208
-0.21305571578996232
0.4718878821624504
1.6950182893823809
1.2769133214426227
-2.5821766356885334
-5.859913289865335
-1.705630534890727
8.413674828198454
12.554151362238537
3.0275113892041157
-11.156746876077658
-14.317847660048313
-4.250782528909797
6.131664070612018
6.913490404021078
2.2908506426647954
1.1568281476462758
3.664844242024802
2.81550824984518
-3.495701465136754
-8.600928852700697
-6.397457977166693
0.6676307568865287
5.745221832783461
5.7297115661062055
2.4564125894673214
-0.9534763329341218
-2.4722835052293566
-1.8905805055616185
-0.6530569219792279
-0.40400102871793375
-1.2501385724462304
-1.2674176172792528
1.3679286977988392
4.641768935023236
3.6180476380431252
-2.184988580868309
-6.008111436407936
-2.694139984983666
3.350026107051961
4.184718463323317
-0.42760168398193704
-3.4841032660237046
-1.3407440248243616
1.9851915943858922
2.0577525261887755
0.1392228185545783
-0.5661103273197341
-0.2888385333809971
-0.8386973024584813
-1.5838078599187413
-0.692696211154986
1.3961258305839255
2.3812068574986873
1.3371263352893936
-0.28211653891062627
-1.1188715924067398
-1.8018616171051047
-2.8416361182337257
-2.1421637664026822
1.9341912416300628
5.821038084402348
4.222594185206196
-1.5325875932294348
-4.562424987416466
-2.3826425548287946
0.210845819097138
-0.8498021109993135
-2.7800497657147263
0.11496795563737564
7.537287400106028
10.77944543883614
2.7041004111428713
-11.052367213259597
-16.797464675299775
-8.885221072108061
4.858331742692363
13.785021702557252
14.059360385543393
7.265598603767845
-3.2576541481698973
-11.844316343114315
-12.320622811046679
-4.666687172473979
3.8132946475318636
6.79910767528937
4.863719996016888
1.7145707198020843
-0.5852583579498796
-1.194961534395046
-0.2344304255108996
-0.01816802526527042
-2.1736776599315215
-3.8251180528855735
-1.4214143797260645
2.8870020784177455
4.309460457406524
2.8965205031025336
1.3673506689641126
-1.4497858006690492
-6.770586322211871
-9.004601677183
-2.0917212285930544
9.61391310426833
14.458599638341292
6.748165664015998
-6.888872679940693
-14.141737454466343
-9.295978425921488
1.4969059115139807
7.969101475104532
6.679886519747973
1.8791811849033178
-1.5258420741304541
-1.9987924057567887
-0.6154426723021373
0.12805996742640943
-1.5473192996089218
-3.6318918034996712
-2.0780471738444115
2.838894598392381
5.582192753708622
2.7600847655587235
-1.9925492428229288
-3.112076029818054
-0.6095283633939398
0.8297476549156361
-0.7179344241758627
-1.950181830482133
-0.2554021346904486
2.104185092985929
2.105301067511296
0.48946123450834933
-0.5570416545889796
-0.8686629793419037
-1.0555481731842085
-0.807746159369051
-0.1920858951001175
-0.02622236309828813
0.09064021256656832
1.4269510782207937
2.822282025056524
1.1005452080840747
-3.2170222875015453
-4.548564792325881
-0.13790036838357517
4.603053469780797
3.33036929746384
-1.9965534678415622
-4.346699773418039
-1.5796514439530775
2.1459602202116
3.227960763360204
1.8217366505396448
-0.5530389438165277
-2.206522878563279
-1.5490758878832374
0.4201182873542221
0.32216179794759636
-2.193258496247439
-2.7529484764065573
1.2944948656309192
6.206979265942562
6.205102495385412
0.2654120389314284
-6.686946905100323
-8.21821616172995
-2.5748390891711623
4.74112634907677
6.30199297428849
1.4135724404852943
-3.0643773224231783
-1.8512371946803472
1.9247411206747973
2.009238537151239
-1.594335285125366
-3.2733912433369365
-0.7520673710878604
1.8223856301607324
0.9009708405145203
-0.6287189112024656
1.624933486335131
4.979651755294232
2.251368885609341
-6.220480968982958
-10.337417616668143
-3.894860321035363
5.924241311822123
8.413829489051873
3.6629697504382435
0.008609711672523883
0.5469950548930539
0.14591421183736603
-4.5013540304379065
-8.517081785938894
-5.189807050418765
4.13123472198959
10.363235669457886
7.601495296246794
-0.4112560159660194
-6.888824288813918
-9.492878238069647
-7.531183200404213
1.045152918625408
13.019352644960348
16.73141033806869
4.9629047515459614
-12.434774218403247
-18.188180706880907
-8.445252218122413
4.413201303091392
9.035522484073486
6.707907288962299
4.243643793074162
2.871857990646859
-0.6932069466097512
-5.971309170578916
-7.9989705238544015
-4.728199511036009
0.34979288739579234
3.8482685219042936
5.710526891093655
5.9199301721780735
3.2079910657543373
-1.6322866972454653
-5.3627974423101605
-6.070541955852181
-4.289523768747785
-0.753467398691603
3.769381532618004
6.66055950067343
5.0042186481750655
-0.06109107296447082
-3.6529857172630398
-3.306506612152529
-1.7036010252397105
-1.5700474001074936
-1.3834346695512891
1.1560525461402802
4.107023850312551
3.54673098005519
0.008957502630343166
-1.8486741080186497
-0.7182043882872282
-0.38670280079422603
-2.3437800647353217
-2.969134783281616
-0.44745580007587105
2.051907480186114
2.5328006216654515
2.9406594397361854
3.3673895776952643
0.4778255704940791
-5.101062948295744
-6.857453551790996
-1.8748929389547098
4.044704308708793
4.6218391621882375
1.1440502119819753
-1.1742326532128955
-0.793512034934284
-0.14389210279897446
-0.37487100322904704
-0.02689193559759572
0.9131338285307772
0.11106806918502928
-2.418048404869537
-2.941239470004366
0.503583258351461
4.416562941198417
3.9962597996966336
-0.4183243695722418
-3.524412424632742
-2.137770545172788
0.6267958171050924
0.48668220485298386
-1.5340656481540607
-1.4387947055692596
1.2059235363385366
3.156215944068859
2.4406957514556162
0.08956425452468939
-2.038105534254247
-2.862011880918496
-1.9883761610521822
0.42847590275125286
2.814545132954992
2.3944845581021044
-0.9628680815906431
-2.6966904050776064
0.21575888369625237
3.4271587331352316
1.2919926131675092
-3.935424004019277
-5.009260183196086
-0.07514846191042628
5.089676959561595
4.924843468841088
0.3211295284975249
-3.6456605027726146
-3.7610509280702225
-1.2874635638196088
1.0003152256689423
2.877396695086651
4.870396468643126
3.699573484811768
-3.6387478957048374
-11.25255094594322
-8.929352702856017
3.0437789454611743
12.366822647974661
10.467183010992326
2.0690261214317642
-4.171115770996847
-6.807103191765962
-7.689308012681801
-4.7140571251709105
2.6937340935567744
7.420437564981902
3.8978857452333
-2.0277166277642817
-1.7914187680045808
2.661873096898404
3.374517740030591
-0.5802517931999466
-3.5661455266211384
-3.636727005465322
-3.620968427088643
-3.5334860173003357
0.12826842734063043
7.011518933010813
10.851640495972248
6.792042488237459
-2.5238010000746502
-10.155714301799733
-11.983588521385062
-8.229928212054972
-0.13899793839923866
10.211985428712664
17.002143062234943
12.992465259793544
-1.8812463426045372
-16.610834418218428
-18.2793936330323
-6.010758810726821
7.84273718680888
11.986258062720724
7.386221997656362
1.9173943212746165
-0.8827414516374034
-3.0565948845421724
-5.519833434551582
-5.596945865722936
-1.6384938180962703
3.231335701591466
4.2608074330528245
1.2908491988309196
-0.7217181448458022
1.3103770884558934
3.674034607040852
1.2646306555931721
-4.129716079639197
-6.109780333592632
-3.142916469083314
0.3567856079022024
1.981658739730382
3.514549111932733
4.820829164385923
2.8326166505617327
-1.7900072362292878
-3.781994266566468
-1.4620616170363179
0.25381399270001503
-2.022358142827762
-4.290954566887298
-1.26150017880299
5.19043280117367
7.871748248321102
3.5708814842913714
-3.0556058598079425
-5.819302044500334
-4.208712115515607
-1.6848284586443956
0.4869497069463
3.1975392718485725
4.90481313512372
2.6608324147980493
-2.154975510159055
-4.209805032834076
-1.5332267675207791
1.6597127839681187
1.2933595570419025
-0.9795803266843989
-1.3454986317713904
0.19425676068395656
1.3301384837084977
1.7701890838138328
1.6297667222272394
-0.5359244217116054
-3.708771577811658
-3.5368842443203152
0.700008915532435
3.9230433917410052
2.76467227429065
-0.17187079432675803
-1.2821883564246805
-0.6614487123399954
-0.4120489826019301
-1.2552843755010057
-1.9719620025257316
-0.8705876180104367
2.0654064436811637
4.093774860872933
2.671442266787646
-0.7274809068895675
-2.904713368895095
-3.4453097159722152
-3.0477853229273113
-0.6851562185682007
3.2905429366958123
5.162895259818153
2.7184212412116127
-1.3141688668400782
-3.059638059246684
-1.9432441882286764
-0.12739952307451982
0.27386757785005594
-0.9909248532647975
-1.7754966280153126
0.2970613295378127
3.8649595692895855
4.384343337467111
0.3698499563069324
-3.9233138130279195
-4.126773595362064
-1.137495254265462
1.3238710945218208
1.943387406275348
1.8975456682937564
1.324270580661677
-0.7369132729742398
-2.822602736896771
-1.7384371380191685
1.7451003653114867
2.8677531015402944
0.3533251125822404
-1.9428585121185218
-1.9456896723547312
-1.305881366364873
-0.22841238690098312
2.6413292214886512
4.843541173129254
1.70462182766592
-4.962654345433172
-6.774829704871063
-0.6167280008505751
6.1467906165195005
5.615795103465302
-1.006263568929434
-5.72070376603423
-3.2900263052324568
2.2367837219687527
3.32917069115755
0.47412420915335796
-0.368686898162688
0.47546646193912756
-1.2332674428111157
-3.2563295687166027
-0.6261710862866521
4.056529477783427
3.909929490218496
-1.3188636277531824
-5.151279992042215
-3.4632649604276287
1.9782775759407436
6.5149091884513455
5.091225360616002
-3.098730718827058
-9.946539545922231
-6.136817967577741
5.201870922958939
11.001803871188013
5.0044621182925075
-5.179815983280992
-8.471289491743649
-2.9953629548268923
3.4120056179351983
4.013758143262523
1.1904319014061608
0.24196428985391583
-0.21815449309719637
-2.9021484924528513
-2.859623257370697
2.89013205034649
5.023697191098256
-2.531567237920697
-8.086271730047745
-1.1146307788208958
8.308044341848612
6.821898097300165
-1.0396304367677667
-4.668974026354876
-4.000012999256036
-2.5111991282484687
0.3508055158317699
2.9403688565406663
1.6789647690462575
-0.8412734652661458
0.39339938015459963
2.9548035368901893
1.095046639905861
-2.9532219755210622
-2.3642539709344246
1.2249638125457456
0.21468612103617496
-4.1841661225067535
-3.3232242944416512
3.5652681587130077
8.282273137611261
5.918539507111917
-1.340685561055436
-8.521602427372084
-9.867081083923699
-2.5105961169916293
7.6687230970271685
10.081296577573369
2.3101457099316156
-6.326486600397082
-6.002971166233806
2.161993817712988
7.112308078075319
1.0108506200949257
-8.972038270241944
-8.468450147097881
2.975426431192619
10.111708121323229
5.190269553631561
-1.565077480919574
-1.0753945235436115
0.2686948823719555
-4.925811355981091
-9.190655794617518
-1.901480572329128
10.362520968691125
10.336859378394122
-3.1443863500155738
-10.893747152631066
-2.103962005337329
9.105309646395478
6.638626540025769
-4.0008793916717895
-8.143456129229017
-3.9995399150112747
1.034997598009814
4.650502392862745
7.123444974448615
3.9549966526390823
-5.665038398728285
-10.983038739698982
-3.6847067404899407
7.270198112552473
7.900180959907137
0.17855781229611847
-2.7443772110921962
1.4174847501760868
1.9468869863104914
-4.424225266351718
-7.402506358595463
-1.8958024101342512
3.7593605116647333
4.0147123602974455
3.952185326293276
5.353270076776487
1.4557793416397615
-7.869973502391688
-10.704133919579427
-1.3734164687090669
7.775071425336477
4.236912729651145
-3.3910088318830773
1.5112723856255437
12.174722719526686
3.9602955556629147
-21.561006140894634
-26.837781517314856
6.569457758720123
39.817471585401364
26.695712183731626
-17.274529290350554
-36.31135987417077
-14.256111569840606
11.57742455769235
13.091526931419136
3.6327848927681416
2.8638253004010386
6.12463322745259
1.1806545242389401
-7.4274221068488275
-7.412403723704449
-1.0397227978087384
0.1230569980544013
-3.3139819140477704
-1.8632952838422925
4.287157152165314
8.090830588462525
8.215755868011346
4.84610287801883
-4.771663210169554
-15.70007903006347
-14.211484807214385
2.1912551010160843
15.82071130882252
10.77786286914043
-4.6514373341969835
-9.151943862858866
1.9146323331692197
10.56280695742175
2.5406327958697257
-12.08003355658813
-13.351105969127769
0.676124590503613
11.810125136009823
7.640858933321389
-1.6011778104322834
-1.4683628196064498
2.5392616500859995
-1.8381249229722931
-7.98439956872122
-3.0408965373998096
6.212009867419526
4.927322138440895
-4.392929251092893
-7.283899897532848
0.9062468277047316
10.037410980223362
8.658633836965635
-1.5966425857066315
-8.161849482971595
-5.507866813379549
-2.317561906298454
-4.403304509437375
-2.7836051325966604
8.851607374569408
17.12029996311739
7.166960918447577
-11.261817989723946
-15.8897689979478
-4.442192532318495
4.826365471406081
2.973602712143054
0.5412921771737299
4.781252451879024
6.838767638726705
0.37569707944552305
-6.146837122336802
-6.017612137030146
-3.7497648119301576
-1.2262196453711154
4.440035780412312
8.100582321699475
3.004622710896021
-4.598468961907653
-4.9556975781705255
0.05110064850646025
3.026844577995602
2.1853410693263244
-0.4013675972682884
-3.4795759646462376
-5.00046276989404
-1.7074671303995972
4.597122851522877
6.351705165582522
1.8951363222291429
-1.2155130584017066
0.08543429192934907
-0.04664516120087968
-4.1170798648369304
-7.018391976522186
-4.09413479511047
3.4648314376718377
9.26959289336981
7.6288959368019675
0.30400587132256196
-5.988937464817587
-6.780543952783259
-1.846964028815636
4.233756991609507
4.054464984057464
-3.138415507475079
-7.757316234430657
-1.955818668981545
8.738313989110479
11.311978953360605
1.9933284170344876
-8.22626344816308
-8.455118702550752
-2.0260805473351766
1.2581722292218565
0.3642081116588259
1.789386186727584
6.386589485173532
5.678895678734527
-4.284467330561588
-11.19369555519139
-2.1807057829449703
11.696003507612767
8.111944699902327
-9.61830611811936
-14.499200316547164
1.900243529947079
15.882610531586197
8.37468862199166
-8.06580546355005
-11.403022571279976
-1.5526544201901316
5.4702069166673395
3.55755607992231
0.7638933710989348
1.6177330792207143
0.20187297897301643
-5.525592484030382
-6.046653886307716
2.857003313103396
8.652899246223901
2.1991185453460713
-5.196849974959411
-2.1059338243539143
2.4663879686939123
-2.284498778774307
-7.136162605642066
0.4460461502700793
11.987492688168448
9.816684669050483
-4.94541726031137
-13.350898538590984
-6.1992829701439
4.108508732127616
4.511253754095614
0.5657813450957954
3.0038404505399168
7.061364785511489
1.5818454959534036
-9.900312999512014
-12.857747730938124
-2.1655021990228427
11.369737955729681
14.09824708630225
4.783298117372637
-6.22962803448149
-11.545649769205966
-11.770339847182374
-6.190981734603864
7.040986236940767
19.085177790789203
15.633127721648146
-1.6682695253757032
-14.747684418820347
-13.576598919145356
-5.642827850791262
0.7610623834149786
5.8526298437490905
9.068370639413637
6.562997599761157
0.25066922234124206
-3.238925629658578
-3.081067600508198
-3.5118661529074298
-4.140789684900813
-1.2488568342387372
3.1367739361763536
3.798803300815747
1.6477618007279733
0.8207076213239783
0.5345543482870195
-1.2995171334252056
-2.3510875043048904
-1.2931908434587152
-1.2714813957405977
-2.202891196379702
0.9262603582335457
7.042933057505079
6.910561783004865
-2.0598832075111324
-9.201000266925506
-6.159054632950789
0.4286282850535922
1.613231086495048
1.8089748431662527
7.463343582149786
9.998902589390823
-0.49342962574982563
-13.737189979233847
-12.698201846186
0.22300430550551253
9.260062147654343
8.242467162158228
2.753692573046226
-1.765173395712588
-3.626690079774609
-2.950830613313595
-1.6166746477903695
-1.4154586469468815
-1.1032635086066263
1.8243603407500766
6.370138433936812
6.969662845802976
-0.48574071593921264
-10.379888549827514
-10.554131565781958
0.9940529545272176
10.360218082669503
6.760101653728199
-2.2430988797097866
-4.216051986396737
-0.20635189829008932
1.2449533855428996
-0.7875450057453565
-1.5932314850093092
-0.836013096850213
-0.6838069584188426
0.21416421216695639
2.694447759347997
2.954916407149859
-0.6270056938677522
-2.9503618771388136
-0.6944897647036974
1.521103367396603
-0.22376925176616486
-1.7747334048176697
0.6598277533953513
2.491409349726573
-0.5275072281508146
-3.360725529405917
-0.4781382876270021
3.7684293737563683
2.630459456572545
-1.7058619750441757
-2.893938846905304
-0.9504683100643685
0.09453468224260748
0.3703791557400964
1.9738240856317535
2.3720224048944103
-1.3898222621852239
-4.512934023636211
-0.42979640900717275
6.1080287436490925
3.743177048416938
-6.241874154082562
-8.661498190975939
2.2880116657265503
11.51810526654086
4.83983718719358
-8.430588518611103
-9.200970904964779
1.9481385554562418
7.0430973503828
0.18833123235540522
-4.778903738886474
1.07781166145841
7.646437401583928
3.414411685094984
-6.614892546110801
-9.69238596575099
-3.215015314920672
4.609031191643091
7.244188960706846
5.643761586480537
2.7890187208982966
-1.2088988853695821
-6.128273591891263
-8.41901251066983
-5.41473935198806
0.13524125023858274
4.020574103012781
6.316875432013165
8.372005722609796
6.715067024908248
-2.3114753021401775
-11.988080809348585
-10.010812003813943
2.5186260202636372
9.079307952460304
1.3728197079536446
-7.393993060398975
-2.5655432140438936
8.950934685737398
8.998603851538217
-3.631294261865755
-11.150774992849765
-4.254486238465619
4.989205973572283
4.401000804579113
-0.37016000844635916
0.2970369337866612
2.6610743325382864
-0.8088584433429045
-5.620999910349508
-2.8988161543840754
4.136608960326576
4.645527743258814
-1.8265710136330788
-4.318873376962131
1.3489198544604393
5.13643159992122
-0.41178002155735755
-6.443350054586566
-1.7980348048270605
7.266912122814197
5.833886754110365
-5.394929449691091
-10.340823042117114
-2.077744202044146
7.877806136975815
8.170382652649154
1.9308537048670338
-2.907113125763786
-5.247687874211577
-6.189444888778956
-3.205179280213719
4.106991509097436
9.290238397758946
5.8777480921381375
-3.5844687122844427
-9.30165405407595
-5.471053540849279
3.0275472647087236
6.996788476862006
3.5132876786159386
-2.1122963747967423
-3.5183401007459514
-0.5096948471305682
1.6627254357047552
-0.21946331319644183
-2.979131906466446
-1.6740997416255707
3.0824261452488644
5.083497924791896
0.7961221698083022
-4.800170947123584
-4.364649326912226
1.368516183384515
4.652207982581173
1.9012811878219111
-2.0118728301665385
-2.043175921471315
-0.1431540303263375
-0.48823665239264236
-1.7436403989470783
0.19942436379768272
3.98141569785403
3.820906217420077
-1.2901129387312946
-5.2571476235704715
-3.1432235234355708
2.344686974601412
4.566639523138082
1.0205317638671096
-3.982860924413543
-4.369350838450899
0.737705916378479
5.835320131564694
5.278292847201715
-0.25536653633393186
-5.049292123543364
-5.285581018351015
-2.3507791309367834
0.43684759414770924
1.9857189596445903
3.6250106331679466
5.530882677009227
4.338966353333966
-2.2534092059079844
-9.104159285364053
-8.178809147478106
-0.006109336255963162
6.5235350377735815
6.358160203950817
2.959269802726582
0.20050268850615524
-2.549234650187609
-5.135597448630712
-4.026541008318389
0.9331982487317555
3.7327515682837165
1.2480721486357442
-1.0729799300128822
1.2722840133967148
3.2462133870374643
-0.5582387277442401
-4.966134346406637
-2.7202784819745265
2.680319522002154
3.399792956562493
0.008492424005973272
-1.7908731281931545
-0.8999609884874199
0.18555073758136278
0.7074447125236983
0.9041106615256244
0.10794445537209575
-1.3353968634899482
-1.3734362955460209
0.4664562207232332
1.6013624049209598
0.32238261073916785
-0.9051900853633301
0.7058283782207923
2.564273348618595
-0.026044746380842664
-5.00459071529735
-4.862159947649691
1.6507739586722792
6.6601755147719155
4.460007639285766
-1.2939905560973195
-3.999316969517055
-2.2381167712355015
0.31531482959773677
0.260880264197999
-1.2884450717908287
-0.49217810234182374
2.7352059005745577
3.6010916546696605
-0.0031811321675264768
-3.5268632990618385
-2.5225978982939425
0.9576142537005486
2.0649828181415377
0.15879397016915553
-1.1777756063239875
0.00926129458061583
1.2748274303456557
0.08847219881361512
-1.6029876383367005
-0.5336992843368854
1.8379683231210298
1.4363999128758724
-1.2600484821243523
-2.082686263277728
-0.5056838176187772
0.32800388232237393
0.2523468052798096
1.8211946049402303
3.576871654739522
0.9550935776111243
-4.895812508682144
-6.382999712810978
-0.3177299419716988
6.394610703075967
5.568997714408029
-1.3845677924678177
-5.316747369075047
-1.544307655686616
3.761222336115012
2.5234481254016394
-3.3638602426754507
-5.145301628151243
-0.14527141837356383
5.1455674574099355
4.717347462275393
0.16968267274017823
-3.2660205659132076
-3.611827516236236
-2.006270092337987
0.9715100123385764
4.312104239114935
4.365109007297489
-1.0372545423512594
-7.224875753829097
-6.47267590075954
1.991159495575789
9.429743371441552
7.369161942344283
-2.0774670043780303
-8.591793531834588
-5.790887751223877
1.9261041502148561
5.5290483472354515
2.2177149353537597
-2.2645567183675652
-2.0252970224525515
1.4543041778566015
2.5519807179290632
-0.26195387314849516
-3.1170886824747455
-2.6158522617599003
0.2178673636854589
2.293441619192473
2.683283103713035
2.161043235830443
-0.2512628448652766
-5.050087043889663
-6.985599222337759
-0.20039360858195754
10.228968385919197
11.263455233463523
-0.325182248671768
-11.692873469982986
-10.656052492370588
-1.2377507306623174
4.784206016159132
4.875060661861731
4.547259710394491
4.695779625401835
1.0753582502785552
-5.654635895603382
-8.418438931818654
-3.539524484998847
3.634220228860963
5.8880271363470085
3.0062577013812377
-0.436007080931532
-2.3191334076847996
-2.9232888417451885
-1.3118106549474153
2.244058680368305
3.414837956724466
-0.24853499231590004
-3.7368291331390706
-1.76141137914514
2.326596639512295
2.3269185506779633
-0.4142889890958128
-0.5589916098614222
1.149208098371501
-0.14687811871085124
-3.6429438292423564
-3.3987448373116678
1.5450679856735536
5.135028663834575
3.50158018724251
-0.32361949392260797
-2.244024471768901
-2.205611042203359
-1.9842130214027438
-1.6951259847396745
-0.2685454632528966
2.1418332587726594
3.664631562006619
2.7480980970974493
-0.012655256431733177
-2.591708918710073
-3.555706725506114
-2.7050340148878544
-0.42753783928441
2.2064023604962926
3.306352336158104
2.0882259051641863
0.37572231144164675
-0.04571037492646852
-0.43605368302584013
-2.520016639243401
-4.279727934969208
-2.2387270642324286
2.583069938134532
5.075883477254821
2.9326104599858756
-0.5237383227330416
-1.6334363845864608
-1.1641923036251105
-1.750000791544883
-3.0836909416515828
-2.2116151670455126
1.9660269261181833
6.116184399999054
5.509546370646108
-0.24703069448414053
-5.955030794106072
-6.223230287164076
-1.180788526629437
3.862394034753918
4.192458950675361
0.6338195675863635
-2.1556447041282376
-1.751356774122664
-0.04786863094703159
0.6755209091323603
0.9544042238927258
1.8680159047364489
1.5770827816821709
-1.9378596550861598
-5.14398297205387
-2.3856920990661186
4.1073693618912515
5.678907095300235
0.15042326239742052
-4.864588989225425
-3.2479912630113947
1.7479039573383968
3.3645714557281248
0.7910775227077964
-1.1671295537173834
-0.3157146406961211
0.40587006260951675
-0.7752240141686108
-1.498248389835093
-0.19769713743433873
1.1006382411934712
0.5200223601993353
-0.6935158750217909
-0.33548256143519284
1.3781158925476324
1.9749983667097781
0.1276481354321585
-2.349730957191261
-2.587897178628516
-0.015265410722403403
2.8263759019128867
2.651201448667534
-1.0477912844050108
-4.649590286372552
-3.342629708455255
3.1981179414898295
8.101685002846938
3.913569198550002
-6.2234328147635685
-10.096181622341158
-2.883561609904912
6.102290216561559
7.719967295308164
3.9744002387220747
-0.03302245087051231
-3.8764598856762267
-6.695679135064859
-5.029567438346544
0.1323824506316022
3.250869823694639
3.1712422605497204
3.67181351289189
4.878532641527147
2.6910845755700237
-3.2011307524054886
-7.913007035775372
-7.6397928011577205
-2.6640144415484133
4.085591563898237
8.399089333501177
7.136688108284758
1.1899658586258308
-5.038538857524689
-7.068856740148469
-3.532631620698465
2.224429572284393
4.7388455406797085
2.5439349865292904
-0.6141542365466806
-1.9488892401319438
-2.5312507562464814
-2.435497870477594
0.6009208758777647
4.946447627185404
4.680958672652235
-1.1413899059975676
-5.671559150289642
-3.752120310582028
1.534297198309714
3.9269620259357017
1.581361487679809
-1.890483596661667
-2.2917963432887456
0.40248027994860913
2.6224877717501487
1.782543643792752
-1.1776365531251989
-3.363035564624677
-2.586814858288931
0.8742109758962276
3.8895771390437375
3.180091859565772
-0.3342568694637146
-2.4307694637955835
-1.8920189999690786
-1.553872450824028
-1.9020820436163757
0.2693153678274539
4.621252543574591
5.268834455862551
-0.15739599208242253
-5.237127529106892
-3.768437967017419
0.9178583113898118
1.8446199222364208
-0.7876518342860097
-1.3343376240293985
1.7526354039408811
4.05428460904871
2.024382456642715
-2.300040776354378
-4.436652276945154
-3.038135017708036
-0.24530221445315653
2.113512977309268
3.7848434254973955
3.9864251418199257
1.2844633737414746
-3.2239044620557027
-5.440161877818517
-3.2596237936756354
0.5835650918404537
2.8183955562272263
3.299211814599404
2.5896462923214
0.27915273045804184
-2.595099107251297
-3.3780954769006253
-1.1661293521372653
2.093295514267464
3.516253356453118
1.241639114107285
-3.339535106545266
-5.1180895690726915
-0.8159905424210594
5.202301469944492
5.492079001412784
-0.23106234568484724
-4.605085315575293
-2.939044560307178
0.9823353875511697
1.441543083363459
-0.9603750068459372
-1.2814154279762842
1.7935757021212653
4.123876103573838
2.0896303796160214
-2.5787766067615805
-5.071558888057582
-3.2201571994213634
0.6766633687053321
3.2642596427253507
3.3231226694842437
1.4621319715471062
-1.0911718547324614
-2.5220840391379205
-1.2613686564780355
1.5340665536353233
2.1086018290271187
-0.8298201378590576
-3.288688601486313
-1.5809620122839207
1.8986649161769484
2.539673220322688
0.3742597820289641
-1.0841448099683964
-0.43100205324137625
0.8032860916493322
1.135064619915628
0.3450329011233739
-1.072909290424843
-2.162445854204881
-2.0022072052798325
-0.594112068844396
1.2046060749184955
2.591928836534606
3.1475308350621027
2.3849321346188583
-0.12881403556944812
-3.5859519210157083
-5.5690506413119945
-3.942247797426006
0.8086203090222426
5.344021956828502
5.947668002073306
2.1622301187567614
-2.291895967791853
-3.5079682732221373
-1.7934552478119317
-0.5932737793370101
-1.421732172851024
-1.7691434165856155
0.8509149550368457
4.377770804765907
4.527296865350432
0.8974475482423223
-2.597924729454074
-3.1938662257281254
-2.117379740472192
-1.525140871637148
-0.8983919999244626
1.5141430314324826
4.299041468005957
3.5278507300951447
-0.8457668567564172
-3.711045008225283
-2.4220695963259193
-0.4036809150739482
-0.14555857458425547
0.8853117066262167
3.5151486757012584
3.2851148685665654
-1.536930033205464
-5.0599827998334375
-2.3442670536963357
2.484513479709167
2.525024413333977
-1.278510013132094
-2.308927429650869
0.9346364145080513
3.324869899780561
2.0051817224301396
-0.3320158658401617
-1.6363415015052383
-3.054204336943074
-4.061528502461066
-1.568980170217954
4.024699142686938
7.222132876103115
4.2149687269137885
-2.3298569281897774
-6.725336096638224
-5.961234469222347
-1.3014205335874556
3.719521792215895
5.883393580972118
4.019138210643402
-0.29919832274617053
-3.702724757362426
-3.7511505697397327
-1.059668320381925
1.4901825203251782
1.5645159863330416
-0.3362413597138255
-1.413745378794221
-0.11275191648972364
1.655508211251834
1.4417726143657503
0.06819498345199622
-0.07521393791120232
0.6842965124571885
-0.12076087917037558
-2.5969370856694765
-3.42078398026686
-0.2984883458282017
3.9713124332844387
4.228806165262842
-0.0035315028215819593
-3.5219767486544007
-2.769100958914075
-0.0014561098166767789
1.5042147927714715
1.7737415157880752
1.7101927504096262
0.5368401425519953
-1.8950320047950489
-3.228664842217758
-1.751199580306443
0.7280065137101375
1.8612887274000611
2.1650082471563645
2.4888078688771094
1.282306586374568
-2.0343530416511095
-4.147224574889823
-2.2439478579194594
1.212755591206355
2.0270008730746314
0.5081180075911274
0.09022231632683633
1.2544459583607002
1.0956319465249842
-1.4442883992168294
-3.444438783364256
-1.8165707910843236
2.534994820749975
5.149767626195025
2.581084612831018
-3.249362279167483
-6.202936728976664
-2.784257434225917
3.386822064599602
5.793700123800622
2.4263191939713074
-2.8142863934474227
-5.0903369795714175
-3.0862272568619566
1.3566588690322805
5.332112022390512
5.440116305623922
0.2531093544827223
-5.752298371536925
-5.863793034969085
-0.4669892977606466
3.3296758197827154
2.168021722742234
-0.1125430592236036
0.046614847537761614
1.3309151687051781
1.339240633995664
0.0508449127391408
-1.4969944765720797
-2.5611300097962424
-2.1914196308903655
-0.007792212914524751
2.3446861462967274
2.586611776787579
0.674931371225641
-1.2312569793447103
-1.4233706373954966
-0.05468817731665561
1.3723342064482325
0.9207145659545359
-1.7284069345199466
-3.3403240341096896
-0.4593484601638158
4.340126410880648
4.359801013525241
-1.3088780626150969
-5.391244193279833
-2.650526573869767
2.8129075097948597
3.911690731084957
0.18643696800507942
-2.789163339260398
-1.7124031916682758
0.7317761704379593
1.14160330362197
0.5559627984598308
1.217261883583107
1.4225821881551437
-1.4499826351188654
-4.6645042254214975
-2.7894170588969764
3.1707038344564658
5.5897419910392285
1.4599607882851493
-2.89656570536506
-2.058332964537931
0.8000862129326157
0.5221673983753601
-2.500096594699626
-4.103040072669077
-0.724642233229507
7.04192492117391
11.751936300010675
5.030247096339978
-9.895235974712548
-18.28912125197538
-11.068671121693123
4.319796527171065
14.24574696820729
13.896347892444744
7.312357040413553
-1.3516510109650763
-9.540219622198508
-12.901011898306653
-8.091272565285202
1.3179518238691013
7.556046960840908
7.434507741617008
4.1435361463309714
1.0394787682504614
-1.661563288056044
-3.9457797596688193
-4.248010771546304
-2.1584984321062675
0.1864066770589435
1.2090909347037881
1.9236509639650095
3.0452771443278825
2.7821657981812797
-0.005790830581825253
-2.8945408659421528
-2.9300996639712764
-0.8290329206700352
0.3301018177122857
-0.3112434799310272
-0.3468349301409667
1.787383337667425
3.603938632970872
1.9444822805658881
-1.8583078958977575
-3.8062218806882213
-2.84394144192043
-0.7989350519093186
1.4385624253448681
3.6084391028517135
3.676292920551035
0.17639599288706714
-3.7361295100044467
-3.271109392505909
0.7320566431347763
2.562668904822295
0.2185617403208256
-2.1377615318579433
-1.1209149026544678
1.412905312062815
2.14886946654123
0.8728046592148414
-0.5894362490917038
-1.4147463637924664
-1.5403490135938498
-0.5768743509772307
0.9191520065696102
1.401192026387367
0.743333910091884
0.13914541911556724
-0.2677511588258333
-0.953384411461453
-1.1241791501235452
0.12718958614188816
1.5195985328208959
0.8734833581057453
-1.3119176832819675
-1.9793923166208602
-0.004532570867214106
1.930841885579769
1.4183919721617309
-0.24088402524864624
-0.7224612593706807
-0.3627468986739039
-0.5045633659345338
-0.4709252743320017
0.6155990476541703
1.192926585318827
-0.13034260221135116
-1.4735878887919158
-0.6114143245627586
1.0107385516827467
0.6296162637809206
-0.9940176801911513
-0.7120209678199367
1.574983533533246
2.355374504583897
0.027476641566577906
-2.580551356208718
-2.576914647023808
-0.4553964055200258
2.0442955735256105
3.5780982694034336
2.0990397994821235
-2.841555442361697
-6.509558335442525
-3.550544256634652
3.785047448520671
7.717467831122725
4.987514722828755
-0.5651712594170232
-4.69757292437736
-6.259267645917673
-4.6216398759302235
0.16464797575747142
4.665062580826063
5.104353211740555
2.5776854843182866
0.5418177987951197
-0.7819916051550946
-2.8020724144270437
-4.157505428829676
-2.680378715014582
0.4844520545424919
2.5885832178746497
3.0532906832987674
2.479167937682581
0.47312647131599067
-2.3900957970423122
-3.249788242986867
-0.8405136710863255
1.9046691250467847
1.8647321715100296
-0.043414637122352696
-0.9569724006410166
-0.4248977288080764
-0.21084758537213355
-0.7334564699256446
-0.4749723999393156
0.9939919132672327
2.006974129961913
1.280684793958492
-0.507105739363005
-1.8349464989348698
-1.9170209695488214
-0.9805794921168949
0.4973769397206925
1.8821808167380432
1.929168363686265
0.22343625169884776
-1.2906181433096713
-0.8004760502059848
0.3436080503577211
-0.07383924172730999
-1.1767453193069255
-0.47711183983060823
1.499464975442387
1.5489677017810815
-0.8562939149123161
-2.150248802691666
-0.05063099856118363
2.7862255708811743
2.3770482710304894
-1.206118893661535
-3.8748481658291514
-2.7028009288942765
0.5928539933400895
2.543846475423976
2.559277730246204
2.1307965865946845
0.9086472561843923
-2.3820664880845523
-5.260444588196157
-3.0347649514513857
3.2156640644709658
5.987989408431272
1.689299583266864
-3.8804227708333854
-3.7940066204154013
0.7317176410215946
3.0547927712833665
0.6559481797359225
-1.9485413228543447
-0.22578571120235869
3.2478708582367766
1.6363337743314603
-5.541117800162188
-8.608316296618375
-0.15300636233006445
11.704660874485668
11.958530263549669
-0.46694964011193163
-11.155764145513327
-9.745722887677951
-1.2623343623469205
3.916315690391729
3.4530723347029078
2.0937398308530897
2.2961554491908207
1.9937895330581774
0.0787355359063092
-1.7676249938627837
-2.7905398500141416
-3.7620634396998645
-3.443325805394626
0.5412455452793763
6.043760784704546
6.788552780006807
0.915010782538051
-5.308713846676991
-5.342610323921791
-0.5725318413160694
2.661862275473006
1.8778244879393458
0.1257363322648837
-0.17669607079983193
-0.14466826162398738
-0.6793291361501292
-0.6227959238378383
0.24754578777371516
0.5341924393076796
0.28894430207951155
0.782799017753413
1.010944760497201
-0.9321612245843334
-3.008833696975743
-1.3837130303394294
2.5183555208879413
3.2970818381008264
0.061612414685632014
-2.5749887380079706
-2.0774973868402653
-0.5528975709207317
0.4783375763135657
2.0294028084023354
3.592579514558043
2.4067163119583355
-1.8518000636414307
-5.4907081416074695
-5.030998369991706
-0.7029190365127399
4.379758339636339
6.620209629431811
3.874279691132107
-2.423082837188635
-6.769074510724937
-4.521619244737218
1.7517020229265128
4.761525614995178
2.222540067807026
-0.7823328441769811
-0.4162292017314522
0.4560282752104166
-1.6554257252324125
-3.9971394196137893
-1.7271750198751092
3.5408510476531796
5.202138988402026
1.3273559703820503
-2.6245448172874593
-2.0203935340130714
0.5123341960442743
-0.11704022970204447
-3.092651824500022
-2.90278429018017
1.7122191498201291
5.334284749705833
3.6596125966373227
-0.6538510837866497
-2.4270862946121885
-1.4182585221289503
-1.410613279895778
-2.7547298193563803
-1.4408764531881149
2.9743872354892402
4.840961376085872
1.0857346381859938
-3.307213396095158
-2.720342109492739
0.9094575788667233
2.253929749543929
1.004070990723904
0.24637583862050128
-0.32904568478261315
-2.788803823029274
-4.667915743628569
-1.479215578006737
4.960777364407028
7.33757653442447
2.9313356419785195
-3.068437378180671
-5.679306270467972
-5.118641633357651
-2.3193801785578807
3.020539384274621
7.817877878587735
6.2841668967888085
-1.733895068012324
-8.281820224115855
-6.477856362024208
0.9380722554332419
5.575475874333184
3.8133869541081045
-0.45863088558749876
-2.124055189901522
-0.36509579057812297
1.6176347692282738
0.620855810437711
-2.6199658050327006
-3.7782404409661376
-0.3109777542833212
4.317463669616598
4.164180177868158
-1.0256712570517115
-4.53129448423118
-1.7265079785931587
3.358709537291247
3.9693679757200977
-0.41456073496344936
-4.574691401728674
-4.363363259331286
-0.3730745362640419
3.6565421180186446
4.661585722418514
2.7873773725194946
0.03640393641436567
-2.7298996840907206
-5.135642540121035
-4.795993531029356
0.057593838399567214
5.8555006953176045
6.630368242769559
1.759907147149692
-3.471129893729384
-4.837053173507922
-3.106892232539894
-0.8936787283154957
1.174605822458274
3.4088672650286655
4.427162568310312
2.44187873961242
-1.647353698465544
-4.5816468694699415
-3.971181039667625
-0.6530572413793891
2.111154676744043
2.226868940940893
0.8522685631377442
0.028966056701372554
0.06301968213112083
0.3659442723185404
0.6294879818253208
0.29778333070333957
-1.0455729092063362
-2.344891696611202
-1.8668176449325535
0.35896728181527265
2.1757937881660268
1.861789025448138
0.22973165770083925
-0.602312538142901
-0.10952064148034477
0.18091146276148115
-0.6151388062226287
-1.0762114379737402
0.12028847062973938
1.282493041633906
-0.1782322238429407
-2.7707085263322586
-1.6820852450472246
3.7333380091347474
6.8136900448191895
1.6907126713854221
-7.384612620766229
-9.65788493237216
-1.5453830160559647
7.9911389545162645
8.704894239635355
1.5479157967204324
-4.472913192767764
-4.370266130916129
-1.0250479969479822
0.8189016596945248
-0.06955450591815535
-1.4734279025341883
-0.7099103268967462
2.345405848049834
4.551998743128326
2.7398691405038718
-2.0210607725163507
-5.060671228483481
-3.7109047954636334
-0.19218942035368222
2.201874632367439
3.1653035267244207
3.397322629229663
1.4374764699597766
-3.2882240486878556
-6.252700353462382
-2.5634110894118125
4.554503336233578
6.470425484194202
1.1053916687424432
-4.205865489589672
-3.5772773380101333
-0.06614614556700923
0.9326156340492169
0.08375136668860264
0.8894646534283213
2.5055930102087465
1.7376016846989855
-0.8707241530034316
-2.4767468270984696
-2.708224404744492
-2.274566485025283
-0.0838873057771311
3.660468015908289
4.878088569122632
1.024833925859842
-3.6056970569911377
-3.0521199950962656
1.5153512415469623
3.2585184705243058
-0.5658345175075249
-5.064204163072709
-4.533756150264921
0.8940716414320696
6.352034317437661
7.153533641283739
2.0588879108748674
-5.429617889983108
-8.582233384388998
-3.811199716435714
3.9817568559546523
6.5200299614772526
2.5307272301722503
-1.9104338203725346
-2.663566408193729
-1.2663967945500407
0.0772495146039486
1.2723426248722978
1.7626316418389945
0.12430479472702477
-2.6780164628049907
-3.1479609063158294
0.050876543341741715
3.612859672726747
3.6908441572702846
0.7417319481170424
-1.8508840548275307
-2.3209111371503166
-1.3671855488607183
-0.15753828333555597
0.4326587376590114
0.05811625215245578
-0.5047177751453676
-0.13355758010264066
1.2077518354338634
2.3271777874597355
1.70116819301654
-0.8787967773982446
-3.1267252356437147
-2.429065860218724
0.5142081308491155
2.4480725449371366
1.9494650636454667
0.48815755726303217
-0.7663994441582804
-2.12915364235325
-3.083363996386791
-1.986290162995266
1.1995172391691038
4.296902829488486
5.0246771923263385
2.441247958104631
-2.1205440310983916
-5.055669608651264
-4.063526158079044
-1.3468590022757714
-0.1105780452736179
0.6920288786308837
3.75632266106673
6.686125948016139
3.753523158844247
-4.521886466887825
-9.548651626036401
-5.380805656791607
3.4619326088026146
7.9210078592201
4.773225680272361
-1.289252586807882
-4.10087791508959
-2.5687304132499156
-0.33894312028174145
-0.05039172710577609
-0.39806594862163097
0.44871925485049907
1.509007165850376
1.4660944374805527
1.575350146558015
2.2174101700978395
0.15367537924962535
-5.169953927930009
-7.274853493309014
-1.6235611557263536
6.0622303017321295
7.3446286718226705
2.34634677614713
-2.2938304299430623
-3.200143585834257
-2.735599809394375
-2.8709817209059705
-1.5681284504236928
2.7094056547721665
6.396143494196427
4.544432887305264
-2.0242058625359625
-6.69853779937437
-4.776449626920256
1.119493326118008
4.687598970004469
3.188920176700524
-0.8628798122920046
-3.5364239642743485
-2.654673846421678
1.2591933047965738
4.691252725041154
3.5385908845912493
-1.643904828176755
-5.089228645577009
-3.139100564482262
0.9259725523524166
2.2744321839543415
1.2285592154672293
0.9305344704786671
1.2870482621533637
-0.08543724679407932
-2.3012632185633404
-1.8487144976827765
1.0423751223451143
1.8226131331622022
-1.295453472637126
-3.8690435581333342
-0.9690070114313027
5.617832596841931
8.193818296920396
1.8948258992803102
-8.369954099286046
-11.878062865265251
-3.906265159996789
8.067457741148937
12.095036205665474
4.940750346043526
-5.196625932021755
-8.79604385532268
-4.533489805310346
1.7531597495498776
4.556963837864877
3.3232643858197477
0.7479513618205054
-1.1729619227023662
-2.237608300944792
-2.3058782310576973
-0.6005277870120491
2.19586751596951
2.9281001461631475
0.026150581452678328
-2.9214265396841985
-1.852293672073553
1.4513673993185159
2.425262307480054
0.5454174682702214
-1.1831039092074045
-0.9332070569774152
0.5930708151450199
1.32327048047359
-0.5179829669037588
-3.852348042430973
-4.494327617271781
0.1132857179612298
6.597950156874735
8.47531402702738
3.298864714762488
-4.420404923039352
-7.850014638625412
-5.022591778308384
-0.4635022515543458
1.078336118242514
0.6243944313733091
2.139911307250123
5.429667173403615
5.798604991986334
0.9726522564333809
-5.049180629270949
-6.960123324007002
-4.5393422208695755
-1.033478970752745
2.2405898855288005
5.030478318778908
4.984943204892047
1.3329529562034779
-1.688640214124625
-1.1752876137303818
-0.8462535011494456
-3.746252403102965
-5.255424870877189
-0.5920948005922354
6.027430370389307
7.1413699106405275
2.4429344179630763
-2.8786008534313408
-5.611706182695205
-5.0972644318576865
-1.2036675548028248
3.680298122017733
5.082820193229282
2.343199036458817
-0.28119051662893624
-0.7108114643888439
-1.8020703971529366
-4.347972580022488
-3.778111546271417
1.8451479265485529
6.492497914003072
4.2165922836170155
-1.9847366168435223
-4.6547361786894275
-2.0043067488255493
1.309486404736398
1.5477497225096593
-0.18537422814586885
-0.79310597661281
0.7170969130139699
2.2126770939952807
1.0629544843369712
-2.129571976376366
-3.6720811542113747
-1.5087703029570145
2.011843673388586
3.376420774985368
2.0894039832427524
0.010369418282229759
-1.6858499922750418
-2.6200984593398347
-2.094511014480634
-0.48470220052746193
0.715935076070411
2.1708709499742778
5.142776261639617
5.510805755187281
-2.0334132219464167
-11.934706248345247
-11.093290087082906
2.1638368824985568
13.461113996312921
11.169028292619629
0.16123748427074724
-7.619371922458622
-7.77257677715607
-3.660975868974829
1.0781625121674512
4.506142918761956
4.833847851250337
1.8484494195138697
-1.6615415758851413
-2.9444417180718134
-2.536952684375324
-2.068138567463964
-0.599977042341779
3.007142094267488
5.528628372765291
2.7969916226029494
-2.790210374822649
-4.700746149271325
-2.048157007485937
0.12251875031787694
-0.03211142800474397
0.5789535924710019
2.6442326318913563
2.9170681528736093
0.5284679403518976
-1.522771085858043
-1.7935390345940339
-2.081161295230518
-2.7754739051747985
-1.0038713716037133
4.12807508736896
7.4620937380327765
3.3162661368214974
-5.574037209639726
-9.71346654918908
-4.646943324852642
3.628886269145363
7.114744188672713
5.17210891755209
2.123510437966368
-0.5869784430798052
-4.356008357388355
-7.346853066322396
-5.115620238265575
1.8453069586463604
7.028957257608396
6.251789492277727
2.131770574433209
-1.5161298950889694
-4.289266007940212
-5.651858092656112
-2.911146979127289
3.0461419882823977
5.6133205810435856
1.2925782477592935
-3.831490966776244
-2.0885911859370854
4.2809279978690356
5.677223792137542
-1.246741980190866
-8.315787995048916
-6.677769941602822
1.5513587912128386
7.036047026826376
5.658757233187645
1.4168728246114728
-1.675430190919696
-3.8917531894113733
-5.168207772493266
-2.7491675761307603
3.109723654182103
6.336544332065752
2.8678238519694648
-2.793015320927498
-3.9059070819787705
-0.5505020211692409
2.1795962064300483
1.4129544714430975
-1.4064579322937407
-2.9264801114913332
-1.039888491024841
2.6031081138186147
3.8425570462747975
1.1355582792871899
-2.286522433475644
-2.7817870225135493
-0.4881972842791691
2.2348234165278633
3.208603386231963
0.15181543529086197
-6.69074026278747
-10.251554422989791
-2.389538178431937
12.801040443377685
19.10279737663492
7.513679196852308
-10.637265431418172
-17.58046251117173
-10.691849282060009
-0.8818183782587676
4.796245004115087
7.486083511312021
8.00822180622521
5.3060864637725595
1.1039972150015624
-2.005313263371477
-4.841981761395943
-8.178048364739253
-8.30368407501301
-1.76801347345709
7.884395560030102
12.444989217229601
7.3802060121395865
-3.078731668954028
-9.508511676769512
-7.385470953467536
-1.2127277292143865
3.2484361822415813
4.940559503622854
3.95124083244561
0.0516128147508892
-3.801706165817958
-3.667141736967201
-0.4002907003197692
1.8904870537745035
1.7759889946396143
0.9218001143237717
0.4425967518891125
0.2511518938375762
0.1148053221837892
-0.8789076605130024
-2.9127927127753237
-3.1285403040952042
0.3919972411485364
3.948929469192843
3.5018386155187784
0.9942236489166043
-0.3804279949224678
-1.7758826130499479
-4.058304634481942
-3.5456747575789835
1.7562700409722098
6.226696405741967
3.3591319781776847
-3.800435684826333
-5.710391877858941
0.20039006677000032
5.777438514514913
3.571937585179361
-3.457247356157827
-6.468091384723866
-1.9202645747591391
4.59656838662248
5.605540824222863
0.7639031266769356
-3.710323783478524
-3.595880660238365
-0.6817509606816718
1.7877274210215344
3.0256384385063364
2.8006626083533894
-0.03929642689219661
-4.453900391804124
-5.741375940819429
-1.0326907243592187
5.300450181400606
6.132480105661423
1.0920872051512267
-3.1829236648102848
-2.762387428425348
-0.9821016154464923
-1.3944545504108752
-1.7360423478895575
1.2378882375531604
5.091178034834129
4.604661560852199
-0.6271910942486992
-5.449716969035856
-5.46909116717321
-1.2585217435293594
3.516917447770663
5.475613077305547
3.1040117436164554
-2.197423307027012
-6.152636119413441
-4.549117392814667
2.607650329828172
9.173537207358882
6.932820816101124
-4.341629472557411
-12.956503053259247
-8.186026788574717
4.973638559737725
11.765805543474178
6.382530028927052
-2.9888118231590077
-6.481674929631733
-3.012034174569085
1.8471623532239627
3.2573205748428893
0.6798872125451527
-2.974697178349502
-3.996543786418818
-1.057764057532707
3.2972086776699436
5.06731980437944
2.9111530492858493
-0.8540479557635099
-3.2911734777570674
-3.587892477997068
-2.2849528910017205
0.22999994535129864
2.764525001860909
2.9478426331479732
0.31672226444744156
-2.0003748503376944
-1.174633405330976
1.3693523843404989
2.1151802743380093
0.20323244712285946
-1.9254642755275888
-2.005553831263825
-0.6117596320170482
0.14542762785256927
-0.10734407130674604
0.3361352610254878
2.008654058365459
2.8019072136528735
0.9675325643986423
-2.134127889606645
-3.654954272368573
-2.4131274489049037
0.5966716153951602
3.436722426134458
3.923505192710174
0.9709956569017055
-3.3340994216036117
-4.900253735246789
-2.25912072693864
1.6396664146128028
3.2873178566444885
2.7283903248476102
2.260007817055915
1.8178110789647157
-1.1518579050224265
-5.852108342405177
-6.53336836866412
-0.6222924234567982
5.733249634466938
5.513641457538731
0.6729660999825349
-1.7314942515501281
-0.3947858769867821
-0.053703368240274954
-2.249199543296112
-2.877995046208284
0.23731174406845343
3.4037884851512556
2.7157456032043674
-0.6699659825603457
-2.9392641337389245
-2.3696237101553534
-0.0008348395664876107
2.43813675438974
3.546748132823982
2.2535302948034346
-1.2087555586704826
-4.364125163238042
-4.404468598616039
-1.362495922011066
2.1494539930363414
4.062158500998385
4.005069555036956
2.1101636720104615
-1.1897667273605712
-4.159438480202298
-4.3647463918139024
-1.5371191678126856
1.3351398780796482
1.907015825027259
1.8102661575173251
2.852666330087818
2.662076200627577
-1.10880274646137
-5.040028491466309
-3.932901301433499
1.073282195154412
3.596755940936006
1.14144078182851
-1.7388051804007085
-0.8777132136037431
1.6402963048244783
1.884355044497726
0.11225296164525983
-1.0173275758383782
-1.048503696694341
-1.2516768516301287
-1.4824352965828305
-0.4235241379443407
1.6423878204404925
2.5726686715705207
1.2165602820375814
-0.8075918047707183
-0.9730157312209815
0.6722148738868307
0.9597463336655478
-2.000557493801288
-4.841120836546148
-2.5355388377870502
3.9091835929097676
7.2862741086495335
3.3406375687522223
-3.4040426796567815
-5.60202128194774
-2.1640022530840968
1.7394306751664486
2.030902289632065
-0.05313675441061
-0.8880678919518439
0.581655678881972
1.9249168696994088
0.7740847141596936
-1.8212883628281586
-2.4997575524580937
-0.22349026008104106
1.8450406420637806
1.0394189060614774
-0.547724891423331
-0.08430052802291615
0.8443002958614965
-0.13846234925113285
-1.1278244023820638
0.25226471876559897
1.5942273349881442
-0.465324970753153
-3.743432649931595
-2.8843006134477887
2.450336980333684
6.2187780866921845
3.9677824291972565
-1.5845663870867548
-5.031510497865293
-4.681456410482248
-1.904544978790146
1.873022730305887
4.4716524152421675
3.280732022551841
-0.6778882023225933
-2.6042234334406946
-0.347272987362107
2.2810531573018653
0.990963343420209
-2.820851366496814
-4.184263637167827
-1.3922139769314001
2.3167520016088745
3.584451221841235
2.4744661756770308
0.7059162636054906
-1.0514858038252637
-2.7244156189572393
-3.1487717954864185
-0.9238023810105652
2.782563469968223
4.211368883652731
1.2746952659993656
-3.3094410758789174
-4.688149107112477
-1.2382227181039318
3.6770187810416135
5.263273440569394
2.0924214050744654
-2.894038619098645
-5.481437184914529
-3.6213854144804385
1.1516507459285614
4.832735461561731
4.426107486673802
0.6223492779598633
-3.341365319225318
-4.447851326762271
-1.7907180385321488
2.261878693309872
3.6471062085998445
1.3198528023815772
-1.3766466269482158
-1.5930888603783788
-0.5264411270058934
-0.3399941538977345
-0.410462594190665
0.8340963168049946
2.358531696709154
1.6914715658204835
-1.1110628990266849
-3.0748594603956616
-2.1444921077506325
0.18853720011519298
1.1988249899397032
0.7674728134106709
0.8521825999430359
1.8093254704368111
1.869481684551601
0.14615798682593467
-2.090625858075222
-3.3308447997548796
-3.1990533176552294
-1.3685075600275791
2.6422774453601345
6.680814352280351
5.665081167018423
-1.9112501513502467
-9.002314908425607
-7.041624826507009
2.168789896276013
7.861270560781757
4.832912455949093
-0.8429808274075857
-2.95388840639095
-3.00310372451987
-3.170489920885117
-1.0045803480385518
