Theta
7.581339425455683e-05
0.0006905016301766899
0.003116251860404726
0.009565252680566539
0.023028718336982296
0.0468435362367431
0.08318668382875366
0.13008873555209494
0.17853819231276363
0.21221620455030982
0.21105786281033728
0.15756898819703735
0.04328896764097518
-0.12714816976814852
-0.3353939702960292
-0.5520845795343096
-0.7426054454714736
-0.8745756623524499
-0.9241383151878864
-0.8790201398092684
-0.7382145874331328
-0.5087387096143806
-0.20133377628581295
0.17144915540839067
0.5935941529859746
1.0427742396514839
1.4884884385991335
1.8911762426397605
2.2021235384983218
2.3656922280260613
2.3261127816872227
2.038525569599609
1.4808566867367685
0.6636941270482403
-0.36291919775702175
-1.5074240593785062
-2.641228742282398
-3.6104459924564805
-4.255554175413236
-4.4382710911234895
-4.070291235726621
-3.135367023548878
-1.6986532902709397
0.09657242100679937
2.0410467550904787
3.879467420570678
5.340115961510053
6.172390564894042
6.185507001917456
5.281489214217182
3.477630514096921
0.915445994470605
-2.145037815031261
-5.346214214068691
-8.269344398282707
-10.484780219038786
-11.6109501063348
-11.373252547630221
-9.651245158694291
-6.5047624163800215
-2.17611398580921
2.929726124537718
8.284150782813349
13.290161544461876
17.34968484687957
19.937400021258608
20.67271498428529
19.377709375983688
16.108445476625878
11.152302868117209
4.992033251504927
-1.756038760688048
-8.419430719514024
-14.3520619479926
-19.01054744621969
-22.012951878027348
-23.172845053723716
-22.50639957065129
-20.213097599146625
-16.633551101825507
-12.19310384960659
-7.345367047619026
-2.5288455522999236
1.8607913933198827
5.491018868626746
8.115486156353887
9.605004645354096
9.982631116671163
9.449008624999735
8.382309801603114
7.3039929233052145
6.807798905200319
7.454460879904758
9.644586648874881
13.494030532878565
18.740859986603194
24.709066310918598
30.346711505562478
34.34609939988677
35.336925038341256
32.1242156140229
23.93149930238122
10.607706733226108
-7.240991553186324
-28.225518078616126
-50.270517164588156
-70.82982627730837
-87.19722647913913
-96.8709108558212
-97.91825799945525
-89.28542957617344
-71.00332215473387
-44.255303500060705
-11.291895465428393
24.79962293850237
60.441210816194186
91.979537389948
116.11569819358184
130.29309022757752
132.99380781924498
123.90717827794336
103.95235072268966
75.15631900301652
40.406490205884694
3.1113193223612927
-33.187359106913206
-65.20176483866572
-90.23897719881664
-106.4572519381399
-113.01105638274713
-110.07138635922607
-98.72550549274158
-80.77808569564007
-58.48743245442635
-34.275141020802884
-10.447398292362227
11.03907044073328
28.74395465032475
41.83175294364103
50.07768504978821
53.79549386207626
53.70365392775351
50.75667653649703
45.97114508103975
40.272630628512765
34.38192143544724
28.750206704593445
23.546105660532252
18.691948044066233
13.94038229628109
8.975546359239296
3.5180257413234743
-2.5870655368207705
-9.313439030517225
-16.43462083561384
-23.541892046650172
-30.093825058838814
-35.48948796121103
-39.15535199720947
-40.63246877667073
-39.64860911341127
-36.16381000231298
-30.384122681008453
-22.743039301870564
-13.853836238035825
-4.439208559836342
4.7529854286520505
13.035688080828741
19.856719090135403
24.851174390189858
27.86705184235177
28.961502838177104
28.36833055625783
26.44229680746863
23.591087205139782
20.20905691496279
16.624758327677878
13.068662298049318
9.6630311318772
6.4322211470164055
3.3285625994187322
0.26811980937719676
-2.829426359904425
-6.003492300442205
-9.22585479588544
-12.391773812691724
-15.330826923882055
-17.83234758489316
-19.67860997455039
-20.67991223704535
-20.70492435398946
-19.70011782584462
-17.695209422768414
-14.795183084903941
-11.16321068653095
-7.00076630404012
-2.530247998598011
2.0165667553307354
6.404632817172761
10.401369162390173
13.787017268820708
16.370120798096977
18.00523442745516
18.60877553716921
18.1690706372662
16.748734072302195
14.480201932196897
11.555893644303215
8.212770193552911
4.710379968650838
1.3047914742025086
-1.7757908191405534
-4.349787726552124
-6.295547849324805
-7.560012944886152
-8.16145198870298
-8.184027897893106
-7.7639319305100205
-7.06970336190165
-6.27971626118004
-5.5585412233540366
-5.034609036578478
-4.783113576188571
-4.817065040694297
-5.087361863731468
-5.492027443085021
-5.893472691941826
-6.139764654114681
-6.084898293193082
-5.605866605927163
-4.617107507656074
-3.0826297210278506
-1.024928954041236
1.4706476622286317
4.258263476736637
7.14276735028393
9.898721515055518
12.293214313811847
14.10898271400487
15.16703894466626
15.348323872801226
14.610632878801619
12.994537863185009
10.615498870973285
7.646099808218249
4.294415597075926
0.7816373852485133
-2.6792963557124185
-5.901376289289741
-8.735582709813185
-11.077615770041563
-12.870182757891206
-14.100412270608835
-14.790642618177817
-14.981831935255558
-14.712939626433965
-14.003665769422877
-12.847808027355207
-11.220236767741255
-9.09509106187825
-6.468776720638999
-3.3802953373386657
0.07653429419014719
3.7513855681368855
7.446637727922853
10.936050338764685
13.988887445389597
16.39441111901341
17.983854660684024
18.648800608251094
18.353197990104157
17.135014279952177
15.096743921651061
12.388442305887331
9.187965653278367
5.681467706462555
2.0463906065132056
-1.5604164805122591
-5.0075161008269715
-8.186710449134898
-11.00573148742677
-13.379338257728236
-15.223478959614768
-16.45624456252189
-17.007471100572396
-16.835913338810776
-15.94761096035145
-14.406889264653534
-12.336404572641195
-9.907166740895653
-7.319365357834848
-4.776019268839925
-2.4537479280767314
-0.4736708620489694
1.125951441747328
2.4118988030849864
3.567213267334511
4.883348443007132
6.723425015954625
9.450988850806727
13.330427280813595
18.418116548375426
24.470912339131996
30.89959055514803
36.7894065724182
40.99647060011925
42.31041060917499
39.65919702049882
32.32298798500196
20.118248880902584
3.515564741222448
-16.333360150170332
-37.669255380817326
-58.29570026122622
-75.8287885224777
-87.99558054929666
-92.941659126876
-89.50307926380489
-77.40030459027224
-57.32347202317801
-30.895047107810672
-0.5124627637209985
30.910678796136203
60.271580490827525
84.63134018125075
101.55063590420986
109.36650249789649
107.37439911467659
95.89369924513659
76.21380715837562
50.4331669755788
21.212525497914395
-8.528566943494885
-35.936286232609376
-58.52955863718628
-74.45316266945147
-82.64775880389847
-82.9203993505236
-75.91321412432058
-62.97890602501907
-45.98115355969113
-27.04728870429147
-8.305198703638561
8.364217887618073
21.529207797372955
30.338127098619204
34.56436975361442
34.56569651496658
31.171465635888712
25.51894362757798
18.86344991563284
12.38902709798426
7.046419684029197
3.4410109217764937
1.7842069573952717
1.9099348306887705
3.3472430996283102
5.432561102164078
7.4410079177777355
8.715063017292035
8.77051013060741
7.364274396349448
4.5176032733533065
0.4974587017993263
-4.236250380722762
-9.10812676299954
-13.517129683129365
-16.924535640745088
-18.927204966786228
-19.30678345662772
-18.04916805302536
-15.333085874939686
-11.492528833208263
-6.962593386452814
-2.2191678556527155
2.278934644670737
6.1390800567305
9.07066205426438
10.904081636301784
11.591642238681068
11.194891883705449
9.866075337351022
7.827155778532325
5.344363599082749
2.6965519497700776
0.14067475563523701
-2.118229172001747
-3.9450766923051614
-5.2752636298111915
-6.095628861769858
-6.4111795665913345
-6.209711525456299
-5.436788468380799
-3.9912469877332963
-1.748817801574877
1.3868158465366205
5.417637440583125
10.187282480500931
15.336797490773355
20.29519412366248
24.31452688956726
26.5515923471737
26.190020357273607
22.586855260012765
15.419393861650335
4.8054544170947375
-8.62792826386805
-23.74765474076697
-38.999221161042165
-52.56753827529537
-62.595914189771406
-67.43641517874066
-65.89708241908396
-57.44656173645445
-42.33989861526504
-21.642598626049537
2.8512819975590107
28.79606971222263
53.5469865609436
74.46195774113639
89.21807849383647
96.10142139152751
94.22795362926978
83.66129598358242
65.41010555440505
41.30770488121054
13.792564270286952
-14.380163851197752
-40.45857778728896
-62.00622797520978
-77.16913990411526
-84.86417458234264
-84.86466830740164
-77.77459432450019
-64.8991597563679
-48.03448302662057
-29.209972733215135
-10.421934660599092
6.604697758074439
20.59590091303196
30.828198110022793
37.13953683509811
39.856813520849045
39.659199303287
37.40679547877494
33.968141984467735
30.07585241943802
26.230127938751938
22.659901109811226
19.34165960897798
16.066773532959797
12.540785450706347
8.491787975686982
3.7620261928696976
-1.6367125414177028
-7.510425966942696
-13.509391185709816
-19.18460256129987
-24.06088158064398
-27.7116890493632
-29.821417569723312
-30.224086808193885
-28.91447737550598
-26.035513040040502
-21.848553189824393
-16.692983237832276
-10.94230208266784
-4.964168721344615
0.9103988015454887
6.4063273512951655
11.312208996294386
15.478339105717188
18.808261179654615
21.247570242326198
22.77330005589698
23.385270699512986
23.099280068497183
21.942436661778533
19.95126587389476
17.173048101995754
13.67138967909132
9.536461201175328
4.897375843779566
-0.06851082513154125
-5.13460844539103
-10.03493786604394
-14.483459267640674
-18.19911981872039
-20.933244709625235
-22.49717137828926
-22.78726673573227
-21.801795777992517
-19.64352028523847
-16.505654113819382
-12.644177892757728
-8.343529574115777
-3.8840759159811835
0.4824440836081187
4.547665226544906
8.152754517630965
11.187724755734163
13.585205376223575
15.310800697561522
16.353400971414146
16.71723046283588
16.41527716101424
15.465733561324022
13.895099737540615
11.748210827515026
9.10111872199218
6.07180003365914
2.8232317214680225
-0.4463597616689307
-3.5265868643183955
-6.225480909750939
-8.399326350023935
-9.974516653408273
-10.95609877693864
-11.42076227151595
-11.494823579187644
-11.319487090472917
-11.01062997572081
-10.627415390686473
-10.16366654167974
-9.565457457672013
-8.764948956771274
-7.712205116606275
-6.389562780092183
-4.804357519466858
-2.964870456767375
-0.8497367213159646
1.6128416604784244
4.539004707753592
8.049534597437555
12.204204197552798
16.928738512891226
21.957725824274306
26.813053406412912
30.82767320614101
33.21548745906384
33.18146614186518
30.058613583833758
23.44977406092717
13.347240877344671
0.20609292731665724
-15.043971306173212
-31.054244864211828
-46.178219173064804
-58.64901305984807
-66.79512152403207
-69.26780758789661
-65.24785405257644
-54.59909127950978
-37.94102135531913
-16.62414446617036
7.3921032418183845
31.744297177801577
53.928882603052735
71.59387597207414
82.82169633619839
86.36479763007115
81.80066102313388
69.58493714231001
50.997534715733764
27.99016454082344
2.9545635798804777
-21.559015973141904
-43.13595823864742
-59.76638353564033
-70.05659830641525
-73.35869277285491
-69.8055979408157
-60.25204682012822
-46.13362661286785
-29.264607127405164
-11.600707744294416
5.002817874793948
19.00527468443071
29.338425882638212
35.49002713651835
37.50621008280883
35.917309918287884
31.603824059614134
25.62874238247479
19.065805075819654
12.849756125186998
7.666521614030074
3.8927999858027444
1.588153485470503
0.5363883999439847
0.3255468993807951
0.44908782196308356
0.40777615151228164
-0.20507222295261918
-1.6443225172076528
-3.981763056944945
-7.101664291940625
-10.720823550546104
-14.42924971531893
-17.746154828866825
-20.185599318507922
-21.325772962122667
-20.873488772969694
-18.71315786802896
-14.931454818874903
-9.813668289391744
-3.8112915728609513
2.515780022866445
8.573054755415463
13.808028658491613
17.777710905460797
20.198498000230035
20.97229328665096
20.18531351772538
18.08010138707008
15.00741689237312
11.369212084316429
7.56273160599663
3.9327451716544464
0.7379946021689445
-1.8647582650977226
-3.820869579581182
-5.166029055318829
-6.005655087991729
-6.488897663405214
-6.781044849941227
-7.0368442639260484
-7.376465323312695
-7.866661667984553
-8.510044502249675
-9.243893260765152
-9.948124482467925
-10.461326066781519
-10.603257517262493
-10.201072421343174
-9.11571261654217
-7.265614841266092
-4.646185723860274
-1.3431648071865439
2.463571593959756
6.50898891690826
10.465573304766759
13.977857438717782
16.704153828436336
18.359554123580214
18.754535774919198
17.82256819646411
15.630165627866342
12.368013696234751
8.327221223078183
3.865252124865432
-0.6344324511709262
-4.804162536299056
-8.33084877836832
-10.988260881608308
-12.659002196187787
-13.34249659363502
-13.146542118244541
-12.262421613112016
-10.927836034008545
-9.385652933122802
-7.846539701414245
-6.460906909880729
-5.302425322419806
-4.3630633648681485
-3.5594343619621625
-2.7511323075521026
-1.7707754688016109
-0.4624154781013021
1.2783437034067067
3.4711837073512206
6.033043371406094
8.780169585971427
11.450058117850702
13.738108480960648
15.341822795231788
16.00585442003184
15.561113991729242
13.951488434337255
11.244577046379149
7.625847276274147
3.3775659941365346
-1.1535486758228557
-5.594185985580642
-9.583071076917149
-12.807357958263061
-15.033781437404377
-16.13094609079235
-16.079745640229355
-14.970161639155554
-12.983776256769954
-10.364016041314777
-7.380573159401807
-4.296152929665459
-1.3404722296523723
1.3075236396677894
3.529071329507288
5.265747132904103
6.51083982044246
7.295690402841867
7.675793557781337
7.718614293167647
7.492849823926705
7.060522422150613
6.4744227929628515
5.780050330471258
5.018029669625135
4.224627980039196
3.430692077810417
2.65940451241322
1.9228583778489754
1.2186305811241103
0.5294339653371257
-0.17135648204325757
-0.9095782951692715
-1.6999918296142198
-2.5386297285739405
-3.3988094797999384
-4.2326375549589725
-4.979057323427457
-5.5764183954401725
-5.975394489429872
-6.1479234437362456
-6.089654265535377
-5.816266149658192
-5.3561012454012324
-4.741969322997008
-4.003739591539816
-3.1621555875103717
-2.2252087290172318
-1.1898152163362095
-0.05152726163921255
1.1772012062528712
2.446230579165573
3.657905930776168
4.680364061280268
5.385433634938214
5.700931842562078
5.6587383727434695
5.416365435097185
5.235794402418855
5.419253034094603
6.217973260922326
7.738507038706057
9.871909906431242
12.266410786731123
14.354924495880013
15.437172904647449
14.80475877610843
11.887379634054525
6.392127964075606
-1.5916114634763145
-11.542776260305367
-22.527012134557303
-33.28553659528817
-42.386338476160056
-48.418206708099014
-50.19987924470077
-46.97261127038437
-38.544027380691084
-25.35762923707641
-8.475801053167592
10.522326159647534
29.715583230704674
47.06557361548065
60.66338040889787
68.96727985587222
70.9979738807477
66.46128966870722
55.78139816294116
40.043102523938984
20.854816666538365
0.15433514315213287
-20.01568336061036
-37.73610272347546
-51.417826325137256
-59.96182066813602
-62.8537135078559
-60.184424810781245
-52.60028595848461
-41.19549687811788
-27.363735881182453
-12.626643873122342
1.5417601201295912
13.874574037152636
23.436395254204314
29.69818522850446
32.55630365276127
32.297787059274604
29.52030304830555
25.02071937090585
19.669751774139492
14.289295289718584
9.546389398527797
5.876215469788832
3.4440867235367083
2.150928701713398
1.6795832087539109
1.5730606064696075
1.331477308103999
0.5112494724221205
-1.190150489147454
-3.8762925077458545
-7.427764638489008
-11.515376266724411
-15.649256991325146
-19.255526593757164
-21.766777721500922
-22.712000456417254
-21.794026196542948
-18.94351380352595
-14.338203977749389
-8.381200271548366
-1.6435195118548178
5.214988843960251
11.531861867908782
16.72395968944201
20.355016715524375
22.180272824467657
22.163318677489027
20.463726409402142
17.397795077229613
13.381184834907245
8.866957391936332
4.290430581563364
0.026690671004902557
-3.6373728572785398
-6.516468932075257
-8.526160117717597
-9.6698912900303
-10.019669987538336
-9.697859094395406
-8.863133475214575
-7.698019957041376
-6.393932681904072
-5.1320414502985505
-4.062030979477695
-3.283110391934546
-2.831177535886213
-2.6742098255981928
-2.716975418019056
-2.8161615589164026
-2.805494020062165
-2.5263972952858063
-1.8569515142515898
-0.7331588885216802
0.8402461604390908
2.7889969590048147
4.9757763378859385
7.211878575927453
9.274304096837716
10.929036695856352
11.959970190788203
12.200791563642705
11.563398783218263
10.05422824427717
7.7736873566344515
4.901034696674576
1.6704101154117812
-1.6578896469426265
-4.827977346144072
-7.616327970495268
-9.852257776996229
-11.428923394007446
-12.306120430228646
-12.507094783575571
-12.110494233992316
-11.238284906197062
-10.041251469366038
-8.681244217470363
-7.305348048495368
-6.011160180531385
-4.813046209229746
-3.6234773399711684
-2.2581798447765418
-0.4672252927811437
2.009909022594107
5.371828564416138
9.678133160127349
14.785325179532597
20.312548063298163
25.649388387420736
30.011995122482062
32.54432672085253
32.449619891061175
29.130671092189477
22.31763288474812
12.162401180240563
-0.7207390852731819
-15.28121543491894
-30.12507559044178
-43.664063871107565
-54.30338456366179
-60.64447225177476
-61.67472502440047
-56.916853457833504
-46.51621001878601
-31.252839500159265
-12.474026128353685
8.046808113601317
28.307692076662587
46.30604692769422
60.266853740825425
68.84142957274041
71.25244928416203
67.36889415533298
57.70221651506679
43.3251636221651
25.7287823400964
6.642967825196708
-12.153626790846664
-29.013120946633208
-42.57117991712271
-51.86072458474686
-56.377745718022126
-56.09509889028671
-51.42564996683683
-43.14212375372372
-32.26779628264922
-19.955452726631144
-7.368281631220066
4.429078668308004
14.562073511344632
22.411565796069524
27.645787863831213
30.217271832302693
30.32860729411687
28.374281362486148
24.86864272444391
20.371506293340918
15.421225778635959
10.48190770231021
5.909109387816277
1.9364364946623092
-1.317908377856568
-3.8309599224575335
-5.650725557019751
-6.873806778753504
-7.625130738656552
-8.039037163429706
-8.242561680424492
-8.341399636610713
-8.409026972828519
-8.481220228130303
-8.557039864767772
-8.603034295963882
-8.557627775034
-8.33785526530015
-7.851766535064088
-7.015824939389215
-5.774131758525702
-4.115408976472468
-2.082736264942736
0.22716189528441466
2.6746843609354163
5.095255753834287
7.31977138373064
9.193609072480491
10.592717270592633
11.435316421747693
11.686818352285929
11.357374297094449
10.493819417129018
9.169551614381955
7.476654783895911
5.520858199829098
3.415442132552733
1.2725226323092917
-0.8054510478829116
-2.732623043510753
-4.446484269630644
-5.913579271254246
-7.130311147319021
-8.116877781906494
-8.905947756593347
-9.528164018317996
-9.996034279312417
-10.289646047420554
-10.349864692591595
-10.083434951601923
-9.379653769722148
-8.134043665845931
-6.27414679691443
-3.7837309885782537
-0.7209186850294715
2.774288529214126
6.484712966007337
10.132235419375453
13.404198114670695
15.986824544774942
17.60085241350251
18.03545149895979
17.176994608994967
15.027706609034231
11.710189855932352
7.458583562640926
2.599806869925135
-2.4731119665950487
-7.334975311373119
-11.568524892523348
-14.808119511663206
-16.781512577801468
-17.342077415909333
-16.485558984516665
-14.34957310848918
-11.196702504126904
-7.38279143651546
-3.313625319721088
0.6038310723747433
4.008047695608321
6.621189546733791
8.274604857300472
8.918759687573406
8.618068233343903
7.534357316900084
5.902417801000915
3.998442534008613
2.1025654931456597
0.4608534070120035
-0.7457569935090393
-1.4204458986522435
-1.5556724144200584
-1.2247936491927445
-0.5619634648807468
0.2657438089718591
1.0879887032541438
1.7569961019333604
2.1666670359915905
2.2636052262051365
2.048611458847294
1.5685958458695086
0.902069785525725
0.14297123010199708
-0.6148346223522427
-1.2924874576305403
-1.8380658576219573
-2.230688238017504
-2.476076288189332
-2.5975631136257222
-2.6262440775040017
-2.592972384602785
-2.524202716734898
-2.440726799109525
-2.356465036096297
-2.2763422160713125
-2.194608678869975
-2.0951500258649602
-1.9538967016036748
-1.7419820474327703
-1.4284329928529376
-0.9829449320505306
-0.3804315254376988
0.3921067719106556
1.3276492125634718
2.3925243471109052
3.5249511511288576
4.641993863309054
5.652645316314092
6.4706113725515095
7.022644949569617
7.2514647481461845
7.113653629137838
6.57575334209707
5.613797976211073
4.218801973009346
2.4060304560392556
0.22413049040223615
-2.2378236988963054
-4.845596265071957
-7.419299908722394
-9.74120546523564
-11.574766714437615
-12.69420982178936
-12.91955651524674
-12.148738563511762
-10.380003741542623
-7.722150935937384
-4.390806762416056
-0.687081085574554
3.040752565957102
6.442001770210022
9.201596907486799
11.066783944235532
11.865516988421371
11.52023634509327
10.059471581667896
7.628198576684255
4.493686724831865
1.0391511648913512
-2.26291667751861
-4.9017181175708044
-6.40034819619402
-6.398914067075069
-4.733940611770943
-1.4985538839812667
2.9316959755828345
7.919671840288528
12.637633804809242
16.180485502963244
17.705633943459585
16.57853863100074
12.49857067416449
5.580624100309879
-3.6234162598826556
-14.167130170856462
-24.810759278117228
-34.1710787831506
-40.90318278855371
-43.88837057566079
-42.398810064331734
-36.214071782413576
-25.67281150527004
-11.652966125060907
4.516692024137901
21.20439526967693
36.66661114841834
49.257504140126194
57.62569389636642
60.870380831092156
58.638253715275226
51.15245738349389
39.17389600076947
23.903801390334383
6.841854312109771
-10.384008717657109
-26.19696552466573
-39.237061841623515
-48.49195589111509
-53.378929679611865
-53.77362477332987
-49.987019131848214
-42.69629740353777
-32.84067816671319
-21.497419886488416
-9.753924885431232
1.4080561047100386
11.201486188530867
19.087344218527647
24.79021951289434
28.280077857390836
29.728225783568192
29.446951650275228
27.82223652759221
25.248759246628588
22.075525317625782
18.569079328139296
14.898481649798098
11.14121512446286
7.305688629936094
3.365063002797553
-0.7047408055802281
-4.891294672424267
-9.122342683600078
-13.255849984777596
-17.084587839508444
-20.35476015227312
-22.795794734053274
-24.15619950646272
-24.239229150398167
-22.932525671604868
-20.22834186207175
-16.233925548738718
-11.171700446608028
-5.366884733682752
0.7789735406848283
6.825780408057699
12.33725930304766
16.920988123114626
20.263294449386834
22.158775918670752
22.530943759131365
21.437757814322044
19.059676998070834
15.673913248058174
11.62102252202901
7.2681008164993415
2.9699373189854716
-0.9696459880670991
-4.3297706014217905
-6.9896310077190495
-8.926344298580196
-10.195899427390156
-10.905082240710826
-11.182171036679954
-11.149835394485951
-10.901443834864363
-10.48421640194181
-9.894792345784754
-9.08982003672969
-8.007047132756076
-6.588364823802948
-4.800064148138915
-2.6510301320213574
-0.20796534188863547
2.398979661349177
4.986413298664148
7.342525493482592
9.258958791952653
10.561502541928093
11.134500628981987
10.937372239110411
10.0124137284421
8.481033894813987
6.525869627477419
4.361689160954264
2.203038102550649
0.23541553331098522
-1.407203020443136
-2.6560864061990785
-3.5085971309368587
-4.014326283686949
-4.251233127086514
-4.301183486950146
-4.232880852685065
-4.094989682433571
-3.917521696533622
-3.7170676252032235
-3.501661047154024
-3.273387591808777
-3.028891951488062
-2.758680170914105
-2.446862299269137
-2.0733692645058817
-1.619268896997728
-1.0737115467772462
-0.44030311621401813
0.2587667748865633
0.9819293426654073
1.6716915058748723
2.263228723908181
2.6976330975327185
2.93546309202445
2.964095735207457
2.797467175396053
2.473698601790841
2.0545651164247873
1.62360961857981
1.2778147059809848
1.1123897152266367
1.2025559460037432
1.5866924591637033
2.2535938326943508
3.1355088047983606
4.108606808953748
5.00246041964642
5.61861768065171
5.755450473911806
5.23547503295241
3.933557912080528
1.8049467573157734
-1.0914585447056433
-4.581714302574941
-8.382648179321881
-12.125797598020059
-15.395757484765488
-17.777216804827635
-18.906539680439998
-18.52481062514411
-16.526599603603927
-12.99454621916547
-8.20726507233531
-2.609597013342615
3.2565744247114767
8.847837195203596
13.716471670123013
17.58213905340427
20.357227160670597
22.119610355763143
23.043063469067942
23.30633897969772
23.006455762323625
22.100185526265665
20.390500371278367
17.56631430237135
13.291302709640938
7.319344707584013
-0.39451687621626697
-9.612665807565548
-19.781807885415112
-30.06002277159051
-39.400887719109626
-46.67978692661856
-50.84510897626982
-51.074536510607786
-46.9123324224489
-38.36290862226207
-25.92205123444363
-10.54098471834929
6.467705575033146
23.56822986133807
39.16848212656754
51.79641389663417
60.263771390477714
63.79609910401334
62.11189146774977
55.441191604683695
44.484200911354044
30.319959405164067
14.280462398326138
-2.1935454674055888
-17.699613238311525
-31.00824320035378
-41.170984758108446
-47.59188644276926
-50.05821285727616
-48.730614153294894
-44.09569623032076
-36.88733591866699
-27.985889257132396
-18.306919400662654
-8.695198032293135
0.15910874272905193
7.771166057248515
13.876178313389138
18.41106375870365
21.471394321874964
23.255010363262397
24.00301639187169
23.9470530980502
23.26981887309771
22.0831523988348
20.425226635809313
18.275010703376843
15.578758919624239
12.282423788198662
8.364489196050812
3.8640260412647662
-1.0999129597517388
-6.320067555387459
-11.506455617601036
-16.307164994660166
-20.343565626589942
-23.256443907119618
-24.755864679413936
-24.664610947417945
-22.94678168962889
-19.717861460080428
-15.236275212635523
-9.878014482025957
-4.096484261146827
1.6280443221713599
6.84156653953684
11.164170506059925
14.327356923715737
16.196862761471568
16.777964141602254
16.203306288713062
14.706209604336783
12.583210297524658
10.149919808851072
7.696048741678843
5.44718965426947
3.539618820257484
2.0110726657956928
0.808442842787715
-0.18826224554171236
-1.129583783428812
-2.1554568733714206
-3.358478546563142
-4.759387781323994
-6.29891143593365
-7.846733004917575
-9.225634188011638
-10.245510138457943
-10.73884093254259
-10.58950469794812
-9.750841612213065
-8.252128918841228
-6.1932558854514035
-3.729392184517994
-1.0508301555045216
1.6375896214205956
4.1369882402195515
6.27466638331993
7.9204991135795995
8.995502531613003
9.472165820763628
9.36891975491586
8.741261235069032
7.67195700162117
6.261961568859619
4.6215014045533565
2.8609530195130186
1.083710089390065
-0.6171720434028531
-2.159453166453237
-3.4706658759161804
-4.486952617596085
-5.1545522663130185
-5.43552198801365
-5.315467013453383
-4.809695835690902
-3.965975441163525
-2.8638287324519562
-1.6106442640145011
-0.33367806791795446
0.8326075840713096
1.7600017225504683
2.335752446560479
2.4697727112073578
2.106697349692464
1.243746260791368
-0.05157954765542518
-1.6316875824060288
-3.274238509199639
-4.706116331747991
-5.642817055919828
-5.836537145554903
-5.125445346873063
-3.474604817079263
-0.9981681473528144
2.044322985391862
5.278909587932526
8.270821359060731
10.591231034463206
11.884352955606206
11.92200385187009
10.637694132474628
8.13766834184189
4.687651559747302
0.6766292905242205
-3.4351256634671796
-7.175021337870227
-10.117997745848776
-11.940616912522945
-12.461655022519581
-11.663987525294438
-9.694281003170602
-6.838640375842259
-3.4787741565377504
-0.03841765357326316
3.0724692717261677
5.511149963093766
7.046669055704671
7.586921787485684
7.1822714886780865
6.005681396009867
4.314720400339519
2.4036535085426185
0.5545791351092307
-1.0042689273068386
-2.1269887969864394
-2.7613623679485277
-2.9419416300699996
-2.767809016106225
-2.371392778521429
-1.8858389915635723
-1.41800959800834
-1.031955044479689
-0.7436633244983033
-0.5250559256225033
-0.31521129583507906
-0.03734006296440733
0.3803700051170963
0.9829525420537705
1.7707552315415118
2.6915292240337836
3.645671131474345
4.50178643176189
5.116651111788744
5.355580807259154
5.112099727122379
4.326135679805298
2.9985771331916578
1.1989746809690751
-0.9363807593394063
-3.2167029337151676
-5.418345724368414
-7.314289322085261
-8.706639595270374
-9.453163791059072
-9.482729498887899
-8.803188953604398
-7.505057412625263
-5.7566301508598405
-3.7840922069408482
-1.8351045304194746
-0.1303539565817162
1.1863213330499776
2.0850588876410794
2.663561730664589
3.1331645324140696
3.778003963660068
4.891636214384304
6.700664534481166
9.289750631989794
12.544187978326187
16.124428504951087
19.482556773897695
21.924429716976285
22.712125282550627
21.19092085586503
16.9188490726634
9.776989031109014
0.04171773324188998
-11.59509920175021
-24.06553175232339
-36.025699841045736
-46.00958029569334
-52.617890062950316
-54.714241884302915
-51.59991766079286
-43.14196207189771
-29.83263316255521
-12.765974581987788
6.4684156264590245
25.96037930714281
43.70027698982422
57.81793365789396
66.80816534421425
69.71339319246499
66.23939494738636
56.78770217646153
42.39954860115549
24.62099707616485
5.3102086465661715
-13.58701321428343
-30.263911810987114
-43.25131680619469
-51.56463186946803
-54.78629562840688
-53.07647490047291
-47.11012269777216
-37.95028261632569
-26.88043186250375
-15.224658899091004
-4.182597304506244
5.300406486503961
12.614920509689968
17.5148489954608
20.09140552825388
20.701971522154892
19.870404101364674
18.179621320899912
16.173714543118944
14.280491476694241
12.762026359161643
11.697875230720841
11.000309980346888
10.455742363034325
9.783542311729924
8.701993954148403
6.990315467328016
4.536456188336114
1.3636038173396356
-2.3676314220040697
-6.380293093009589
-10.320023454390322
-13.804601576152367
-16.477935316495824
-18.062382108338337
-18.40115988046423
-17.481812375745374
-15.434891804515884
-12.508946149285778
-9.029066881463033
-5.347511988107583
-1.7936729566227383
1.3695880335777688
3.976688607378678
5.972685245330389
7.407048751272866
8.407759619743931
9.139240097000235
9.753021755302687
10.343862270734826
10.922730776444574
11.412000759641984
11.661642625045586
11.482106318646249
10.688122810393004
9.144825366116278
6.806471040441556
3.7404907177307765
0.1317519018347776
-3.735629563667362
-7.515682773568845
-10.8488628746133
-13.412670831296849
-14.967029525537582
-15.386752555903747
-14.675048574619414
-12.955656307193346
-10.444942040369163
-7.410757149485259
-4.131444285236949
-0.8672951991012494
2.15374121054916
4.742301330075661
6.752827233625557
8.09326763035945
8.73903217002179
8.742422638889206
8.228078389430959
7.372298598647467
6.370264051827205
5.398358387068533
4.580556413029678
3.9675634703793214
3.534359572511356
3.194535371214197
2.8212321329781216
2.2635213702469668
1.3562210350696948
-0.06780759548229148
-2.1506147838325127
-4.96229901512136
-8.44090025275443
-12.335252884869213
-16.17345533405882
-19.28039696821006
-20.858015737039516
-20.123619095587028
-16.482784462684943
-9.700533366189294
-0.03161778605833693
11.721833403392017
24.244909204305113
35.84342168464244
44.66672785183027
48.99095972048772
47.51827869953311
39.640331113087846
25.615064426855565
6.617499533679411
-15.352980769666763
-37.69971082862018
-57.55854967166333
-72.18525670682915
-79.34787994429064
-77.66690176478882
-66.84821204806573
-47.76728697209407
-22.385380500362277
6.492099824724246
35.575519333322845
61.51258118316793
81.31216265497704
92.71538837189583
94.46711532293432
86.45425619833215
69.6956912289445
46.1895196000865
18.64226865082364
-9.881000819342361
-36.33674828308932
-58.06140719179616
-73.06279611185097
-80.21141031366824
-79.3143159489216
-71.07134162271682
-56.92780574807406
-38.8493556633875
-19.052456440586557
0.273253233198829
17.216415161543775
30.340389053183102
38.80555301487935
42.40891248865666
41.54098526621908
37.06962416968577
30.17168944333166
22.140856359237247
14.200848889349583
7.349396981386466
2.2507851745892493
-0.8141444357009935
-1.9404063295653358
-1.540172863421016
-0.24370397240635705
1.2244828491802053
2.1738903437582566
2.0612447976147377
0.5743655694199045
-2.3230526010096675
-6.390816915174425
-11.154197046351204
-15.98090975802035
-20.181000384901218
-23.113938543679026
-24.286733426204425
-23.428802210468476
-20.53156630783103
-15.845752003048364
-9.838267736915203
-3.1183689438033424
3.6529665071386876
9.854225428994152
14.97968917849102
18.690536322617916
20.836337230044848
21.44777856223066
20.706131085391906
18.897006410149846
16.355759941617833
13.412730533875287
10.34723897911971
7.357374953418967
4.549046959870636
1.9437330819483007
-0.4991173100254485
-2.850599303470333
-5.177832525123528
-7.513137734302263
-9.833526621380042
-12.054814738291823
-14.040147724515256
-15.61893869748081
-16.612037700597234
-16.859604002331437
-16.246890694752086
-14.72317988352436
-12.311683842115738
-9.110389009666795
-5.285221048730797
-1.0576851331924084
3.312041463553871
7.546503957968064
11.375260144105274
14.559026961575185
16.910141571078945
18.304962457808564
18.685769210341068
18.055429631074073
16.470499302946685
14.03462399459251
10.891073662448557
7.214387864295709
3.2023730468411697
-0.9310545464763976
-4.9629796274850175
-8.670114719024383
-11.840343765586418
-14.287393969119242
-15.866648460137343
-16.488310219759622
-16.1253625621873
-14.816486945648407
-12.664187755760011
-9.827455744380265
-6.509593599619062
-2.943120415317692
0.627002561613876
3.9614013505375256
6.844602715137643
9.1013433642393
10.608897083523287
11.30556257329743
11.195146646178733
10.344959345016493
8.876525994743528
6.952107401079004
4.759653304654233
2.496459018855577
0.3522912130931075
-1.506344019877371
-2.9496366966240104
-3.8946511506154686
-4.311688578125876
-4.227103413196929
-3.7217013652319566
-2.921734429284339
-1.9805277846006926
-1.053302387681805
-0.27211875437291433
0.27136151627125066
0.5312124898273134
0.5024604658810945
0.21235743740507732
-0.28663571594908704
-0.9218079643945134
-1.606720020722943
-2.250743114599139
-2.7692968862371212
-3.0927281428654094
-3.173436202038442
-2.990552752552112
-2.551365202960639
-1.889762602367323
-1.0619228365497089
-0.13845119346623672
0.8068614722625229
1.7088235495793844
2.5194624427007892
3.211419871153686
3.775744379222833
4.2149472412320845
4.533784559577622
4.730804230336206
4.792659870894762
4.6923921493226946
4.392611321153351
3.8531674520881722
3.040930619373036
1.939445578171684
0.5585800373626468
-1.0554453715468801
-2.8127555741414487
-4.580449352181767
-6.193704977961757
-7.4761877816777105
-8.266339046278251
-8.443986889637664
-7.950883115728096
-6.801673675901279
-5.085834496809905
-2.9615208609616217
-0.6399022058718487
1.6410745624175693
3.650031159152226
5.195534228271613
6.152666938652714
6.47797781564173
6.2107980874888
5.462351192138331
4.395688469182894
3.1992769668731382
2.057891014929064
1.125417329768592
0.5030124259829092
0.22508757879184385
0.2565426836910743
0.5034272607138633
0.8337011172361707
1.1011241578753086
1.1680340986625941
0.9263634497884911
0.31546679800672817
-0.6661721457520571
-1.9571240510502237
-3.4373120745436894
-4.940099984313502
-6.271569975448045
-7.235810820564942
-7.663049649662725
-7.435224230188822
-6.504279976287895
-4.901275370402533
-2.736182611301139
-0.1886887546600288
2.5097748283340433
5.101790596991494
7.334042724599803
8.986529776299433
9.896559527624234
9.974781529299374
9.212360312149737
7.680711053052372
5.525015595802243
2.9503891877465027
0.20039316926702125
-2.4687948325481117
-4.814231274793777
-6.6294396503025705
-7.763628232168578
-8.135912942131425
-7.743326080013753
-6.660986838810153
-5.033897768819756
-3.06141298440485
-0.9755588787310313
0.9853876629641166
2.6054394232660405
3.7185178174377054
4.231966186352085
4.141132384380439
3.5290968808982637
2.548645367254209
1.390367702372854
0.24647771164233484
-0.7197191993399588
-1.3932036024315089
-1.715273407947804
-1.6830328601478695
-1.3429793108877743
-0.7798631064012892
-0.1012755528627097
0.5812186176292884
1.1715739202801676
1.6036806951911087
1.845644044660302
1.894318340771267
1.7654269094118287
1.4849285490589268
1.0842686010007654
0.5984623500730815
0.06431936562894575
-0.4818477595550369
-1.0049046683879181
-1.4689270177345721
-1.8355781840796315
-2.06725912920847
-2.1356924315142063
-2.0312516568681125
-1.7673473459700169
-1.3784612242869725
-0.9140716430440774
-0.4304078416315727
0.018460357209936013
0.387929886132352
0.6475188141266869
0.7837724470725104
0.8020818300974707
0.7271200229698545
0.6008524058559319
0.47616119234937904
0.4054525165264442
0.4274766848234463
0.5575227347562304
0.7840100364218106
1.0712324743306723
1.3666538863812303
1.611365750469435
1.7521685428574048
1.7527714465366517
1.6006049662647395
1.306044524826552
0.8941472012239061
0.393665452718933
-0.1709656527734278
-0.7824809217020512
-1.4290319622195404
-2.0979999861725145
-2.7658601373271448
-3.387994273344861
-3.894748273702152
-4.19743252281094
-4.203370061869345
-3.8368659206689
-3.0618673751850687
-1.9000264039172887
-0.43752318061614404
1.1822467786724857
2.7786044999219293
4.163032836550073
5.173396001771464
5.704413806258433
5.7249474677540295
5.277629649078773
4.462780802312325
3.412374996870072
2.261185623539979
1.1220565544822059
0.07070585960577244
-0.8577176543276926
-1.6616114767171997
-2.3582644810553304
-2.9655954816459764
-3.4867443108281075
-3.903664282421197
-4.181101476390543
-4.277853498779903
-4.160769816527686
-3.8172391901483924
-3.262673133279924
-2.540776082300261
-1.7168852240041326
-0.8667062305690378
-0.06203835292907073
0.6448258533194332
1.2330783734162496
1.7169145324925268
2.140585350125325
2.566472666824018
3.056270357756299
3.6479768812411373
4.335447305312853
5.057266446498343
5.699063185438192
6.109867977196377
6.12925588345354
5.61970589048672
4.497829948603142
2.758351841262367
0.48684228313853434
-2.140749193141754
-4.873796281422401
-7.418546577568147
-9.480777714867466
-10.810119104483977
-11.236933453960534
-10.696040089716062
-9.234512148097865
-7.003326096260527
-4.235363943307227
-1.2136831895533176
1.7658871313662368
4.432819042090533
6.574064050886443
8.053960058495457
8.818738031199297
8.88763320920403
8.336278398343403
7.2784330923333
5.850422793188056
4.19965228892764
2.4753176346471855
0.819167546908305
-0.6435409381560667
-1.8118146293588322
-2.6149931939611335
-3.017143400683871
-3.0204912326203
-2.6687109264682585
-2.048689275981833
-1.286854416551974
-0.5368289740783371
0.040820580366249165
0.3020067545195919
0.1407374252257658
-0.4930063840440958
-1.5795450270090445
-3.0226171578191487
-4.653882563659751
-6.250834086237519
-7.565431265023315
-8.357904962399267
-8.42981792539363
-7.65152750182766
-5.981504530072033
-3.477254921954854
-0.2969555938991231
3.31144413267968
7.0351708529705475
10.531234429901227
13.463485246761463
15.537553762599277
16.53177365630256
16.32135186967062
14.891539927637652
12.337426158321673
8.851861365819817
4.704655416670807
0.21591345432437534
-4.273705006814125
-8.43365775675965
-11.973045442352841
-14.665506097302217
-16.366095700042372
-17.018473816496385
-16.652020886734633
-15.37004611499476
-13.33092375281464
-10.724229698324287
-7.746916588860918
-4.586245630520587
-1.4127646699530896
1.6168411903145459
4.350575316068417
6.635604008325295
8.32872464500759
9.32793827828516
9.617756782164902
9.308842402470487
8.648952566135687
7.992626410668693
7.733174628610871
8.210473771825296
9.612000354272682
11.888531284135407
14.709322074355148
17.47630104625288
19.400980043308248
19.632261685975493
17.4150584817568
12.253305622138868
4.045708515173676
-6.833970484325757
-19.528143098135352
-32.76238334026213
-44.98401442713184
-54.55767098212509
-59.99004583005793
-60.14852079009049
-54.440760081052765
-42.929779357639624
-26.3673378536999
-6.13769859684409
15.88498066275392
37.548169594223985
56.6707868821011
71.29618734385492
79.91692191340115
81.64477432310481
76.3050690932354
64.44461969081372
47.25611295471109
26.43246646120244
3.9708731197347387
-18.050279396567433
-37.69535435967295
-53.36782320102643
-63.95371511159121
-68.89765219960357
-68.21066884055115
-62.41862653162573
-52.4631491250619
-39.56760885198015
-25.084615243241995
-10.346704546246206
3.46023789572636
15.391230761434853
24.80190850143037
31.37160036776955
35.08765459560318
36.19468940716786
35.12014344807817
32.39047502199636
28.55051453814879
24.095819866218516
19.425327544102906
14.816988068084637
10.423835851374491
6.287256869612494
2.366767759829089
-1.416633505299752
-5.132981761990675
-8.802993295345445
-12.372551847048507
-15.706176117163741
-18.600180478058558
-20.812280042120022
-22.10216999238828
-22.276574232350047
-21.230394842576693
-18.97445131485471
-15.642813691245603
-11.47856161207697
-6.802368733871163
-1.9713131521009943
2.664074995558953
6.797986407231908
10.198229995808097
12.722433448163075
14.320114309371133
15.022805014824876
14.926497227546415
14.170514968842372
12.91637182425657
11.329151966138074
9.562593550601349
7.748340382714927
5.989086740675593
4.35406147257978
2.8752477950250066
1.5451866693527514
0.31964888730409735
-0.8727892111693568
-2.1158555940087975
-3.488109763142009
-5.043776828500865
-6.792526687245667
-8.682256150168648
-10.5916381453562
-12.336918912948883
-13.692945904885875
-14.425630473937561
-14.330838789793665
-13.272734674623404
-11.214698651558654
-8.236634436299312
-4.533219227599123
-0.39180810755602075
3.8446097805444523
7.820643262423601
11.21094227214551
13.757598001894738
15.298518964468382
15.782384882504374
15.267389681094775
13.903938145566501
11.904510622470866
9.506842816364822
6.93806925654427
4.386365696275252
1.983581784114085
-0.20055760303044395
-2.1530527512191626
-3.901926387158412
-5.493624672651476
-6.969038205772428
-8.342835300685062
-9.58941686319109
-10.638279370476981
-11.38026477022348
-11.684108815802716
-11.42110490686306
-10.494453366980542
-8.868299710857725
-6.589884914562061
-3.798300617214987
-0.7159710381551151
2.3772065253398638
5.183508659919832
7.434196871843961
8.934898924160992
9.600351101557788
9.470193911952984
8.700644102757897
7.531961063194028
6.237438540598061
5.0652828064711555
4.1880443163159935
3.6719999725002643
3.4717370573229482
3.4482029506163765
3.4042461079769186
3.129117577975685
2.442811653395688
1.233250052239913
-0.5179500349713285
-2.7242962914188875
-5.200784702641345
-7.68859070380317
-9.89381269526967
-11.531809834463797
-12.368971298459018
-12.256666920012393
-11.15419087130572
-9.13753626227587
-6.390565941920239
-3.178823552846012
0.1872464365272517
3.391407061830653
6.1488790352911735
8.239536925368052
9.533067880630247
10.000833550271272
9.711209432321917
8.810157110261969
7.4925474478358165
5.96975674779333
4.4381176025554785
3.0519904977607415
1.9042609070339038
1.0178928186207556
0.35185780496577435
-0.18038473392508228
-0.6861625086845209
-1.2683180743941518
-2.002942017693173
-2.922017875570342
-4.002059581502002
-5.1612700289792075
-6.2684900128728085
-7.163571660066862
-7.684073780809721
-7.692336730951001
-7.099495936274201
-5.884238364380894
-4.102653166582943
-1.8859514101457795
0.5731316765973211
3.04197111336309
5.275092113236185
7.043758947791563
8.164069549771735
8.519705322298732
8.076535138065305
6.8876259783444596
5.088461146651398
2.8822789177649524
0.5163481609571968
-1.7467785359142503
-3.657525068853826
-5.004617238326148
-5.6380897295088825
-5.489051936228468
-4.581577363660285
-3.0321333630407485
-1.036940767090904
1.1485378628826215
3.2356785488234516
4.934684178787906
5.990430569341336
6.2168664976524886
5.525659330249983
3.9459477645996923
1.630451738166006
-1.156317636746062
-4.0679542141998155
-6.720845507995289
-8.747820552572426
-9.852671244246611
-9.85717943184072
-8.732891803733784
-6.6099646462776755
-3.7581888218745925
-0.5425911053004581
2.6361775257881286
5.4032869553595075
7.462214305470489
8.631624956679985
8.862392587321818
8.23312255821887
6.926483582069513
5.192167547350508
3.3045834888515344
1.522472078759761
0.05377171826456373
-0.9714448441754686
-1.514781185812956
-1.627785440254207
-1.4376868495529909
-1.1230707873501473
-0.8803626114202051
-0.8854686935758069
-1.2578738128917553
-2.0335170589178846
-3.151950081411919
-4.461840851993546
-5.743827095819891
-6.745383462541578
-7.22221404438421
-6.980776662620355
-5.915410149198276
-4.034279605810454
-1.469999485468371
1.5286192933267042
4.624818666380254
7.438389757299643
9.599720625779781
10.806289212333413
10.8732495240895
9.768239837703137
7.622258456585428
4.713322061999783
1.4248591691701264
-1.8143319355608132
-4.597141177919296
-6.5989440307292
-7.621792666739795
-7.6169639310692885
-6.684614357715789
-5.051326393955097
-3.028928706875436
-0.9615084846975569
0.8299661732829868
2.096033172318327
2.69289956719615
2.59782214585413
1.904043329845245
0.7976438531761463
-0.47779605275960874
-1.6622443704568783
-2.5202601681412053
-2.8765292027036766
-2.6411785216921526
-1.8216565230665753
-0.5196560033109613
1.0858362566816468
2.7657686331590114
4.273813934142546
5.379803494999574
5.899886130043093
5.7208919982475495
4.816512525105189
3.253425989720963
1.1870497725173073
-1.1533083069254975
-3.490314485022684
-5.533609159379556
-7.018845477754042
-7.744151049279339
-7.598345956652015
-6.577402208036966
-4.786674808619934
-2.4274083080493014
0.2307234414485563
2.885632251375823
5.240575965543081
7.037984325668968
8.086554840388231
8.280785324043789
7.6115288446064335
6.165612592040616
4.11384241695932
1.6886799427843227
-0.8453902147395783
-3.224736737912566
-5.218101659003332
-6.651831115771012
-7.42493708448485
-7.5127461458550275
-6.960335391081152
-5.868466245134867
-4.375297036152695
-2.6368520439455607
-0.8088265288127892
0.968285353887367
2.5796139087625347
3.940776273541854
4.996211411453263
5.712260783085407
6.06899159935605
6.05512528644533
5.668199600930078
4.918861032749701
3.836134408536158
2.4710057793072053
0.8976712542083813
-0.7870645751242586
-2.4666265643160346
-4.0110807192392866
-5.287094592004415
-6.169321194633585
-6.551602122017259
-6.358812169055422
-5.560642772672958
-4.185752090741282
-2.331539463423733
-0.16479990137628334
2.0891265159491295
4.168762086166788
5.807908969648745
6.771402295234686
6.891087797212331
6.098556358633772
4.448708049947991
2.126412651291104
-0.5689792685007596
-3.261757333677765
-5.5557352135574245
-7.097845077149306
-7.636996388545468
-7.066972717194967
-5.445561404895392
-2.9871316625563233
-0.03111110843127857
3.0078795305190447
5.700809940179429
7.666940528003427
8.628405939460997
8.44842115859457
7.149340748199292
4.909843590436547
2.0405931561200883
-1.0604175144666064
-3.9662387069586567
-6.282962981904382
-7.706206793733924
-8.064477209111542
-7.342461217592921
-5.679779077629509
-3.345499814868524
-0.6934215809838308
1.893215520774695
4.057399898528927
5.516171787578339
6.095647613527493
5.750326577185711
4.565353223288082
2.7417916330894916
0.5657950911222341
-1.6349896353215778
-3.540619737809753
-4.885209721833791
-5.4936746934138645
-5.304084475204816
-4.372687943430561
-2.8611578323889733
-1.008583561221264
0.906926950836764
2.6113811349318707
3.8767225254330477
4.5543074841991045
4.593603621306042
4.043659609531597
3.039640992472534
1.7784667794096343
0.4871560834066524
-0.6116641318058519
-1.3318010740177695
-1.5500560931384082
-1.226223317464582
-0.4136082839841267
0.7441927468925588
2.0322723055086156
3.19755349707386
3.989747144221488
4.200054399006568
3.6907293013586866
2.4149849999926776
0.4269206575920364
-2.121518024333427
-4.9975877194223735
-7.916806563111821
-10.58022889199312
-12.711608048938263
-14.083220622762756
-14.524810340908358
-13.918738313534488
-12.188488112879075
-9.28914038570968
-5.2096372194505
0.005394525414532809
6.214823839321647
13.13406565644486
20.302765197659554
27.085257823587487
32.712032369086494
36.35985783556325
37.26066623162054
34.82493516836843
28.761034718938205
19.167365703617655
6.575617373428142
-8.066061654161972
-23.46887705720975
-38.129140356524786
-50.49014541040269
-59.12239421146112
-62.901026480725115
-61.156915738110236
-53.77849820912656
-41.24777788222161
-24.60469058448833
-5.344393897906899
14.739984303378575
33.750526847334015
49.89096952508047
61.66211041937053
68.02274406153083
68.49597660757502
63.206905484429505
52.84775117945219
38.5787550562169
21.88146173175906
4.3834627789939535
-12.324811189307606
-26.858039269749774
-38.1663577132164
-45.61316150886494
-48.99564569485207
-48.51202345751607
-44.686569289180966
-38.26887504950187
-30.123913598622952
-21.126248862704454
-12.069228240011062
-3.5977400146160456
3.8304940111305017
9.954226075056757
14.691487106395979
18.10154462993811
20.33405079010907
21.576204431588064
22.008568748259968
21.77542852747107
20.97095308886906
19.640073229578324
17.791137573208218
15.416554652610113
12.517390073473237
9.126906057622401
5.3279032144881135
1.2601424183003125
-2.8840357653761903
-6.875171805310647
-10.470214204902984
-13.441028138353495
-15.604892615176757
-16.851882520535675
-17.16202176139634
-16.606704342363805
-15.333683018777139
-13.539196198665284
-11.43271108396127
-9.200794434278697
-6.9773841824622655
-4.8268604073919406
-2.7434222599685936
-0.666629811205466
1.4901511352514716
3.804058179058592
6.307133278619094
8.958571077374986
11.631819401342062
14.12131284094926
16.168725364135405
17.503188351523224
17.88752095084371
17.16199793051603
15.27676615550662
12.305621528508555
8.4381736104028
3.953249136954855
-0.817830013960501
-5.527956144143164
-9.845462112615346
-13.479541034657718
-16.200483822709
-17.854337095778323
-18.371066734283605
-17.76515809647003
-16.12827512450926
-13.615337344550992
-10.426808802699117
-6.7905561830503425
-2.9464122701736164
0.8652525747623666
4.412608608821133
7.482318298992615
9.892827221331059
11.511147908722725
12.26981869988757
12.17816910357642
11.323197040698249
9.85883727170448
7.9850476374384645
5.920056072104673
3.870620734634256
2.005066171347952
0.43300666555371625
-0.8044800260581185
-1.7312733432661382
-2.4191682740879474
-2.961259322896728
-3.4429909476372216
-3.919099979207975
-4.401639296828188
-4.859138306652222
-5.224547628682931
-5.410601416542971
-5.331083731210938
-4.923643843349627
-4.168148912939929
-3.0961270250284527
-1.7894362314818326
-0.36861954844931544
1.026236468116301
2.257804653065933
3.212555132071715
3.8167938095577374
4.045034336734183
3.918948671841062
3.4962697949039994
2.8523539297801266
2.06134917997234
1.1841296449117256
0.26584769520867374
-0.6581857567970871
-1.5513212782429397
-2.363093000085951
-3.020774211308495
-3.430522749848648
-3.490581052836071
-3.113508241636694
-2.2507420534518783
-0.9131046563599293
0.8168881854640915
2.7834556734434366
4.768483127862648
6.515470928851627
7.764717248866544
8.29502311458091
7.9638304956439345
6.735408702903098
4.689282714615178
2.0083700882713225
-1.0480875761987525
-4.180555484323642
-7.087657284028299
-9.500337311405847
-11.20710689196228
-12.068459912399767
-12.020434322009576
-11.06976283773478
-9.285125580070789
-6.788621597494972
-3.7490244340608228
-0.37502334905114026
3.0943695810827823
6.402128307545904
9.286195637693174
11.493121062632886
12.79417857249502
13.006318970661336
12.020303352269975
9.83390216412569
6.581024808012035
2.5471404574257948
-1.8342490364824735
-6.009573568487789
-9.364945144982965
-11.317542880986146
-11.423604108639925
-9.478585216674293
-5.586728847846245
-0.18481808093333332
5.98763591200457
11.972901103951408
16.727071267560476
19.28175887266312
18.908313436843414
15.255486731423042
8.43781569733692
-0.9391217517028366
-11.824182245379017
-22.837753461035966
-32.449443999706624
-39.19189740788338
-41.877971911556465
-39.78726244453163
-32.79272661497953
-21.406757459302813
-6.736699080998535
9.646524252867385
25.907862131359458
40.18532162016696
50.8291097445963
56.60853652232164
56.86022398964286
51.56039290253108
41.313226672732455
27.259361765176305
10.921350431774453
-5.9887236428644695
-21.772110767794906
-34.93221171394875
-44.329531429159125
-49.28722165038464
-49.6369862325354
-45.70250109036584
-38.22569922508528
-28.24908759187122
-16.972367149831225
-5.602802259877196
4.782014915525038
13.342744903975719
19.54707147608698
23.19419965755738
24.39705833984157
23.52876584558464
21.141920585521444
17.87115949297822
14.332934979795567
11.038585413400213
8.334002892523587
6.372149148685648
5.117655867806518
4.379302219342236
3.864400407112368
3.245673314143635
2.228082780266521
0.6040783979163475
-1.709777927367491
-4.657158286987821
-8.046866387775927
-11.576913312718897
-14.874862801774514
-17.548285926815744
-19.237029467235384
-19.6600442022716
-18.65172585067329
-16.184503370107876
-12.376189106448544
-7.481944906642232
-1.8716125116442124
4.005394432266522
9.664039292425787
14.631865671945498
18.49542137575383
20.938496842340832
21.768283668224125
20.928835575054404
18.502819262115523
14.702903112233527
9.854093367785692
4.368132776865475
-1.2888017169797592
-6.6332343784569
-11.203965158058953
-14.601759840787992
-16.52664304241953
-16.80930497532145
-15.433170433744031
-12.545225169107951
-8.453829740023787
-3.610236476539798
1.428902543244613
6.057683218102476
9.692066256173904
11.848050818726414
12.214830588048125
10.710466988026626
7.509499593977313
3.0336131711405305
-2.0978422716224427
-7.150524926720361
-11.37695332116983
-14.122322988846266
-14.920149887995859
-13.564987039948088
-10.150795522309458
-5.066580486356291
1.0519993607552258
7.408202123413695
13.154507636002423
17.511124882390018
19.87433734591586
19.898961078502733
17.544946875504667
13.084739429759239
7.0727165510347545
0.27880749289846585
-6.410790672644629
-12.117030983337285
-16.098294583625446
-17.86503660035034
-17.25756074463532
-14.47237358100376
-10.031497002940561
-4.69885195619768
0.6426992130659618
5.133704897266994
8.077206011444684
9.051653170702068
7.978396027960973
5.132392952070612
1.0946542913510162
-3.3448617890920103
-7.3167096487613
-10.012445255332846
-10.814422145609907
-9.395390372197395
-5.774181404739385
-0.3213308723008062
6.285675455086337
13.152319162909425
19.289682948081854
23.752143464827643
25.771494859521752
24.869067113270617
20.929034846447838
14.222135153821954
5.376679092831028
-4.70025356064279
-14.941325405735473
-24.258036186764183
-31.67701871439591
-36.45299703723503
-38.14221181517268
-36.62570791809153
-32.08416538638075
-24.9392755110938
-15.77959823609109
-5.285013786261564
5.837287562677329
16.894684843329973
27.227235123542027
36.20999233637983
43.25148343542047
47.79928186630888
49.36028332022752
47.53983586898823
42.10062827997037
33.03612318051528
20.643184507704795
5.57061298681139
-11.177660209871593
-28.29481475250857
-44.276576967951776
-57.5690693710982
-66.74242849135305
-70.6679262662938
-68.67219201619639
-60.64400251286117
-47.077609726146804
-29.04636935413802
-8.10842506598591
13.846300224260384
34.791496344590875
52.780257969552366
66.15516736531448
73.72575640921048
74.89108365651553
69.69366195227751
58.799767470734984
43.40979860408843
25.11178314234229
5.698380289053611
-13.030109640149444
-29.45445650646667
-42.29534442535389
-50.724332227977484
-54.415969633662634
-53.538367653170106
-48.68724440244573
-40.77499608566391
-30.892217790346947
-20.16318523155852
-9.615828345688984
-0.08143356518335418
7.867003095918094
13.935461557712253
18.091611747879075
20.515450969068606
21.527408909163427
21.50775053943446
20.821802120174326
19.76268967060258
18.51867283341029
17.16588609584075
15.68240693847415
13.978570726163865
11.937981296549413
9.461025010044809
6.500995242317279
3.085520488331434
-0.6787529742440449
-4.61634176226603
-8.504784102741747
-12.104336583711206
-15.189929257446769
-17.57824227742599
-19.14404989958794
-19.823814347105674
-19.608335155988748
-18.52940056628522
-16.646941830614825
-14.040620411985751
-10.80533632360456
-7.049516238870922
-2.8971778315276766
1.5061198845317731
5.98709761225317
10.343281553644076
14.3485393604033
17.765329421571806
20.36264236114442
21.93732436962082
22.334517963275136
21.463774431691068
19.31087026196339
15.947036053520948
11.53514020322475
6.32929110496906
0.6640916292763868
-5.067690467637713
-10.447926040579947
-15.073645974243936
-18.5998880721344
-20.77715052839891
-21.47669837180231
-20.700464506621323
-18.57537929064905
-15.334106030280218
-11.285993423116356
-6.7829405155722995
-2.1845375635430684
2.1736162815806113
6.004983817116125
9.08884423531166
11.27973867749024
12.511688747553334
12.797366382655305
12.220269497081565
10.919401040900818
9.070294288109432
6.868562519062353
4.519279386144703
2.229522586486466
0.19774650340972555
-1.4036717226646278
-2.4495651696951706
-2.880204140272763
-2.7128341812624934
-2.0458433074904185
-1.0540277512308374
0.027606839992940394
0.9319786633155616
1.3974959112968701
1.210659370641517
0.24741442091315047
-1.4946720533798372
-3.880068201890477
-6.637684992468572
-9.383173693648473
-11.662585543469445
-13.016146839176914
-13.054683933146134
-11.53599333159375
-8.425776979631063
-3.9282487011292297
1.5231413061629195
7.315949960122134
12.74280580238078
17.105426185450458
19.82076330024099
20.51107722357695
19.062411491983895
15.641901529501304
10.672258632611749
4.768139891351294
-1.3558581328305421
-6.989919255980543
-11.527304979591833
-14.540584757725174
-15.82712618172288
-15.419713521773694
-13.561816880798045
-10.653284018699251
-7.178178845501957
-3.6285370296979584
-0.4366961593017992
2.074849446778144
3.7227665080181
4.471902535916216
4.42496794837543
3.7941612944774845
2.858334712965015
1.9122728504617161
1.2167704612925414
0.9582047895272248
1.2234513071697803
1.9922097479279008
3.146182329121761
4.49193058557826
5.791826743291099
6.798179411912901
7.287724016237891
7.093522134795937
6.130539534136795
4.41153504565775
2.0502809086530576
-0.7494474338275817
-3.7182560514662146
-6.5566431567245065
-8.977024693983662
-10.743366519460064
-11.698405808996073
-11.77383324903946
-10.987378610976089
-9.435255844983493
-7.284803668577229
-4.765851571897846
-2.156020362557306
0.2466936849709218
2.1689988409221175
3.4212043938403207
3.956380109881217
3.9109347162981014
3.6066519953817626
3.5013619889494403
4.091008423794234
5.780964886102902
8.754997288020974
12.875693455581027
17.64564746574268
22.244738534146226
25.64265859798864
26.770681832412695
24.723558148961963
18.954871799661326
9.429392892001907
-3.29758791186165
-18.09320387486468
-33.35683936844573
-47.2143830712579
-57.76954382553928
-63.37520491426634
-62.88350207161312
-55.835407099709926
-42.55947916825388
-24.16253834702078
-2.4105320998457054
20.484520651034526
42.13913133409871
60.2925211729443
73.07797001451752
79.23472824709657
78.2342484844073
70.30989624382367
56.39532298732801
37.987211955980115
16.95407792480326
-4.682776290193775
-24.968577918839088
-42.20950053969902
-55.12175196286668
-62.922008502256894
-65.35536522292253
-62.66609424216339
-55.52231063788047
-44.90816474834801
-31.998137520951417
-18.028268744063304
-4.178169006622497
8.52582017678223
19.28130743421101
27.552580973314093
33.083629648391224
35.881422761074795
36.17437404589178
34.354566510696834
30.91251873095382
26.37169581398895
21.22849450675124
15.903586139356268
10.710930484726745
5.848094603505601
1.4062632162139856
-2.6055522012829915
-6.227974477743209
-9.5148506562202
-12.497853655885473
-15.159196947156179
-17.41943831561311
-19.143680654857576
-20.164705228285367
-20.317434930510036
-19.477061239509116
-17.59345703230233
-14.71503262134719
-10.996093787567476
-6.685379175275834
-2.0983063338094188
2.4217013636311306
6.545949455522038
9.99944766142514
12.5899343496079
14.223914835870278
14.90769840914689
14.732514418429306
13.84758684621003
12.429395734042458
10.654460267952704
8.67923769681541
6.628020884269652
4.588821357425748
2.6169435256119904
0.7448929196382792
-1.0041255502287179
-2.603118949259883
-4.0138056184520465
-5.188269754500104
-6.078491997207204
-6.6494038672736755
-6.891105498608933
-6.82637543604787
-6.511262391339467
-6.028875431424585
-5.477272584702252
-4.953412637414005
-4.536554286584562
-4.273196186393605
-4.16439393629919
-4.158546410472978
-4.1542503617596935
-4.015128866835266
-3.5946046891933534
-2.765698213905836
-1.4493491796273923
0.36439336061977856
2.605789840154835
5.127777193291601
7.722006818880373
10.145678097442017
12.153454149526771
13.528144437505528
14.104752933431207
13.785657394035626
12.548245063895122
10.446353611215901
7.605077763293212
4.208743562512901
0.4833095059459895
-3.3246212024627972
-6.969598377260339
-10.227357894466055
-12.910599540278609
-14.87850581511805
-16.039383531848216
-16.34737726973467
-15.795909807900188
-14.412014395498264
-12.254867432005987
-9.418898109241885
-6.039253092036986
-2.295209683462672
1.5938083598410415
5.382224631299422
8.820482341616117
11.681286656892832
13.784944695637629
15.018043251458458
15.341253331410291
14.786060471630975
13.442820686678237
11.442963630973487
8.939273681065485
6.089597779659329
3.0479936489061297
-0.036761279900981624
-3.0190450531755477
-5.7548253916365475
-8.102816964646797
-9.929715294411123
-11.121138711362834
-11.59724369692401
-11.327878222999749
-10.342534864149302
-8.733897745845878
-6.654264049885187
-4.302761627788635
-1.9032031044206017
0.3239998274563197
2.1910002139952405
3.5671849160904046
4.393174781680066
4.680983007157516
4.503211607389896
3.977258222948104
3.248193985193468
2.470698340160966
1.790507167460605
1.3272833858011783
1.160075401141762
1.3156517719973986
1.7619562777023767
2.4105823460401736
3.129958290688358
3.7669654614713264
4.172355312014431
4.225098065988989
3.851649701870129
3.0370400463162643
1.8256573924286468
0.31182511091089243
-1.3764304145738675
-3.095468200809523
-4.702530423139465
-6.068977039074642
-7.089027748970954
-7.68388411393491
-7.802941203387502
-7.424188876661429
-6.555146525871798
-5.234844941552649
-3.5359842327189126
-1.5652680666175294
0.5395684632553193
2.6168577978547267
4.493611838483737
6.004185139491602
7.011840058207863
7.427815013265617
7.224243350759645
6.439532427939103
5.175722061232871
3.5881556996747817
1.8680978890389472
0.219206639482431
-1.1696619480464552
-2.1515856767576116
-2.644150958396948
-2.6417692938784154
-2.2139689224956065
-1.4915962455041334
-0.6456098211778507
0.13877546393829843
0.690556832998731
0.8800790353461154
0.640448753854527
-0.019845808605607994
-1.0160182004048692
-2.199961581678092
-3.3851184335305438
-4.377230746375171
-5.0048915560197695
-5.145015586409506
-4.739305486943613
-3.80018029139743
-2.407259472445811
-0.6965985197237103
1.1551645235632397
2.9503608801991743
4.492627908959835
5.6106302550580125
6.180954931086862
6.146505573707845
5.525796415513961
4.410887466962766
2.955020562271125
1.3518335820755765
-0.1913823653060904
-1.4821987160773642
-2.3691857281176834
-2.7628202244091753
-2.6482061656074336
-2.0870266096972667
-1.2088220277461346
-0.1933243238001336
0.7551971098776553
1.439951702149392
1.7051218522239018
1.463572898204261
0.7126202450822587
-0.464145636103458
-1.9075769064886725
-3.4050479821031208
-4.722635884915196
-5.642717784011859
-5.999573846279062
-5.705583236084027
-4.76235104904341
-3.255917314233777
-1.3404535691472639
0.784349810597953
2.8986145110230983
4.787804364021243
6.266888391486644
7.200933606023248
7.51844354362661
7.2152524151685045
6.349852293289248
5.032494095326653
3.4108111280786795
1.6538303125728424
-0.06596169043411762
-1.5930831428642307
-2.8097738035279183
-3.651670981092556
-4.112983661625905
-4.23917814332551
-4.110056701737193
-3.8187099570210514
-3.451296779040372
-3.0711194964613227
-2.7096782826658954
-2.36664839358585
-2.018447072878266
-1.6317460197500282
-1.1767694875813914
-0.6369061193089027
-0.01418477661434575
0.6682101994293649
1.3659596889406371
2.0173987184262376
2.5524643532210773
2.9063602242115008
3.035114002940437
2.9284151365046944
2.61507077521208
2.1591632346173855
1.6487175530197862
1.1800164747200887
0.839485067364224
0.6845554044025483
0.7272100388827094
0.9262167081709087
1.1920179162979618
1.4033244314670585
1.4315165063852953
1.168001512473545
0.5490305503031537
-0.42702473150727127
-1.6936154757925472
-3.1228130084622028
-4.542682576242876
-5.760388545856995
-6.587880840840833
-6.868601732290289
-6.502015144797774
-5.461416512140001
-3.801640907405936
-1.6553797360368034
0.7810242334192042
3.2694153701864757
5.555872469553597
7.398726966671751
8.596554847686926
9.012395178804187
8.590026763656848
7.360316622046421
5.43780128829064
3.0091436499686344
0.3159922814472269
-2.366468476852436
-4.755657504560853
-6.591859857197439
-7.669790577821134
-7.86730871561809
-7.166583602322251
-5.662972606694314
-3.5577724173076795
-1.133545325102808
1.2851229188217652
3.378589019648827
4.878206590822273
5.603950924105823
5.488748527940992
4.586216716061312
3.0597720186090527
1.1549341741863748
-0.8392253223786899
-2.6330942373088697
-3.9784565838194728
-4.703254914328787
-4.7333970279892155
-4.098431879516992
-2.921122902813988
-1.3936143211485261
0.2552792844500402
1.7960625311050973
3.031733156268987
3.8229748021355547
4.1027507288188065
3.879957485994252
3.232734510103725
2.292701293095552
1.2226056102477865
0.1906584202467809
-0.6557800920991752
-1.214732379675044
-1.4476968111568471
-1.3851004464108807
-1.1162729336286028
-0.7667732254479364
-0.468947316324635
-0.33200375827546846
-0.41769088555850453
-0.727076248030029
-1.2017550976612013
-1.7382817646615591
-2.21042097556797
-2.4935216775078013
-2.4873740674131666
-2.1349311208442963
-1.4345584087552607
-0.44412037183810016
0.7243038795088682
1.919865794124928
2.9776803315038367
3.7485726186802624
4.126663258552791
4.067803878843087
3.594408144902973
2.7857950836114798
1.7578612198300165
0.6392698316599691
-0.4496309698614981
-1.4122975942942932
-2.1849942981423656
-2.7387310235405393
-3.0742656803292494
-3.212262560680303
-3.182124097041947
-3.0123475269917988
-2.7239883699899714
-2.3284182510515095
-1.829996297241731
-1.2325686005980951
-0.5467058046558401
0.20614760939280302
0.9948893491579909
1.7842481438423654
2.5405032816003144
3.2336872535526977
3.835933125600721
4.318163093531696
4.64701867564852
4.783056256736381
4.6807546472132096
4.290367342745254
3.56234308181558
2.45632365268805
0.9555628729355589
-0.9156809864168787
-3.076491657799916
-5.38051678837159
-7.618770209676623
-9.537233958146059
-10.86916621667
-11.377378200568359
-10.897630753240268
-9.372927245864075
-6.870837094179078
-3.5805312322552894
0.20955342956757494
4.149159684275401
7.871689519632734
11.039389138049616
13.38100764086855
14.7169178334589
14.969236895133896
14.157964979226147
12.387075965942604
9.824217575858313
6.676449250542565
3.1661587433134404
-0.4870118264718587
-4.075483644535216
-7.406712651208893
-10.304343022684664
-12.610942592325872
-14.193609672924993
-14.952101809666457
-14.828166831836546
-13.813784681043439
-11.955706101422294
-9.355626520957657
-6.168125582700403
-2.5979927743327695
1.1058559924584748
4.665658175113669
7.802027753235204
10.269039556347474
11.888278282370557
12.573265298863351
12.33966743141603
11.300392999129409
9.646341878516415
7.6154557549932385
5.455942024601174
3.3912889891961675
1.5929493201733045
0.16348298002199904
-0.8689463112165184
-1.5450000323739004
-1.9589102631515911
-2.2354973452522864
-2.502697609409214
-2.865236410655311
-3.3853943177343866
-4.074108472443057
-4.892431634974387
-5.7609209077165335
-6.574019246245475
-7.217804751954741
-7.58914095415027
-7.612194530462749
-7.248526919105548
-6.500361209854252
-5.410584774976592
-4.0634522571925915
-2.5848269271338755
-1.1354484094962283
0.10989054382053112
1.0013683305882424
1.4681697721395683
1.5729733396979602
1.5445660263322758
1.7678640430654629
2.7209451881407536
4.864827339119478
8.507295036902384
13.671623580548598
20.004190198577295
26.749857353528554
32.80961080920753
36.87798378128747
37.644143870179185
34.02817461128701
25.412625167432726
11.825195326709215
-5.964620059385843
-26.45820609387385
-47.556703059219785
-66.79443339716016
-81.64736095295882
-89.87446141871517
-89.84339220000963
-80.79190088441204
-62.9842901294731
-37.736325435881014
-7.300288860876346
25.377072949067152
56.99211159227386
84.2734686524921
104.37240945605186
115.2017853246417
115.6767991103133
105.82650540795211
86.76613166474283
60.53950579334134
29.85616082615183
-2.239865890536247
-32.72414177688202
-58.92129098165487
-78.76799865211163
-90.98168090858259
-95.12458272675993
-91.56818352755641
-81.37296822504982
-66.10532893095704
-47.618116300230646
-27.823633111988617
-8.486620928713098
8.939999136194285
23.421768666190612
34.385874608806496
41.702649747734064
45.61401129256538
46.62424143226675
45.37303612818311
42.51208093390775
38.6044126601364
34.05945299624307
29.108687777973692
23.8212975668008
18.15373614507082
12.020665389744197
5.370336366433444
-1.752030774241469
-9.16567199110327
-16.548100639019122
-23.46189895788337
-29.407535022961923
-33.89110060776522
-36.49551696322881
-36.94362789536723
-35.14208377554554
-31.199197233662236
-25.416133074135786
-18.254932922020405
-10.288792753521198
-2.141037380618351
5.580124950180959
12.343339903075771
17.74414024663875
21.536277307225852
23.641459604217037
24.139493926796707
23.24253147130731
21.256398720452715
18.533179734664014
15.421937988345055
12.224943971850898
9.16525003713104
6.3698618907318805
3.8703350834174985
1.6195751409528754
-0.4784299287147242
-2.531372850615047
-4.622056220825916
-6.780687430172657
-8.97070729152404
-11.089174177100224
-12.980649181292945
-14.46196878618418
-15.353416132912047
-15.509938815528766
-14.846090894588242
-13.351277405629506
-11.095007172060278
-8.22259329243446
-4.941124058243896
-1.495948441844795
1.8597704601363054
4.896966631452178
7.437363062443423
9.369714399061383
10.65365018104411
11.312835462887934
11.421406239917987
11.08704310264125
10.431789692375574
9.57122773836983
8.595065092365234
7.5540446169593585
6.456166359588181
5.271779976621197
3.945879257977302
2.416303994381073
0.6357535464619062
-1.406366567713288
-3.667164059480092
-6.042746787147742
-8.371994303602275
-10.450638152112806
-12.053733537133573
-12.966330532132979
-13.021033526813804
-12.134727144541234
-10.332742761749254
-7.753505754503102
-4.634585799806049
-1.2839768889081098
1.9599504921384576
4.774876494170662
6.9003328649202
8.175628469227028
8.562727040907657
8.148408916217731
7.124893059877387
5.752833362917172
4.313386391110713
3.0587541809030254
2.170935724823299
1.734856007363697
1.7292313963104524
2.0372657673254704
2.4754744681842467
2.834073813034611
2.9206220135744885
2.5989882717619643
1.8161915101906112
0.6114931689845008
-0.8936349381107673
-2.5212812648220524
-4.072066247084106
-5.361640577404735
-6.251420262264793
-6.667958048981106
-6.608531653128286
-6.134283348673508
-5.354082618224562
-4.401829457637257
-3.40997122821441
-2.4837344346369425
-1.682067865386266
-1.0104060654105127
-0.4266846032929555
0.14186296629739636
0.7755128187520428
1.5382267430288545
2.4594951634295126
3.5252711678874937
4.677737496907934
5.822837701165668
6.844282942838588
7.6209827528831005
8.043541575425941
8.026394170719339
7.514911998428804
6.489057332666885
4.965228244911194
2.9974495784404227
0.6788713368004332
-1.8570797675314736
-4.439141716518573
-6.8682411986100815
-8.936437468728773
-10.45172508595048
-11.26349083207955
-11.284319020490459
-10.504406907329548
-8.995001885467211
-6.899751804934441
-4.416200174800145
-1.7706403163190696
0.8110753895385387
3.1333341176670455
5.0550188193666346
6.501544811178583
7.462550674692004
7.9784500975023
8.12011364251281
7.9651834499698255
7.575782447887356
6.983544906197176
6.186131046418151
5.1561026815563915
3.8598557437683008
2.281358496507343
0.4440450053689867
-1.5749776460414424
-3.6428310843308567
-5.583233031957368
-7.201533945755923
-8.316231107811717
-8.789472002564324
-8.550709368940765
-7.609721907818375
-6.056888452903854
-4.051023317153685
-1.7979623196059542
0.4755536133412941
2.548701739618886
4.231035932252314
5.381933242671795
5.922835876329155
5.841429129332753
5.188754684255835
4.071326182384706
2.6400020784215537
1.0756235619042238
-0.4300767014422314
-1.6976055376774366
-2.582378140044341
-2.992955468833737
-2.90332393236506
-2.356719112648558
-1.4582176828361904
-0.3571788485898058
0.7762548313643711
1.7761680313488064
2.503543298191772
2.8639497329373524
2.8188531492693403
2.3896367486318053
1.6540403389978393
0.7347125477547826
-0.22078705890773673
-1.0665154934054377
-1.6849333726898867
-2.007246345785233
-2.0233997160892274
-1.780262107173037
-1.3690091426327136
-0.9054409629960118
-0.5075233966110086
-0.27339214818488194
-0.2634410001386813
-0.49081787268555543
-0.9221020217884914
-1.4857428102245467
-2.0848171669377806
-2.612151959433714
-2.965693265786546
-3.0610347237427327
-2.8393953489253043
-2.2714782202235146
-1.358148544444076
-0.12903570895625177
1.3593474079466035
3.024834153871266
4.760210760469342
6.434331647417263
7.895993795416304
8.983028866352006
9.537354592800554
9.42428357724623
8.553138538008533
6.895919919530484
4.500261008426158
1.4935398133211868
-1.9224083555772011
-5.485280190430157
-8.894605121502224
-11.840077958085855
-14.032747889186039
-15.239751199633947
-15.322946867393748
-14.271966669610743
-12.215973538277566
-9.405534437177414
-6.167635834506696
-2.844019157932892
0.27312226397881545
2.9933062305984923
5.257501577730123
7.140578397146271
8.823366554461485
10.534420223906812
12.471098569761127
14.719223724428955
17.193036736543633
19.612672039580772
21.527103873489924
22.379083839602327
21.599764092786565
18.716585467921693
13.457039372934567
5.831944192963084
-3.815722877877852
-14.806608824911951
-26.16935280585443
-36.73029228439997
-45.240147077456626
-50.52593065929086
-51.65176803579923
-48.066626282737545
-39.71404509914193
-27.08242127939446
-11.18395472795879
6.538120147622822
24.364406507935385
40.49778247330991
53.2786863874935
61.38706450967979
64.0040386864526
60.91184725826203
52.51624647032664
39.78575306399668
24.117590979933908
7.1537089861404
-9.42414296376272
-24.091942284228438
-35.64813703327681
-43.32537053475095
-46.83778776098065
-46.36326470402068
-42.469520874511495
-35.999986190445824
-27.93852958903825
-19.27221517988664
-10.869518852980848
-3.387935425234205
2.779580232470462
7.514164514758636
10.937225772122574
13.341653158637577
15.102309281180023
16.58212103907812
18.049672005431614
19.62144164751492
21.236629689440708
22.66666256699601
23.556802124008332
23.49343129762267
22.086600665119995
19.0547850046779
14.298711601691686
7.951007698728952
0.38866519568500807
-7.798569267744186
-15.879326573801
-23.077536478725442
-28.677901255839526
-32.12282635178287
-33.085824162978035
-31.51037245720159
-27.60957396549732
-21.82939570146517
-14.783223643520342
-7.167785958008294
0.3268734441891598
7.098849029472509
12.695168547038788
16.845393155116543
19.46632521756479
20.639611788596675
20.568039752291337
19.520646928144448
17.77823167875272
15.58825978902147
13.134925619019892
10.527949214614669
7.810228240092175
4.980287507423613
2.023491527410962
-1.0550378793205515
-4.203842519092247
-7.31128803822017
-10.207293504019784
-12.68056569007214
-14.508422189538202
-15.493612494186456
-15.501168134807783
-14.487613411662396
-12.515919113435743
-9.75341561810577
-6.454231302148992
-2.9309310816978336
0.4796595330347206
3.454379620261445
5.724116760630042
7.111693427756143
7.560224319708331
7.145966745873371
6.070783964407671
4.632544017393439
3.177539307285546
2.042785091173062
1.4974517275778978
1.6939494397992074
2.638701756004299
4.188087622527335
6.068147125644312
7.91268397530533
9.315572072194378
9.894126053684941
9.356385953241325
7.55938378596808
4.544579021644033
0.5426207158500195
-4.051957279205091
-8.730407518983704
-12.937438033997989
-16.150158109128714
-17.957739903648278
-18.126477865885605
-16.636426543435597
-13.683826955367989
-9.650035700237286
-5.0407551273944655
-0.4047511446887415
3.752082748220581
7.0404960388169675
9.237436182565869
10.304482646427893
10.373207135008496
9.702198093340856
8.61618131227264
7.4393914235091225
6.434868501275483
5.759789710853067
5.443549369843172
5.391497045038167
5.413437813202856
5.270986109323507
4.733967196328094
3.6355100103837787
1.9159867549492773
-0.353612492804888
-2.975155225820318
-5.653317106261856
-8.045580047950418
-9.82341785149944
-10.73405463089899
-10.649833413986121
-9.5942642030494
-7.741224802338425
-5.390674372210956
-2.926991994594422
-0.7653752529438513
0.7093598747207042
1.2057713042839402
0.5826524526001152
-1.1085322267608901
-3.604295132318368
-6.440413784281082
-8.996192106912744
-10.568962172214617
-10.473872802190789
-8.160115347584064
-3.3278314646297065
3.974968869266475
13.294932237801573
23.76870075309948
34.17851091906567
43.07050037995375
48.929304223336125
50.38975215788599
46.455936848856254
36.693170947439164
21.35970747445619
1.4528053685142979
-21.343652072877582
-44.80831883045524
-66.41288831905126
-83.60740671285832
-94.12696720750779
-96.28319152859798
-89.20322150230245
-72.9823151090132
-48.72609058490626
-18.472940828481065
14.99782111690816
48.45182851342577
78.54647350217552
102.19827383881146
116.92853630553589
121.14642882500159
114.33431201039208
97.1117098804419
71.16928972008557
39.07979695439037
4.008106007045205
-30.643674560949034
-61.610407370199354
-86.1093982361796
-102.11546960875562
-108.53705758439733
-105.28010363128908
-93.20062228638437
-73.9585430389436
-49.79492521682841
-23.262107429925674
3.059070142954774
26.821176971961858
46.12391233379881
59.6625407439889
66.80331575412879
67.58505345079021
62.65277985990435
53.13670748633091
40.49457196982604
26.335707842400907
12.243485285298396
-0.3883446888418908
-10.490469412301081
-17.41064857215635
-20.953815894189617
-21.364758985452408
-19.257024817105854
-15.500139031813857
-11.081936429949685
-6.964224681630285
-3.949455305321526
-2.5740625489121762
-3.0421319248321828
-5.2099398726544575
-8.624010172990822
-12.604439647533829
-16.35759432099643
-19.099835608101717
-20.174413957500448
-19.145800914134174
-15.85971856768364
-10.462687397856229
-3.381100775622954
4.734278176696443
13.088485349644625
20.83689180458333
27.18486766664049
31.481329307674528
33.29213586104965
32.44247445924969
29.025383563909656
23.379692229899405
16.04353004029943
7.69095643637727
-0.9409769034242633
-9.127957477353123
-16.22895802253372
-21.74240770595274
-25.340632252744925
-26.880517859311222
-26.394477717317105
-24.06852767605757
-20.213163426618497
-15.231566150517551
-9.588546093701888
-3.7798234408898286
1.702450836412626
6.410695452800572
9.986651821593028
12.201806023414793
12.983804057027875
12.422569753788542
10.755865401994015
8.338175268223406
5.597023303872856
2.9797997168443286
0.8949916857746272
-0.3462745619378925
-0.5805638940151547
0.17548205481057877
1.7202777973468275
3.6947137137771846
5.639855343477031
7.076467321075138
7.591926364675196
6.917408010640502
4.980678312499587
1.9249871174382596
-1.909022245196493
-6.034493310632281
-9.893293214056396
-12.94201574454637
-14.735137033102049
-14.993029718021146
-13.645257831331065
-10.842158402034652
-6.932334059723862
-2.4103421645849066
2.1556865945030608
6.204231533641054
9.25638772879761
10.977865457219245
11.219504256366289
10.031478412214671
7.650221143296615
4.460892077422626
0.9410507024496282
-2.406038246641144
-5.117956323975602
-6.829664393213307
-7.313945820462553
-6.504477837018429
-4.50218651336325
-1.5638127373702444
1.9288397782651447
5.516462638339776
8.719283712635603
11.094696824224487
12.288377736565128
12.07548110440725
10.390886221955428
7.345824975689552
3.2251714002828145
-1.539960131954389
-6.4243129337434395
-10.877592586796329
-14.39790865869385
-16.597030920125956
-17.247785576984164
-16.307535208027332
-13.915917154077805
-10.368484715472121
-6.070572719344289
-1.479098537379937
2.9575436166120146
6.852219855706619
9.917904925831605
11.988629517164084
13.02110667714498
13.078878430958333
12.303908440350547
10.88211844257037
9.009063916055934
6.8610719967845855
4.577017697320117
2.2549832901651303
-0.03613873825386992
-2.235883211502368
-4.271551037240763
-6.046671022866192
-7.443872164048806
-8.341307124204041
-8.637115578210862
-8.27537620886312
-7.2672282907687045
-5.701510449800873
-3.7415541700165553
-1.607976634988356
0.44963235725750467
2.187284932876467
3.4025419647946697
3.966867693658076
3.8482193994614584
3.1181620747715937
1.9409024149283889
0.5454798094805654
-0.8135921110219744
-1.8986556527964165
-2.5255353027334175
-2.5889368379366675
-2.0747867678743916
-1.059231138410055
0.3062181573392321
1.8223794434982836
3.277570464298281
4.481711748957998
5.2920977071995505
5.627611571790285
5.47154006931686
4.864807981135458
3.8923170243549565
2.6652865487672184
1.302270623648466
-0.08770884365418452
-1.4157095885238078
-2.6154101551696973
-3.640778474616914
-4.463660453339942
-5.072592320794794
-5.470504179409616
-5.669951531968997
-5.687121979992161
-5.535563448997252
-5.219731635305884
-4.729804706261063
-4.04023880227884
-3.1141597811157413
-1.9147176772473635
-0.4218673403288583
1.3497669508129038
3.3363233834481822
5.416930708727049
7.41600269502654
9.117555889619556
10.291130119359435
10.725992363612473
10.26714495267353
8.846217436893376
6.502973599369451
3.3945221966997234
-0.21105937156552804
-3.9583695777832117
-7.443677492166429
-10.264584000797734
-12.074069677089591
-12.630888238433249
-11.837590443572088
-9.760450260594109
-6.629729738283479
-2.8193023031500637
1.1959088026695912
4.90240685578078
7.8216479253747195
9.581668224982375
9.973871877680537
8.984979609476866
6.798966636700967
3.769363660157559
0.3665578117269994
-2.892801437496671
-5.524368738517852
-7.150070443813823
-7.555682100035798
-6.723018718222153
-4.8303238112197056
-2.220015078389198
0.658975502786901
3.3232300408562923
5.331474208543013
6.35660366983999
6.242042769478865
5.030964991425566
2.9611487121390923
0.4253505891760818
-2.096602955225181
-4.1226446384798665
-5.255109957439688
-5.253900559491406
-4.08320452203839
-1.922275176264903
0.8624452156330269
3.7779207528428516
6.286556583612905
7.89656448061595
8.24682858650034
7.172808241990677
4.741667826544544
1.2487541269639657
-2.82487775421914
-6.885884110813916
-10.320255827908072
-12.588963660510103
-13.313103272295015
-12.334903812169394
-9.744443576959785
-5.867852296429104
-1.2192156809487888
3.576067739224946
7.874329971991212
11.108466827253402
12.870060634529546
12.966483186234544
11.444535018524618
8.577429516578539
4.818219160770804
0.7290499436977858
-3.1012139722873298
-6.13963571984491
-7.982529779076304
-8.410242677080516
-7.415377497158218
-5.19947290430974
-2.138252872522143
1.2775096324387512
4.514065892813445
7.068927404550513
8.538697072461993
8.673427812871056
7.411803786426005
4.892208292062791
1.436202447722018
-2.494858870961157
-6.364345036891983
-9.63717824707964
-11.858734059144432
-12.724723137178025
-12.130523605382532
-10.189771469393051
-7.216830020349406
-3.675295862470161
-0.10158576509831609
2.983989814242992
5.1654219885559804
6.2042947796773396
6.084585476202691
5.019916340962038
3.4204380160716044
1.8230689063072936
0.7959252366518931
0.8317145154659825
2.244738901744199
5.08735035282558
9.103641842215248
13.734440357216252
18.178345251758984
21.503061227404505
22.791412342670128
21.299032729341008
16.598273717014663
8.68477058764908
-1.9722493073571088
-14.44701389144293
-27.44247127143846
-39.43532080155788
-48.86437915975944
-54.33773178960481
-54.82912692918224
-49.835349411303405
-39.47126343879989
-24.486667797544
-6.200456293220155
13.639927845815887
33.05539284234352
50.06244923989405
62.901651947502664
70.23948896439289
71.31905099223351
66.04048674374727
54.96258637509121
39.22845516806934
20.427218760692078
0.4099104493601129
-18.918112195178836
-35.803330900876595
-48.823853170212985
-57.022149791418705
-59.97784195569622
-57.816000565208526
-51.15454505146684
-41.00158892268398
-28.618134404269146
-15.363497594805105
-2.5414601515393227
8.735982464406781
17.653466494843627
23.755913541617414
26.965307931501336
27.549032147367633
26.04396463637516
23.148629799762556
19.602088575273957
16.06905394369677
13.047478975544392
10.810446605496416
9.38890055912861
8.595540882702739
8.08377598072152
7.430091768789782
6.2249517601100814
4.157112391748845
1.078612782843188
-2.958741893619558
-7.70077549258117
-12.722578981050725
-17.488767790016823
-21.43245347565942
-24.040811657187447
-24.93343779658932
-23.920137469260894
-21.029438614088093
-16.505618415119187
-10.776689053625148
-4.398263633482851
2.019035586614772
7.8876476976994
12.71455605248466
16.155884211915044
18.047120375679672
18.4059937988401
17.411442673027878
15.366224024422241
12.649927954768437
9.666776395904611
6.792226952106243
4.323768503489962
2.442740846727041
1.1945251687338956
0.49243610739533605
0.1450799407028895
-0.09950775383195044
-0.502550281273185
-1.2841366967757155
-2.579564196804706
-4.408571103878341
-6.6642085601638525
-9.124486314785099
-11.484306360627356
-13.40229886798863
-14.555316841814866
-14.690764924145716
-13.667140290011742
-11.476712486654396
-8.248195441322878
-4.2312888976613445
0.23193679078982293
4.744206527450419
8.89596778583759
12.310953863734118
14.689312942008785
15.841983496626131
15.710766080657708
14.371266089785573
12.019061530751504
8.94210578738209
5.484103667782982
2.00356344121428
-1.1674828593852573
-3.760550786031064
-5.598624154845975
-6.611578806336348
-6.837852552610881
-6.412231604784097
-5.540595713807996
-4.464259314142955
-3.4192502031203524
-2.5982109302789818
-2.1226313840780993
-2.0303240704772665
-2.2784037973736404
-2.7577183318279297
-3.3136735403236517
-3.7704341108234702
-3.956981010948813
-3.733449987392957
-3.0156939233530498
-1.7946472429020222
-0.14547057491930626
1.777645009999996
3.761289012479696
5.563343164346407
6.948387031690405
7.722830299641037
7.765492256124836
7.049206129679029
5.649173158100628
3.735360693237355
1.5493593919285487
-0.6300051343326447
-2.525964604756111
-3.9025883073816736
-4.598806914720985
-4.552973356995464
-3.8131615772312286
-2.5306958958346844
-0.9377921066037433
0.6876230366477746
2.065381368526458
2.9580042129221877
3.2086733428395755
2.765050214530693
1.6846813949911252
0.12112666238563276
-1.705550955904159
-3.5460053756077743
-5.1578745777289585
-6.3355728910397096
-6.931628611119607
-6.868973938841141
-6.143845040043462
-4.820167765985866
-3.018165700734026
-0.89983887722296
1.3482956588197148
3.53517030427898
5.484919024819677
7.052139064665818
8.13063577955527
8.656056196469887
8.604412414110756
7.989700228193769
6.862415966388335
5.307517881394632
3.439390645536573
1.3931477605274603
-0.686164425616719
-2.6540870876738567
-4.376320867818007
-5.738782347610498
-6.658924527471297
-7.096669665532488
-7.061452203917738
-6.611301206710191
-5.841718159020142
-4.866261369315596
-3.7944919030620845
-2.714165215159766
-1.6825504286969941
-0.7270219983189633
0.14875534314259378
0.9564798602369154
1.7141937471480302
2.437724908980157
3.133776147642406
3.795004984189072
4.397423958158427
4.901423130262603
5.257267286072124
5.413763660201906
5.32705404374165
4.966719197954445
4.318814347812027
3.3881700674155097
2.202055627805857
0.8139888582292393
-0.6960220517537018
-2.2273313628493954
-3.6697367951208557
-4.91676031166031
-5.87818884580464
-6.489531530071902
-6.716293888463368
-6.551975692687438
-6.011209750544949
-5.122324914050421
-3.9240008439170007
-2.467247802643466
-0.8201483840358594
0.9277585898023883
2.6638809281392892
4.256717612657209
5.5680189252923435
6.471475935842259
6.872669056757724
6.724674353564232
6.036346439530695
4.872749581015628
3.3479339388849545
1.610821518908634
-0.17341762051681903
-1.8429185985936243
-3.2563089028800634
-4.30523522154602
-4.92143857539139
-5.0793411601728184
-4.795246910377087
-4.122792390812601
-3.1445703789230737
-1.9622810755579994
-0.6880553231386289
0.5630027758754896
1.6802390901430602
2.565204479336325
3.1399652196346945
3.3559116583934823
3.2011402257370825
2.7035239267495546
1.92816788964271
0.9701124442853658
-0.0558891805307644
-1.0270806979866063
-1.8254560162687574
-2.3514588023212935
-2.537801631858358
-2.3615012334673553
-1.8514626511928338
-1.088458963477405
-0.19462398782358484
0.687359217933639
1.419767992706704
1.892235874906601
2.0367754759151793
1.8354061254672374
1.3215141383060929
0.5754114776538544
-0.28646842342482104
-1.1289163258023236
-1.8190678609797353
-2.246195196062402
-2.3361042196765283
-2.05867707556053
-1.4293665969203757
-0.5068518691332543
0.6115498614286747
1.7973512243118892
2.90279233169804
3.776917949313232
4.283587288988219
4.3194059084020235
3.830330794338735
2.824712445077877
1.37918066870034
-0.3657740476161171
-2.2212005508865644
-3.973523016491341
-5.412551093249209
-6.359506937256856
-6.690755828198621
-6.3529883497761235
-5.367936964675778
-3.8279153767491105
-1.8849592938247657
0.2642821289553656
2.397547799331907
4.290438582680662
5.7434153985628305
6.6083827116220455
6.808993026524568
6.349955564364401
5.314179776965064
3.8492439283627395
2.145431776424867
0.4083292883895005
-1.1700798646285098
-2.4373605927164252
-3.29882807123286
-3.724302624354162
-3.742709606868423
-3.4267561341172845
-2.8724143748430255
-2.17981636822667
-1.4405443021589759
-0.7316207016588633
-0.11381245023934575
0.36764553293374475
0.6812293705276206
0.8074450499150538
0.7378863613219329
0.47551720026734273
0.03742210636312843
-0.5394272656770674
-1.191853226526238
-1.8284953375253172
-2.3357937660633303
-2.591161951734843
-2.4794949772955737
-1.9106678471136258
-0.8385364839608896
0.7193266145936431
2.665901758852327
4.8188829743914585
6.918709038212482
8.652465747610696
9.693450454931785
9.752625075476704
8.634208940795341
6.284741262188167
2.824393098401962
-1.4480903423374303
-6.080615025614352
-10.521225376036694
-14.192216977118546
-16.57323819973126
-17.280591907965764
-16.130091420531713
-13.171790195321906
-8.689219973412527
-3.1633938498914986
2.791237836270862
8.507734002016942
13.352182976987862
16.80253116891113
18.510960799622143
18.34142430504783
16.377475624018214
12.90077835616212
8.34496569376223
3.2335282675973183
-1.8868396524950475
-6.508220279958051
-10.213570774889245
-12.71421105693829
-13.868829478847195
-13.684617177128393
-12.303508354980828
-9.975421471786092
-7.021659782838765
-3.794196285755992
-0.6356147444453396
2.1572052597005245
4.361840220517243
5.847962160815414
6.582871106253038
6.625476393533328
6.109361375224472
5.216539709406188
4.14579273070545
3.0810727847853876
2.164939627146475
1.4807376678869788
1.0461564679698871
0.818421846212832
0.7089438093871888
0.6052513310444781
0.39741012330698494
0.003330477125834773
-0.6127104052557956
-1.4309172104938284
-2.377058720382542
-3.3338094650587595
-4.160255479337908
-4.715971498777419
-4.886332990918556
-4.60586931005647
-3.875288288668132
-2.7668334784327113
-1.4146574076722453
0.008396680290455148
1.3222655767975802
2.3722855554818083
3.0558279951452194
3.3379349666380196
3.2541582333454393
2.9006794637074087
2.412556552662512
1.9330058796682454
1.5803527411640008
1.421646512433241
1.4599005323394978
1.6368253076543122
1.8490325266539258
1.9740303566245165
1.9004866308299748
1.5552046766954732
0.9199459904519838
0.03497788853593158
-1.009813110422235
-2.093000107075752
-3.0847681244280594
-3.8709208052350808
-4.372951559351973
-4.558874555283273
-4.44159837210807
-4.066408035839719
-3.493374108952692
-2.781518444624653
-1.9789772165158526
-1.119438279482089
-0.22326291829780795
0.6975463255027228
1.6310305643092233
2.555787373757211
3.434135975352614
4.211006679372439
4.818973233629065
5.187917654077294
5.257649204433546
4.9914686313628955
4.387273734368259
3.4825714806614947
2.3516170739430637
1.094966237795241
-0.17642483537385883
-1.3584137550467046
-2.367720304371633
-3.150270143506188
-3.6834058009602133
-3.972875032782059
-4.046347210068524
-3.945378832959985
-3.7175459668353366
-3.4099221461551386
-3.0641133347875
-2.712767649790453
-2.3776259812233635
-2.068309435717417
-1.780477370950113
-1.4934512860732563
-1.1692940384061457
-0.7560349953191597
-0.19711591853035448
0.5535003975365929
1.5148332350389113
2.6663472324661903
3.942339199912219
5.234172100374334
6.401047274793012
7.288922614315241
7.754695862982705
7.690850376838145
7.045054127020205
5.830128988660356
4.122573071069723
2.0508972393696845
-0.2223745050128909
-2.5199323429899194
-4.667316070458361
-6.50981212882573
-7.929213069214096
-8.857538581765201
-9.282648405344231
-9.241780004232792
-8.80351248029821
-8.04403956105612
-7.025500587566066
-5.782358424781082
-4.319495049218909
-2.6229718762174645
-0.680534284597095
1.494425683465104
3.8428023099117463
6.249495250196462
8.545852928180869
10.525012989758915
11.968387455659638
12.6794696304254
12.518520273881945
11.43048805140028
9.460507928438348
6.754845977777654
3.547448374225495
0.13335429834620774
-3.167964544767699
-6.053563338177021
-8.275298400481331
-9.670055644833273
-10.17845551212975
-9.849104665575938
-8.827043603851722
-7.328202460614443
-5.604294354270671
-3.904081627529712
-2.436998446578864
-1.3439548877226979
-0.6795203777505827
-0.40825374449090135
-0.4153417508173896
-0.5321554829935882
-0.5775663865342731
-0.40779294634681024
0.04265364445877322
0.7459463157328334
1.5977490771943328
2.4582223147538227
3.2013777890229695
3.7575482910713123
4.138300766860121
4.436761780167692
4.801709541354399
5.391515354346532
6.319595594181607
7.6046584529438315
9.137566221213097
10.673312828927653
11.852590280094345
12.252201368508693
11.457540126387675
9.145610002402936
5.164162533310494
-0.40842018787592577
-7.23627761945228
-14.741273592127937
-22.160533546916625
-28.637032170498085
-33.32935137634289
-35.52621428323881
-34.750894488716135
-30.84113741299751
-23.992169172453675
-14.751534392852907
-3.958088855255453
7.371061478506042
18.185470317886146
27.547317246974533
34.74902986211487
39.381986093690394
41.346960309795534
40.81033433027044
38.121734892750936
33.714154783042574
28.00900978858669
21.346680327316854
13.955101555932897
5.958595727888315
-2.578383040933696
-11.583907383312118
-20.903959729516092
-30.23837125096481
-39.1038834083348
-46.8379928059674
-52.65054947615431
-55.71925083822728
-55.313829258367576
-50.92619713917363
-42.38278640736136
-29.91977310678264
-14.208355954442744
3.6754717649432624
22.334599162563
40.1799922172332
55.59290270340245
67.1022180986249
73.55446493626317
74.25275673572347
69.04442629922114
58.34571173650808
43.10213426432813
24.690643498095728
4.7750959629723795
-14.86866793882656
-32.538976620081236
-46.78433335078584
-56.547364852095306
-61.25929550807602
-60.875111933651446
-55.846969114188745
-47.04145769969168
-35.61415342369338
-22.85927997796419
-10.053948259541047
1.6829378987281025
11.499044916046984
18.87263525317629
23.628855003317742
25.910992851615923
26.113884352339298
24.791085365858315
22.550766797936728
19.956427985018884
17.44710658059981
15.287467273258276
13.552629853771684
12.14708295758807
10.851333507492921
9.38587451981384
7.48055504752235
4.93686215787786
1.672335151801692
-2.2577749441038018
-6.660501191820602
-11.224250812692212
-15.555274472708671
-19.228221697189948
-21.843981027544835
-23.086276336692016
-22.76851822372873
-20.862804351690016
-17.505747120300242
-12.981290252731588
-7.685261513377385
-2.0785768865512773
3.3636279145909405
8.201179450679788
12.072685302206864
14.730688859844994
16.063849358287964
16.102280130978677
15.005284155414255
13.033758077148295
10.510770275839361
7.775495155997654
5.137838213731764
2.840990755377035
1.0373424160209594
-0.21918928370576407
-0.965106912471861
-1.3076159205052298
-1.3979127273413625
-1.4015995237077137
-1.4702757252664975
-1.718099020495273
-2.2063322175979616
-2.9376100733692376
-3.859910387873089
-4.878716080394842
-5.874729227356347
-6.723415300865998
-7.312566976506958
-7.555620878621952
-7.400044628124647
-6.830615702293968
-5.868238366080456
-4.566301225246108
-3.0058025263018364
-1.2877342675136738
0.4788530751342938
2.191055328044938
3.764256992866552
5.139333646027847
6.283882782467864
7.186963596034673
7.848263438862657
8.265594103212909
8.426317187303495
8.306372277937905
7.876302550055981
7.110823987409203
5.998929062165185
4.553013737809502
2.815539682353945
0.8611262843521248
-1.2071918036033393
-3.2669220701598207
-5.18890776863403
-6.852677327039579
-8.161751678220536
-9.054500947987108
-9.50715696178822
-9.529208391456303
-9.154270723556547
-8.429855057438894
-7.408071141158934
-6.138002528069074
-4.660368590840643
-3.00571632790535
-1.197655720447326
0.7385737416878649
2.764669639696299
4.819498977587899
6.8149897286598495
8.639242941038304
10.165643293692014
11.265021513247934
11.81862505028465
11.731648728118738
10.947136875150786
9.458066912543753
7.314752249441747
4.626279922024486
1.555786580201954
-1.690926744195057
-4.883414178742039
-7.78893868306537
-10.194868371504583
-11.927482120750293
-12.86625818022913
-12.953919683512867
-12.201161922841091
-10.684429962584979
-8.53675733977609
-5.933275630945619
-3.0735518147452408
-0.16300742930932435
2.6043616247407284
5.059883034973959
7.069537885188441
8.53890408750834
9.414268547881782
9.68078294748376
9.359651758149754
8.505594458232299
7.203349272561268
5.561837512037785
3.7065044883132603
1.7709189663280989
-0.11188677805556965
-1.8181327706639487
-3.2419780151017754
-4.3042241199320666
-4.960749806975433
-5.208919794714981
-5.088565806948445
-4.675245623345608
-4.06704340596951
-3.3683451714275567
-2.6740648862403176
-2.057105428472952
-1.560325134137474
-1.1932763945776756
-0.9343607539834845
-0.7381878269254322
-0.5461032282817098
-0.29813568563479553
0.05480116243499378
0.5410614450761189
1.1637922040473085
1.9021160202460305
2.7151034490777315
3.5454843312717457
4.322752363806028
4.966834413765874
5.392276593507066
5.513099422619689
5.250593452805679
4.545430456302414
3.3719652246718774
1.7511857905698667
-0.2407603395179695
-2.471353010832294
-4.759496445899854
-6.8912358372664855
-8.64087507625145
-9.795792405054353
-10.183002098606371
-9.693561740097866
-8.300570850662867
-6.0682673328319
-3.151731245770151
0.2119977156212039
3.7213141665273937
7.037237037190502
9.81952278567411
11.766991245776946
12.656360194965126
12.373679407147984
10.931788868513303
8.4703477175579
5.240610384773626
1.578563368022599
-2.132261659898242
-5.506662414163823
-8.20656653692143
-9.983569358210604
-10.706816356783136
-10.372779680268344
-9.098653269323476
-7.101941807603077
-4.6676323963371615
-2.1068481047985093
0.28547927098510306
2.2671806976883904
3.675413303168391
4.4398103255393675
4.580919044299328
4.196639307270832
3.4417590004977923
2.5049075476750886
1.5844133307426054
0.8624257826158577
0.4781581595515387
0.5048110830511282
0.9356890125387157
1.6820257583142615
2.5826815790938857
3.426149901287906
3.983782952395018
4.048959080550354
3.4753290886925257
2.208479791646275
0.30558682492434636
-2.061747914396246
-4.623326101818297
-7.043033083711337
-8.963362735382411
-10.055278136684073
-10.067576137465727
-8.870379426483026
-6.486862128501821
-3.1072249596658006
0.9204088027426797
5.124427990640353
8.965873236663814
11.908696274376446
13.4960007370444
13.422858313307934
11.594142237362062
8.156005412621449
3.4923706155168666
-1.817104988419343
-7.0731789881174985
-11.554957681401579
-14.623828766919896
-15.818746982894362
-14.929670550783182
-12.03581931020093
-7.498716173104812
-1.9102795229683083
3.993090651555096
9.435653282028706
13.711473467288286
16.28108259894562
16.84098297706586
15.358067068175318
12.067452875218489
7.4357494949591905
2.0945286161311376
-3.2482309113798578
-7.908019209393862
-11.321096883952308
-13.122980555470878
-13.193664267680962
-11.662669490925959
-8.876441494891889
-5.336728222133404
-1.6214220601996105
1.699239386586325
4.1398259242141835
5.3635918874260105
5.22922656838777
3.8151994350071035
1.4154122641810933
-1.4966665470981624
-4.332742961517948
-6.476693132388996
-7.383675869305281
-6.676975092939966
-4.226037111843661
-0.19161490396223707
4.971155227826313
10.556676412751557
15.699812428922149
19.505139744289085
21.195642804861063
20.255425997304982
16.539846677886153
10.329814118085373
2.314808921499546
-6.498078253124143
-14.935469186001935
-21.8418312974467
-26.26351920596781
-27.601637278557508
-25.70767300338229
-20.90498889330085
-13.932496156756768
-5.820587118118963
2.2781820699821984
9.271982116707044
14.293302035772067
16.818645043515456
16.731192831804282
14.320859840006785
10.221521683040594
5.294411321215634
0.47799695604092013
-3.3687301638612603
-5.602581335117273
-5.890139537873376
-4.246406253700356
-1.015902087076622
3.1963727991285475
7.629839719443951
11.49105193781348
14.075053804058774
14.86776830141176
13.615788634998138
10.355664222506164
5.40173815813213
-0.7023775350155828
-7.260600950547343
-13.519058286912953
-18.765233469660803
-22.417312666661097
-24.091424397098837
-23.638423675777975
-21.148059603903548
-16.92412389909071
-11.436738842794938
-5.258788000784939
1.0062586583727506
6.797483223697591
11.66070569394836
15.292699258419276
17.559036626017747
18.486329472459232
18.23370446128046
17.049953671376045
15.224333568992026
13.03904990261868
10.72898420698509
8.452467505599781
6.277527765478197
4.186831975506497
2.0997242192291243
-0.09409442415860736
-2.495738813479584
-5.160481415902414
-8.070649579503854
-11.123063155408662
-14.13273280821608
-16.851368866972432
-18.996209116355296
-20.283873671083143
-20.465487066494813
-19.360511029001664
-16.886958964133022
-13.08482328114864
-8.127800663904187
-2.3187303542134305
3.9328501408774215
10.149597251953097
15.836771012686285
20.535941436412422
23.87418885353603
25.602984661676068
25.62125124715135
23.97901703002571
20.862735862460234
16.56646302176762
11.453522318085923
5.913548012028253
0.32091342322256433
-4.9987671413056445
-9.7884172857404
-13.862499944148027
-17.095406973336157
-19.40431857966962
-20.736718666307272
-21.065995103193575
-20.392952030687336
-18.750424689180424
-16.208349689875455
-12.87717234299649
-8.908751568873885
-4.493662746619906
0.14700527780506453
4.775540320586635
9.153108724415713
13.050440683694365
16.25183650270889
18.558314599216363
19.797003804124312
19.838555849679327
18.619750009817363
16.16675464358584
12.613201223636855
8.205867808133782
3.2919892434000735
-1.7123892027885403
-6.367558959649668
-10.261295322958954
-13.059570896940924
-14.550777284636993
-14.676166886554267
-13.53880892617503
-11.386614618072526
-8.571904275666752
-5.496526905432711
-2.5532602258852686
-0.07188474211168608
1.7231748850418367
2.736838677124451
3.0049434760753395
2.6747083537432133
1.9696511645021582
1.1464876379255269
0.4513222686326388
0.08055404068745602
0.15090245374418465
0.6835628500532674
1.6065446185769563
2.7744047491873607
3.998823388088253
5.081932982421118
5.846850938818418
6.162261535315118
5.958956751805054
5.236420397090404
4.057618428456659
2.5332717232805946
0.8017247017675004
-0.9891017249326893
-2.6950041271101965
-4.184828918388727
-5.348683339875461
-6.107292300122654
-6.42113213762408
-6.2951373580012735
-5.775340064523867
-4.937287302235185
-3.870526410626915
-2.6648641364381245
-1.4017624303247334
-0.15157732641889174
1.0247947189456947
2.0729119788295884
2.943171309756229
3.592254141568609
3.988071059455239
4.116211698858325
3.98454267428595
3.623647633430772
3.0820941985117956
2.4173568036733175
1.6859054619315
0.9362186243135789
0.20598444979073713
-0.47708515097759274
-1.0915771329712967
-1.6169250776146324
-2.029041043419799
-2.3008172813091194
-2.408039737643921
-2.3366157707234505
-2.0872395684596223
-1.6781144687189675
-1.1477540933498303
-0.5552129094749786
0.027610468181234395
0.5304594500740704
0.8978807131883096
1.096425778900472
1.118082097086111
0.9819381826012775
0.7327685882671102
0.4347152634200177
0.16009322837746787
-0.024146442893780713
-0.06931166146078334
0.04411812618775297
0.2995309601740078
0.6450304735818686
1.0040100346218244
1.292744561873945
1.4389680086752543
1.3950293335784378
1.1425801227799846
0.6905526316734323
0.06992898832708463
-0.6729565033808155
-1.4843257722206364
-2.310222699582343
-3.098880270007757
-3.79590097342501
-4.3359087895459485
-4.638001053479836
-4.610781665065354
-4.168037147139154
-3.2507873813776684
-1.8483930991634268
-0.012805862438380057
2.1364244533729826
4.4174853471395865
6.603254506355603
8.448529607638099
9.722265361711747
10.23932757505058
9.888413689913865
8.65296200831323
6.620822098372381
3.978546293511452
0.9881932841685015
-2.050713590251941
-4.846067986382804
-7.15519334111083
-8.816119207911443
-9.762792355875675
-10.0222360072031
-9.696396566635768
-8.93548032997773
-7.910860280643733
-6.79319544146631
-5.736030783881606
-4.861011571497947
-4.241137941785015
-3.881010190083038
-3.696127477531556
-3.4981389922142054
-2.996979527939191
-1.8302579909626446
0.3748108212040127
3.9108976135734355
8.88714702691932
15.136954491633714
22.162978270181945
29.1412203680287
34.995373953520456
38.53773911979731
38.65759095890199
34.52492428440815
25.77237268263211
12.622695955078449
-4.062477779604423
-22.827311142455816
-41.760371912537465
-58.71167867009468
-71.5598531166424
-78.49289704637924
-78.26307143135239
-70.37883678988045
-55.20427766767178
-33.949078570726506
-8.548879833627106
18.547605854572005
44.65614034315479
67.16331439209064
83.82268440834606
93.00414630698295
93.86814002852101
86.44542842037235
71.61283017208746
50.969954368371035
26.63803019553411
1.0105544204721246
-23.51263491937301
-44.77641190295339
-61.078591256301166
-71.3149258354244
-75.04895036280188
-72.5034861751617
-64.48028785804458
-52.222964804944965
-37.2440680686505
-21.13980734452508
-5.415021188514606
8.662500108910146
20.16401490453937
28.549997039943246
33.66812165048805
35.706541273352194
35.115512242404094
32.512072468770796
28.580708438723967
23.981126440858464
19.27328744590248
14.867012224200053
10.998864230753572
7.73558217674533
5.000940500853629
2.6201327697098744
0.37337910414676095
-1.9500979104447609
-4.504880108822729
-7.3536563408744895
-10.446989573110283
-13.622615633682097
-16.62592231519731
-19.14846137180289
-20.877499770339735
-21.547746324859297
-20.985857966226064
-19.140285458105502
-16.09309251275375
-12.052962419600819
-7.329621819307936
-2.2929030385056826
2.6763271271901248
7.234332223893901
11.112904160956333
14.141464477655433
16.250978576943055
17.461491086235565
17.857008195183663
17.553748881346763
16.66907518705433
15.297536042949591
13.499246597673386
11.303041827337736
8.721617278361201
5.772643089759563
2.5001168208102516
-1.0093821024805907
-4.620179802694204
-8.1525240156521
-11.39783955533303
-14.141119508095667
-16.185986513552734
-17.377712353089333
-17.62087794550747
-16.889754833535306
-15.230457179259268
-12.755550083677617
-9.633357580121356
-6.073847491042768
-2.3113348595070105
1.4157756469572491
4.885943880833733
7.912821310897426
10.358380466521883
12.138725542144414
13.2216042257732
13.618064053166536
13.372784488804463
12.555601408935967
11.253785530837927
9.563907808149832
7.583458493696236
5.404100530055629
3.108320390019217
0.7693356616818757
-1.5467262222098686
-3.776540295372859
-5.853540926838452
-7.702606748031554
-9.239339539585606
-10.376213573812603
-11.034523698333222
-11.158255028876969
-10.725114743807854
-9.751655002976571
-8.292003009305857
-6.431072521463367
-4.274446399001677
-1.9383467772714096
0.4584711729381876
2.80131863582869
4.98437435532075
6.912615215470314
8.501603960721761
9.677407650955432
10.378160109742378
10.556899842985231
10.184728564107905
9.25507757686793
7.790426823202966
5.849503850027995
3.5302131710570017
0.9656108857858667
-1.685471980664792
-4.249783634041401
-6.55175800689656
-8.428147972863908
-9.746407029626168
-10.424249306815744
-10.444993210802735
-9.862932420706546
-8.793881876491326
-7.388769223886926
-5.794055820947497
-4.110091385434047
-2.3625163703466803
-0.49899875567787394
1.5852336511653056
3.999519912362375
6.800156275592507
9.937403674315503
13.22054478241005
16.31126441317458
18.750560010462713
20.018273683787644
19.61748854700019
17.1700883466977
12.506788120298845
5.734734429731838
-2.7313095720504696
-12.182022805560157
-21.672658849513443
-30.124935625421276
-36.46053810171163
-39.746688421895186
-39.331080128206516
-34.94549999887666
-26.76245190971684
-15.396889618190128
-1.8533996596381577
12.574939293085416
26.445310857162696
38.32640288809496
46.963378107968175
51.4259691817566
51.219848683079
46.34538530165327
37.29499364423346
24.989650533961232
10.664686595711752
-4.277960074647829
-18.430410194861395
-30.53147261479592
-39.5924890454003
-44.982758479805646
-46.46817051978363
-44.20317672464683
-38.68051916635601
-30.64723813218415
-21.000448693773674
-10.679261022687697
-0.5672118670110013
8.585207478942605
16.21203926490246
21.954999558022052
25.66135428495636
27.363361550382145
27.24527913441108
25.60256099699612
22.79828153057829
19.221035989151844
15.246077843797465
11.200213422968757
7.332622443092909
3.796820533094111
0.6489164872354191
-2.1375713649027515
-4.644699893799436
-6.976202524029874
-9.22214608661365
-11.428108926552428
-13.57374852151954
-15.563465509392872
-17.23085671109621
-18.358253952551607
-18.71066759174979
-18.079670988631467
-16.32910309565796
-13.432674524611022
-9.494751938728717
-4.749821616058524
0.4589810691506374
5.7185481793679696
10.595624336653227
14.690170148562885
17.684754874950226
19.38304726597051
19.730350581849578
18.811030499559404
16.824094564354553
14.045139091853857
10.78417396574136
7.345299123522138
3.9919222951331386
0.9215776151981483
-1.7463322984096312
-3.9693061853779437
-5.7684739238407365
-7.205921248727132
-8.357912530976131
-9.291400106383048
-10.048499852238338
-10.638664360423714
-11.037213752278264
-11.191131900341112
-11.033051543173112
-10.500437867161484
-9.553334085375536
-8.184852489331904
-6.422539008148766
-4.322378306702484
-1.9598648844504987
0.5769761502023648
3.191015831003158
5.778081511768393
8.22997152514928
10.437750284380186
12.292464457893091
13.682785953483842
14.493951090496077
14.613506326909723
13.946219917161915
12.436218838876675
10.090169538368361
6.994395744751544
3.32207679880585
-0.6715089408749624
-4.667664880665917
-8.316305860042625
-11.277905413635791
-13.270193980106399
-14.111088558824441
-13.74756974350679
-12.264484182422134
-9.87368075268392
-6.886968122065329
-3.676658138404338
-0.6285645651903472
1.906118318189718
3.654940707346467
4.460619535316797
4.3033550786185195
3.301275048408736
1.6861720869198429
-0.24166219228978852
-2.1698022977466973
-3.8257405493753587
-5.008954059313933
-5.5960839179876345
-5.523594336935108
-4.759438323580091
-3.2768472078596167
-1.0409418034959763
1.9844711656721816
5.806578613439698
10.353781079639855
15.419770962527494
20.620653577517377
25.384001661405655
28.982214303050537
30.61200000564761
29.51173366016811
25.10092977580527
17.11967180961167
5.741119956307754
-8.369231623676216
-24.065883258927645
-39.81227309096107
-53.83843503864111
-64.350140654785
-69.76410038035912
-68.9364253006397
-61.35007155333982
-47.232341240659885
-27.581416041867744
-4.091351930842055
21.019683098663045
45.2563453554925
66.13443747341168
81.47167075393583
89.64338083739153
89.7719681381753
81.82760942309419
66.62834254625848
45.740021054252075
21.289540502432846
-4.284121169589348
-28.50906531707504
-49.15484525934264
-64.46810156880645
-73.34091626528388
-75.39352683866306
-70.96584687131723
-61.02474814844831
-47.00503481831657
-30.60981505216331
-13.59875859813159
2.4087575012292777
16.093245543096838
26.54259920227675
33.30107812751246
36.36058788253617
36.101280956467114
33.19377507096332
28.478433797105414
22.83846193539672
17.08371253384277
11.859909323951179
7.592595507761979
4.468102425690093
2.4477884924589715
1.3084723892088284
0.7013126203678294
0.22164655473515388
-0.5179706467103655
-1.8199791342614295
-3.8479481668592794
-6.594283205231808
-9.874777957805327
-13.351996133492086
-16.585281701359342
-19.10011718110592
-20.465211643603865
-20.364155347309676
-18.650011787079293
-15.374567426880429
-10.787557326364515
-5.304980740126327
0.5488590252381798
6.21473596193536
11.173484740070945
15.00988961591113
17.45562045895267
18.40595141099704
17.911886055921595
16.15509382960922
13.414153673888892
10.027640444757626
6.3561240147399705
2.7447403421583005
-0.5095539886204871
-3.1810207306145197
-5.1260575691149795
-6.283147357077189
-6.665651267828834
-6.3519069706045945
-5.474766394629664
-4.210088460713046
-2.763013883893404
-1.350320348314757
-0.17800393049413113
0.5826185969762367
0.8148688699061218
0.4702116764132225
-0.42508252628287874
-1.7711423222790816
-3.4039746824582515
-5.112101928113629
-6.659003981229594
-7.809475579891926
-8.356746558429757
-8.147330333941566
-7.10173997626493
-5.229418740789895
-2.6353649746399297
0.4847513371178953
3.8632544781588867
7.191519892187549
10.157338025646068
12.480911154317258
13.94423676577419
14.411862996860755
13.84271172867189
12.292734145759702
9.90737399313191
6.9030309918688415
3.5393913273811695
0.088247931452251
-3.1944910771299426
-6.090246801015044
-8.432924703954168
-10.117908360626146
-11.104384175905283
-11.412145826096003
-11.114180520738058
-10.324336753320297
-9.17989639175163
-7.821633625229957
-6.374902954608972
-4.934518749821594
-3.5553505228754414
-2.2495495518828776
-0.9905627160231026
0.2759627892822457
1.6151558321052608
3.082895323322494
4.707013574495123
6.472257014678022
8.310286683722353
10.097539715024931
11.664316728639056
12.814978392073986
13.355059980535247
13.119811749886066
11.99924635522996
9.956420791569256
7.037828476955317
3.3756153560430024
-0.8183369835841933
-5.265032330770241
-9.63628694427278
-13.578710269763505
-16.744418598146414
-18.825879029195768
-19.58974655714351
-18.904864196481135
-16.761753149724342
-13.282669151634337
-8.720598578808044
-3.4438661405456816
2.095714022655477
7.408475365217471
12.019523382936557
15.520682565095603
17.61465292709121
18.14515143801414
17.109800651173376
14.656563249925547
11.066271522515134
6.723111159362825
2.0741601360030364
-2.4190876191008237
-6.33015158158197
-9.309916297996883
-11.117909734605226
-11.641717629458949
-10.90381278978884
-9.055083290295899
-6.3551749941847335
-3.1414633728529955
0.2092975474395203
3.3220095295881804
5.862862761229899
7.573343402276353
8.294580404847586
7.979423348591132
6.692119668524085
4.597721846098821
1.9426801831070204
-0.9736565341119305
-3.83480401767582
-6.344591648057893
-8.260290157550454
-9.417129059696004
-9.741263158465284
-9.24975014041887
-8.038352715972785
-6.260278534720545
-4.100177773489027
-1.7476274762359858
0.6261031306353342
2.8846635273615604
4.934207867026203
6.721289505141507
8.222445367713766
9.42810155894562
10.324495372764808
10.87930407519715
11.037014103514863
10.726355942150258
9.877074943036002
8.440270023608093
6.4065223978886285
3.818803385385586
0.7795963726842966
-2.5490069468715624
-5.954379661173321
-9.191865952677015
-12.010549627805995
-14.182453557857247
-15.529664862996539
-15.944959942307458
-15.406058613658116
-13.985044673247328
-11.850095459725004
-9.252828882681971
-6.495693424090382
-3.8792499548902195
-1.637289504475791
0.125507927275478
1.4764319637145409
2.662233137048431
4.070366957975275
6.144510140916471
9.26855047387752
13.64209198225756
19.1736924517103
25.418225954007305
31.580480468786117
36.59510151339145
39.27567150665298
38.50998883250401
33.46905949772788
23.794627845812315
9.732718581628621
-7.813335685192606
-27.327209104536013
-46.82350804495072
-64.07615784234103
-76.90033920803305
-83.44715261945137
-82.4677770105974
-73.50803641606358
-57.00427476799564
-34.26599076636109
-7.3465221005881505
21.181686943122074
48.51725324428018
71.94713536601971
89.15100432138757
98.45618802673238
99.01412704821337
90.87952685254186
74.98548323507272
53.02042299470966
27.223485862103516
0.12448841456264814
-25.73711819166361
-48.07814757446598
-65.09276058963817
-75.60819643575837
-79.16327248720478
-76.00605638897396
-67.0148158950512
-53.55444114379733
-37.28856591802571
-19.9730377910827
-3.2581213636618704
11.476279505156045
23.23596553884669
31.470405618656816
36.072228491248495
37.32403816887458
35.80475448101358
32.27186092387784
27.537833083069682
22.35824994732015
17.34531397954954
12.914730037750234
9.267653978907969
6.404549339009934
4.16510081068304
2.2864915530530303
0.4704244788860878
-1.551580412519356
-3.963849543940508
-6.829915063159966
-10.07758113002661
-13.506579092770579
-16.816125324855296
-19.647097465593713
-21.632815339640437
-22.452257249772046
-21.87880324279583
-19.817475030077187
-16.325446020291366
-11.613480107040548
-6.028461235679079
-0.018741760526533265
5.914735715413003
11.27633308092545
15.63446741319196
18.671679876543212
20.217783322757438
20.26162448051638
18.94180589890999
16.519449486818274
13.336812131991387
9.767552051361886
6.166817703761815
2.8290332206248388
-0.04095941175081884
-2.3402153121566474
-4.062812317079293
-5.27992727850702
-6.110280570166201
-6.688305084171608
-7.135987518675591
-7.541570920714946
-7.946527176640495
-8.34138710647826
-8.670833361196362
-8.847229795866003
-8.768947513960299
-8.339215355108667
-7.483778523148932
-6.166760651653239
-4.402089736596584
-2.2568112653660317
0.15456403976500802
2.681995126152194
5.154912443500011
7.39780223024942
9.24430850065163
10.54984078607841
11.204557057027653
11.146677765712699
10.372814269049993
8.941483331587406
6.968467520596636
4.61574810892447
2.0763534884862853
-0.4438541708578898
-2.74636233780509
-4.659726628678793
-6.05562394762122
-6.858540089886594
-7.049073483282328
-6.663325222295706
-5.789384591330275
-4.559462672374028
-3.136928317391156
-1.6993057925740596
-0.419062213504002
0.5556074247908069
1.117828716091813
1.2148943256616864
0.8548717717390363
0.106262303443555
-0.9081505267913214
-2.022805681811184
-3.047482749136137
-3.791539681570257
-4.090101349319393
-3.827634673662125
-2.956157339392036
-1.5054933462422235
0.41698822115186585
2.637845648972463
4.93865714366267
7.082758293113789
8.841884512615328
10.018750266449459
10.46562522329597
10.100181346753288
8.917447061892357
6.994224102479648
4.482621011554198
1.5923773837328625
-1.4349458803728414
-4.355195485416613
-6.94956944042402
-9.047038774923958
-10.537494605331844
-11.373033034638256
-11.557711952952756
-11.130278206080604
-10.146776593390815
-8.668593960373604
-6.7584116528227804
-4.484265859727542
-1.9296081579945437
0.7956169970832779
3.548753919431908
6.156895051660294
8.429342657275942
10.179562130905053
11.253256972654185
11.55544714304432
11.068293956573452
9.854890299736748
8.049261478770479
5.835526435968995
3.42021237768591
1.0033067365072879
-1.2455878706803218
-3.2016532482713727
-4.788615017982454
-5.973019185636258
-6.752562490227757
-7.14400603010657
-7.175367820166011
-6.883685391942518
-6.3164440865170715
-5.533453323655259
-4.606433379733549
-3.6143710419615998
-2.63311866613157
-1.7197575077396596
-0.8963812038180332
-0.14083476097331232
0.608862719010273
1.4343228864332445
2.405803401435468
3.5504664346029084
4.8295755975177315
6.130801713879423
7.2782203524786535
8.059230094095359
8.263978476414188
7.729215986970665
6.3769263767013
4.24042295068107
1.4743042194454716
-1.6533846550097249
-4.787207629361125
-7.5272674882515895
-9.485532658341347
-10.348794788474187
-9.937924281960022
-8.251980642428107
-5.48694375621383
-2.0214183645401147
1.632658355247379
4.907890281187562
7.274720821701932
8.334246554795284
7.8944740604616745
6.015204721540539
3.0099448310131924
-0.6000996508891348
-4.173973771021886
-7.063188417418318
-8.725084177897298
-8.81758843053331
-7.261765138778033
-4.2620869765689795
-0.27839466878927016
4.047763164286931
7.999785928673227
10.907057904447907
12.259546244559308
11.795596648214765
9.546737748155037
5.83142243341643
1.2000665534812165
-3.656677959926174
-8.019341820641603
-11.253003652064532
-12.905532562970373
-12.774967037722014
-10.934551666010936
-7.71177400878019
-3.6263577589454976
0.7011703590720478
4.653992734651036
7.717675719985557
9.55565266388084
10.049194318401078
9.295843391534639
7.5685223983870396
5.246759272457208
2.7368806897634177
0.3978307158163305
-1.5144626024779686
-2.8767762432439254
-3.6999086565904076
-4.102620812532965
-4.2638089316799075
-4.364435054813658
-4.533548299406418
-4.810870960131516
-5.134151453362787
-5.353901581741622
-5.271718848717665
-4.6928932876036935
-3.480929213363375
-1.6015692688068288
0.853252184046786
3.6666745718876133
6.523792583797349
9.059589783085189
10.918773343042993
11.815737124795886
11.582945448319041
10.19855663059182
7.788723089837149
4.605359252808633
0.984746987771251
-2.703877479016636
-6.108359381358838
-8.93280839431618
-10.96243221760538
-12.075415091029992
-12.24349668559696
-11.52176869908209
-10.029846488497569
-7.92937421746178
-5.403098348262056
-2.6386340301347935
0.18228564693380567
2.890133771886323
5.331794761049949
7.374831662172544
8.912384505174748
9.867878898566762
10.198822966487741
9.8993729449597
9.001140563902482
7.571891778829982
5.712359886282437
3.5514013213137017
1.2394959654226585
-1.0596907674627782
-3.1807326587745384
-4.971888673243063
-6.31331820459212
-7.133616824389608
-7.419187236932896
-7.2132544155882385
-6.60499491371043
-5.711886643319075
-4.65942963763699
-3.5619907235170247
-2.507327153855803
-1.5468364762934819
-0.693551371326482
0.07180476944616064
0.7894762674415405
1.5077259019053173
2.2694219411001892
3.0975634060755124
3.98169167856222
4.870561646523694
5.675732645597525
6.286200480451667
6.589417031890121
6.492340942969512
5.938228325650975
4.917250978106593
3.469469982708759
1.6796537424682083
-0.3340052399630675
-2.4332318932105035
-4.471132867401396
-6.300490489390168
-7.780775788031427
-8.785900878127093
-9.21291231528385
-8.991361974150553
-8.092854191505985
-6.539195085020682
-4.407707443427964
-1.8332859948470313
0.9936922498254089
3.835988852722291
6.427292163556565
8.499833446844633
9.819282613606248
10.221394695211178
9.64295863464338
8.139566496591712
5.884874098761135
3.14950425480152
0.26206925892150884
-2.4405407561624632
-4.6634882496852175
-6.195239044277551
-6.933205616584583
-6.891107208607824
-6.188168892464833
-5.0220877894748215
-3.629820095079889
-2.24309629556387
-1.0475596074465277
-0.15327673813415996
0.4190426603062468
0.7338420164963525
0.9175608292261288
1.120170170396117
1.4713348657229812
2.0432985234158036
2.8293583948158045
3.7412120345973237
4.623645971752214
5.282550063948168
5.521152966172617
5.178440590661237
4.163462869992367
2.4800783179489314
0.23825267723109955
-2.3503188719578105
-4.993376193706757
-7.355201213446968
-9.104655612985525
-9.965645185139767
-9.761591850147967
-8.447267308889773
-6.122787192536813
-3.026566066808951
0.4927669005175233
4.021818965635913
7.138612028565269
9.471215020273233
10.749719643301122
10.842739002779394
9.77246432512564
7.707157842613206
4.934307125847769
1.8194702610871811
-1.244698316722485
-3.894149750931942
-5.845451900648778
-6.93412901406223
-7.132262327616579
-6.542510843469976
-5.369837951229882
-3.8769908052678863
-2.3333044209699225
-0.9674608602944372
0.06619720098685944
0.7021864385212558
0.9595988431755733
0.9238083896823602
0.7202572645566134
0.48547101591769465
0.3394516413007835
0.36395913797167967
0.5906868845023202
1.0002925007550982
1.5305860678708503
2.0914559083852153
2.5833229671659117
2.9151826954380025
3.0191271410383376
2.859648196444461
2.436899457300878
1.7840747009941347
0.9603582572708761
0.04179276297783471
-0.887603765991167
-1.7431792651400668
-2.445782461404402
-2.928018654150389
-3.1416064184945864
-3.0656802314199543
-2.714354015195282
-2.1402724948814544
-1.4307196177500545
-0.6948522700793657
-0.04364563691725119
0.43269970880496833
0.6829980616450395
0.7033914780259289
0.5348088819051372
0.2525327043842802
-0.048886936026722595
-0.2734909988988352
-0.3422863982304007
-0.20827142894463366
0.13541210291618755
0.6552761009051774
1.2841522811697308
1.9324316024249182
2.5011418268707755
2.894741628522686
3.0325704378015956
2.859089830202146
2.3537894919018507
1.5396141747275212
0.48549474318481417
-0.7003336622520429
-1.8846971001656634
-2.9276475600617835
-3.701334257042806
-4.1070188656057365
-4.087950313241642
-3.6368457215080823
-2.7976270132997807
-1.6614187405130005
-0.3571058112962647
0.9627467562409859
2.1393441650601788
3.02718570773343
3.514067001327984
3.5385505085328743
3.1005696540240804
2.261662010697532
1.1347594844123174
-0.132869772091031
-1.3794607430296295
-2.449285293241455
-3.2121796439723056
-3.579262713682999
-3.512448831678238
-3.026773666924826
-2.1853609423459197
-1.0877656642051274
0.146130471466629
1.3934590934637503
2.54378913222861
3.5103966547447243
4.236078972593746
4.692748119191969
4.874517901155757
4.78554957900423
4.427112244464506
3.7901728234316523
2.857206317560761
1.6126095471579474
0.0588474091147585
-1.7660051359232163
-3.775056287393221
-5.828523282267983
-7.7405280499645075
-9.29602069481759
-10.276032539889954
-10.48823781207643
-9.797871279155979
-8.153626443405589
-5.604826554973365
-2.307376468435187
1.4834025140540625
5.4334443833787835
9.162949387693708
12.288942627147922
14.471828976754352
15.458616420518917
15.116443914912715
13.451977651880389
10.61376031601034
6.876091740644635
2.605372929125217
-1.786286792229124
-5.891854846472537
-9.355944369489325
-11.911139579830873
-13.400615883890257
-13.784998270453627
-13.133057747521832
-11.599207303516073
-9.394154567312892
-6.75530105938554
-3.9210118526289977
-1.1107366187806784
1.4884101736279864
3.72945755219533
5.509287256440087
6.769446309901328
7.495130204730243
7.712880722181674
7.486044680024357
6.906538724340122
6.08290708708182
5.126344157873821
4.137137362635047
3.193481670183303
2.343211540042878
1.5991365827488138
0.9403728914625674
0.321137331301819
-0.3153359006264325
-1.0217880233207044
-1.8333795194787659
-2.7569725476405056
-3.764811076791962
-4.7939545354200614
-5.751640312171791
-6.525620077761191
-6.998651155739937
-7.0668294381828405
-6.659849441079605
-5.758316200250336
-4.4027016039654665
-2.6911603544302927
-0.7665194192239816
1.2049525616365775
3.0583749880197337
4.652680156859288
5.885542593061303
6.6993741478325095
7.080392580287578
7.053094661372384
6.671228093022629
6.006326618260402
5.135603187451578
4.131124952111979
3.05181767038355
1.93941341894798
0.818911987109337
-0.2970625835909457
-1.4021411771564436
-2.490402634543457
-3.5510585199372833
-4.562729263587585
-5.487653282208381
-6.26796207897754
-6.8263488774577175
-7.072194963699277
-6.9133123185757235
-6.273259498921481
-5.112529587878192
-3.4485068507474863
-1.3678024854929636
0.9727045355251055
3.3568412772277263
5.5319993932933915
7.242028392279269
8.26489010674433
8.448522124864294
7.739823909703397
6.201955466690853
4.013921479411076
1.4485578877167133
-1.167898583292099
-3.5050261562078484
-5.2755267247266175
-6.272775018842408
-6.394643405736909
-5.6528610542626865
-4.167965628292566
-2.149969869012136
0.13271227825895837
2.3908793077060597
4.352961645044066
5.7982878103848625
6.579893320433388
6.634945683815322
5.983855069512916
4.719215709671377
2.9859673482734266
0.9569540791391389
-1.189713782936137
-3.286858948321202
-5.187266547611763
-6.7674504083400775
-7.929075830651312
-8.60015490375847
-8.73624209284344
-8.322198162612898
-7.375949109602323
-5.952333175580844
-4.141778392625127
-2.0612577976137914
0.16006023178638562
2.3959681205904486
4.534800449908353
6.484395254976215
8.16999747510253
9.527417960545444
10.495419283046477
11.011331399444417
11.012771074758888
10.446707914761246
9.284448743185811
7.537721137441579
5.269627012374534
2.5965196430501156
-0.3192914663143658
-3.2840849637521976
-6.092376496891736
-8.548447955615734
-10.485353103034614
-11.779445558818203
-12.36289057993165
-12.235713967059313
-11.472124900463383
-10.21286086082521
-8.641225861508234
-6.948299935057544
-5.296259499745863
-3.7887088838239222
-2.454074561569161
-1.243519655925756
-0.04223947943814133
1.3070894130355803
2.9699229609847917
5.076611762304708
7.6756602379334735
10.694399921733037
13.920305671851166
17.011535426893072
19.537740018887014
21.04618011764101
21.142547266708927
19.570125876808053
16.269574317770125
11.406325776264161
5.358639547666458
-1.334872888701698
-8.060501504165481
-14.229613165371655
-19.370928074859496
-23.194233557715254
-25.61232257274428
-26.71814691321429
-26.72403546163411
-25.878001574834993
-24.378341292234072
-22.309151194746565
-19.613845463608573
-16.11354361390979
-11.566213909638739
-5.752991471462904
1.427892857201984
9.87984815734385
19.255880638199603
28.947484290211744
38.121485795845715
45.804857572301884
51.00736277743227
52.86266153454782
50.76414907971454
44.47278947461503
34.17963259162751
20.513599461545066
4.492980552935094
-12.573485121339527
-29.222975791771248
-43.994503158275776
-55.58506786556057
-62.987857126922016
-65.59631968858733
-63.26081512971603
-56.29042645983232
-45.40187084870238
-31.626280714037346
-16.18979607971899
-0.3849143602823516
14.553561888629918
27.557830789628124
37.81203052690703
44.804394133113945
48.34391779998117
48.54437360223026
45.78002205777597
40.618383157246676
33.73877710953284
25.848520661804603
17.608085094682327
9.572610361054833
2.153586095878379
-4.397193554904522
-9.980767136062093
-14.623013004756778
-18.43035659517145
-21.537003955876127
-24.053655664502124
-26.028021781309775
-27.425173566619154
-28.131168451264763
-27.978092066462978
-26.78377396587792
-24.396543399127058
-20.73625299609803
-15.825530857706344
-9.807201045414988
-2.9460715559078103
4.384149004357936
11.727467724867003
18.584579987016962
24.46105363846656
28.91855023043028
31.621488427623273
32.37241069194536
31.131776663394692
28.02100558962281
23.310027019019838
17.391172104595263
10.740752368114345
3.8709084039802932
-2.7224506629675593
-8.607899253530235
-13.456458564311015
-17.065476313133964
-19.3666586728388
-20.4174812353424
-20.37682706457281
-19.469023020291953
-17.94302357630843
-16.03322859751382
-13.92729080301738
-11.745693707562829
-9.536276655597042
-7.283805551024975
-4.931524186012794
-2.409543491399391
0.3351884460949701
3.3115848135218413
6.46416299824826
9.66495186953121
12.72116726488017
15.397906672812839
17.450457952249266
18.65903027717272
18.860320541236163
17.97213112854966
16.007492203857932
13.07601553308359
9.373434807215657
5.162157124128611
0.7450625062533599
-3.5653083566399997
-7.478576571257282
-10.754944733838471
-13.226332303952262
-14.807010382451962
-15.49208398304469
-15.345598101482993
-14.482587456042278
-13.048480905172987
-11.197327906273959
-9.070958801470521
-6.783686302074741
-4.417357824584956
-2.027526574211835
0.3434494024087642
2.652201636098222
4.843435067605767
6.844947723537682
8.570038502286472
9.927430636755707
10.83674545628283
11.244853122854066
11.136927645672111
10.537984726072944
9.505320630138769
8.115901787848207
6.453376897434439
4.598057241396446
2.620982468626026
0.5814013271384598
-1.4724301888459115
-3.498209499045212
-5.451245802463814
-7.275976826227625
-8.899585732782239
-10.228603957744733
-11.150320276939771
-11.541670243353266
-11.286725478179957
-10.300787949816142
-8.55626276222495
-6.103891305787383
-3.08284661250951
0.2844783899399164
3.7125764589003345
6.883982772455928
9.487469147737137
11.25931432302125
12.021475440996843
11.708834950348951
10.37981416028935
8.208885001673112
5.462655064093717
2.4632577757616536
-0.4552353085997385
-2.990634781490059
-4.910169612079181
-6.076062088384543
-6.455698361960228
-6.116519499542312
-5.208300647921429
-3.9361433145823757
-2.5277308896657313
-1.1991885757396759
-0.12499985078372532
0.5827025944134834
0.8830564912720273
0.8049585974668384
0.43739484200163886
-0.08769949437449961
-0.6194713478801772
-1.015866168384566
-1.1691124491914016
-1.0227844758076912
-0.5769318981561906
0.11797041577698937
0.9743563584138434
1.8837322823282285
2.732438203749474
3.4155868480808538
3.848797707877581
3.97671600269918
3.7766859012885226
3.2571687128407496
2.452373100386241
1.4151762669841723
0.2098684073549416
-1.0939995143196595
-2.4250393900794185
-3.7098848597546943
-4.870708743954916
-5.822676615194528
-6.473852972881783
-6.730553361897568
-6.5095235348800005
-5.754389405512083
-4.451755050324599
-2.643224934330101
-0.43085774932333853
2.0255177561748754
4.519514902115182
6.817338681760286
8.683179435736038
9.907263194803864
10.331947558007487
9.872814968900755
8.533547502548407
6.412819664619191
3.700304444694072
0.6593865995829548
-2.40327502462177
-5.176313226411653
-7.381812392561246
-8.807113292341244
-9.328716682176978
-8.926962882093221
-7.689243957366265
-5.800631788833276
-3.5218637863134648
-1.15552478102187
0.9960839096752085
2.6736377800704023
3.693636050330801
3.9648020665670227
3.489192601867038
2.351867119348538
0.7022633585988972
-1.2658712861168677
-3.32713602300855
-5.2291167436648776
-6.697830536742694
-7.451599968291838
-7.224231200174373
-5.796616677699136
-3.037550223856211
1.0483358226929098
6.274326255809532
12.240039131248743
18.32853181978052
23.74521708044612
27.60462152667193
29.05696162801225
27.433257248448147
22.38169066349743
13.968646902116065
2.7231963418921024
-10.386752906207091
-24.046343863253053
-36.74250667675402
-46.95052997400999
-53.33342214792882
-54.924864882170404
-51.26739615900954
-42.48499249808981
-29.280895486073355
-12.862771279638295
5.194073522569021
23.127696806511562
39.19140164257972
51.85051266618525
59.94929767733172
62.82790750102576
60.376124798277786
53.01892028077604
41.63828938512503
27.445755959546503
11.827138112162082
-3.816831153042335
-18.213198331632327
-30.327550074570997
-39.43412830554452
-45.14275469446969
-47.385611540168554
-46.372415581134575
-42.52650258588729
-36.414039684024814
-28.67521767948629
-19.96380093993498
-10.89932144669891
-2.0326562180090137
6.176554190557996
13.371841567277635
19.30252459675259
23.819535391558865
26.866592526872733
28.46696678577047
28.705894089844897
27.710864662953675
25.633362458682505
22.634630511065037
18.87631899017234
14.515316537642226
9.701863960776308
4.582061079292959
-0.6935366912641974
-5.956894023114232
-11.01064248561492
-15.624128460450537
-19.541421507381088
-22.501233002241907
-24.268198458054982
-24.674816631240567
-23.66566573915363
-21.32678009520749
-17.88537822965805
-13.676107084183215
-9.08079400745299
-4.456631686954341
-0.07214136595253184
3.9307411555734357
7.537843758212917
10.828642669964514
13.918163898634345
16.8901039790126
19.736547438596762
22.318703205762706
24.36012280321827
25.476881096881154
25.239734407587914
23.25647471863316
19.26054342122016
13.191552092713758
5.252639569543204
-4.069903302234859
-14.034140227058943
-23.716212481701884
-32.118997490741286
-38.29809616864444
-41.48518257923304
-41.19074233537087
-37.2738817402099
-29.972213768305735
-19.887523046905837
-7.92500535995192
4.810331937868964
17.14600754248745
27.980319269843516
36.402765576423405
41.778121717987
43.78447013036215
42.40657797530948
37.89511763200064
30.706288598533817
21.43667912060345
10.765793225676365
-0.5866272611582694
-11.888617997062525
-22.416065903364096
-31.474364025605013
-38.42893071000877
-42.74613806762772
-44.04022154730673
-42.118400961448344
-37.01608986563472
-29.015494911637113
-18.643197865711546
-6.644572751852852
6.0652102799987695
18.47156495606173
29.547174938791176
38.34669579423234
44.09913539441042
46.28744935604088
44.70601675440155
39.48885652350783
31.10455055593543
20.316492663634666
8.110124095266453
-4.405863492951614
-16.112206395419378
-25.991841444605672
-33.23014781668365
-37.292070595756755
-37.96848055820505
-35.388038210930695
-29.99377395901724
-22.485410625271268
-13.732944145213079
-4.673487896168291
3.794343201466063
10.906350169186148
16.10890482190092
19.10646333049463
19.872485931331497
18.62024050450833
15.741581407207523
11.73233089093209
7.122932901797
2.427020587608118
-1.8867445948945185
-5.404326706609431
-7.770934998823505
-8.70435663473454
-8.023128875176292
-5.685617349067957
-1.8287747426189782
3.2067830252403104
8.87688306355598
14.466813419891308
19.160105199659963
22.138898975658083
22.702650245600818
20.385199884219045
15.04920917605148
6.940377620292688
-3.3096546151474038
-14.734319131736495
-26.131438896907607
-36.19867390991455
-43.688613261916096
-47.56494688293584
-47.13985556748516
-42.17313563420801
-32.91815857799962
-20.107852481594488
-4.882607336422574
11.330972874593606
26.976679449719207
40.542206094061065
50.727164584902205
56.584147665144854
57.61668276298228
53.82325466950928
45.682517487767974
34.083456377208734
20.21216123770899
5.41093812066925
-8.97239657580328
-21.726275045890407
-31.89139739941699
-38.83863233096328
-42.30233373285354
-42.36958598250964
-39.43149376486085
-34.10592208085584
-27.143860380530484
-19.332996869662093
-11.410451319644421
-3.993266882613726
2.4682193810479887
7.711269356771434
11.653915665439815
14.362183205555567
16.001032654504044
16.78294512560891
16.92387935827874
16.610170466254004
15.97808112896545
15.107400203143735
14.027595030567984
12.731755183036894
11.193475522753124
9.383813065515241
7.286632162273935
4.910457022247932
2.2949940550806005
-0.48782675335062353
-3.336823210276747
-6.127885948763595
-8.724027340429126
-10.987970654230654
-12.794378373961646
-14.039605918676108
-14.6484924606697
-14.578483255471747
-13.82189027584008
-12.407277196603582
-10.400100938138369
-7.9016572296575305
-5.04539082668505
-1.9906607475708205
1.085184260024032
3.996177603812972
6.559529804777051
8.610529863271935
10.019519879144328
10.708724778272458
10.665975609500585
9.951224657960518
8.691862283294329
7.066007009135771
5.277591672506464
3.529501607631151
1.9997346134294118
0.8226974566606896
0.0759607030136456
-0.2272229485502875
-0.13911670419822805
0.22710076584804176
0.7079157998626159
1.1099199563041788
1.2432891189680484
0.9630848160924543
0.20637600362388264
-0.986329200262415
-2.473181983890533
-4.039738414803169
-5.450247508399408
-6.508185089222911
-7.106688612543264
-7.2532122733275495
-7.063400895602608
-6.727709603547011
-6.458955601855843
-6.43157409023474
-6.72380433826923
-7.275380467613627
-7.874289900656381
-8.180088655321482
-7.781100043143721
-6.2762410748360145
-3.3681019152622844
1.0500782858153206
6.832233317200986
13.557406180513745
20.55538356577191
26.978766155259596
31.913352364203863
34.51245865439213
34.1342496283324
30.457584204007738
23.554211839937842
13.90341520371364
2.346434423887421
-10.011996621015909
-21.940228021756383
-32.234475414320116
-39.87002701783244
-44.127836715376716
-44.677539486753936
-41.6037437351881
-35.373483635259056
-26.75396264960535
-16.696406515080056
-6.2054117614788415
3.785408596520399
12.51406724003546
19.45680735230456
24.35632402672774
27.21100613604237
28.228845742964147
27.75590302595672
26.194580104491155
23.927298859473794
21.25755598454444
18.376007281568313
15.3543008706528
12.164543649197501
8.718366468195569
4.915725784201813
0.6928914580087108
-3.937907088717846
-8.865023917093731
-13.879426102213072
-18.70318115308016
-23.031416397937992
-26.56963606092339
-29.05472666544437
-30.258627255936002
-29.982226154336953
-28.051520679784815
-24.328653965101903
-18.74527373277484
-11.354261166141898
-2.385248732057926
7.714069249201847
18.266682186447348
28.396034195605342
37.10052258286444
43.36795920307588
46.31568725950369
45.33195898138861
40.19030083338667
31.11497154503813
18.784903709220494
4.272378360424613
-11.072828916460752
-25.768935257763857
-38.35263425070158
-47.520110137126466
-52.25057011735888
-51.906900681528114
-46.310330065396876
-35.78541864299525
-21.16881730412747
-3.7732508708613213
14.701673908633584
32.31558525379444
47.08353531132432
57.20285461778442
61.28232472251046
58.54199611878586
48.953082012786034
33.29219910878797
13.094131189797997
-9.49790748831779
-31.96955132748396
-51.7317862772887
-66.43881567984465
-74.28400934816533
-74.23123000731565
-66.14788855071339
-50.82265943215904
-29.869117844137985
-5.53091473960223
19.585908970826896
42.819640545179574
61.75934749642231
74.51266489312098
79.90344499127151
77.57768993611545
68.0084612797796
52.404611378191206
32.540698863542445
10.533475356230031
-11.40575364752887
-31.212656865924796
-47.17725610283549
-58.09519375184266
-63.350458684327705
-62.927460472778336
-57.35845741442169
-47.618042565233985
-34.98096561536367
-20.862460636068413
-6.6602561095216535
6.385098793678207
17.299057482692493
25.44268364794243
30.53805004215329
32.649052398956734
32.1241346078564
29.513034952843057
25.471507641702097
20.66719718242596
15.69751584969874
11.027671886150781
6.955113471676511
3.6039161077124295
0.9474326524595824
-1.14820531802071
-2.870665985310372
-4.409058096925763
-5.910779066640368
-7.4525292071790386
-9.028335976902431
-10.55522529217799
-11.894344183078871
-12.88269567983664
-13.368674226976308
-13.243902245617345
-12.465050613228799
-11.061997495232001
-9.132137869055832
-6.8237558529602484
-4.312727787046465
-1.7768842485371787
0.6276127144443979
2.784062997378063
4.624845359188639
6.131791785208886
7.32773450784489
8.262034215823483
8.99385258819916
9.575158136052487
10.034459050218985
10.36413109525171
10.515530380934008
10.404404112827004
9.926606840954392
8.982087955744628
7.502273490054144
5.473449081371426
2.9496769190832324
0.05295460794301827
-3.037813738325267
-6.1065228422192055
-8.926477295113486
-11.290861851935642
-13.040531939402753
-14.08160176878774
-14.388820691061705
-13.99540087892004
-12.973564912232126
-11.412466129382171
-9.400112210562055
-7.013743737616298
-4.320840502155883
-1.3902079225792612
1.6915964966470454
4.8065066862827726
7.801179116758417
10.496229375996503
12.706303775866429
14.265228072374057
15.049686775517726
14.996644874680007
14.112268554067457
12.471271128835848
10.205820508166546
7.485227201039486
4.491559416163794
1.3982484434740974
-1.6432102001873474
-4.50729482129071
-7.091713865840855
-9.311945327229367
-11.095877313527277
-12.379453771409631
-13.104505366908251
-13.221131947338097
-12.695323192290502
-11.518874594123158
-9.718340351168138
-7.362670792863432
-4.569316350736603
-1.5054682607846332
1.61957355439201
4.571917474000442
7.118367404116286
9.055639332628187
10.238668867937227
10.602653710175574
10.174114803700132
9.068526947555027
7.474583289644917
5.626648905887147
3.768628440733324
2.115137979631277
0.817904108626665
-0.055214576474213
-0.5245177165634537
-0.6861414290568858
-0.6861757674631026
-0.6865627069119709
-0.8299526601564541
-1.2105914683248926
-1.8564701892001736
-2.7257968365557033
-3.7181463219506905
-4.69744455826788
-5.521449176613504
-6.070941582913521
-6.271501443166744
-6.1025390395472305
-5.592355481406229
-4.802371908235025
-3.8064920828524027
-2.672703128333455
-1.4529977386910553
-0.18359760392589933
1.1078005051581452
2.3932953753796733
3.638301444577485
4.79857429784652
5.821267301633823
6.6498113082902
7.230882114031013
7.521787642165823
7.497433588624683
7.154512336985915
6.509475932086844
5.590268235266968
4.426294477043079
3.041743517131801
1.4551353334065933
-0.314367291683084
-2.235551277282261
-4.252511888983999
-6.275415434398368
-8.178133299161779
-9.804716668955132
-10.985333375159755
-11.559759466777697
-11.403674691655457
-10.452310612721064
-8.717198351151877
-6.292779316604713
-3.3504079918012053
-0.11974647093556132
3.138360755220905
6.1613633510381876
8.712435544590381
10.603973446426643
11.715651535029462
12.004702881053186
11.506030601455087
10.321279960082755
8.59877015710028
6.509088689726142
4.222640120114048
1.8941407165576962
-0.34457178136831856
-2.385711623896566
-4.1450418488500835
-5.563376148818695
-6.610020966337905
-7.284428160037164
-7.612782746537648
-7.6393642905496355
-7.414404023851468
-6.9812155546398795
-6.366818654859483
-5.5795940634386625
-4.614035509765748
-3.4601129406062476
-2.114479951016653
-0.591038095937463
1.0710098722947883
2.8029795705699025
4.508103285992697
6.069419336637306
7.362576427774362
8.270605722395802
8.69820549775104
8.584025029682445
7.910004808966548
6.706484989710912
5.051632825704634
3.0651546752707604
0.8975651263098878
-1.283930972578517
-3.312133159402162
-5.03729954492451
-6.342075333037645
-7.151120289886966
-7.435525950732434
-7.213182111030447
-6.54432517922121
-5.5214939592250545
-4.256040729264308
-2.8644093752979214
-1.4556031880950016
-0.12065560383462866
1.0733280105595917
2.0822582352703445
2.879276864196044
3.4488600988652895
3.7835264274863363
3.8835240463223917
3.7591401227028514
3.4338904508132195
2.946324421700894
2.349702504649539
1.7092474673616027
1.0956765470684484
0.5746416162312264
0.1948699397717805
-0.020533929304166677
-0.07744116075138859
-0.009793599336485851
0.12432203173979543
0.2500677405623175
0.28717394619033204
0.16398176745602483
-0.16855642827911885
-0.7261283126227316
-1.4857307262492623
-2.3859651447539827
-3.3316940846814553
-4.2020518680167305
-4.862200993298595
-5.17944660453434
-5.043075720065946
-4.385850632501249
-3.202803218871463
-1.5610763370070895
0.40303803631952567
2.498888766474062
4.505307182987986
6.200501032376528
7.3928324166479795
7.946234277053371
7.796696389225223
6.959034222423617
5.523570223977066
3.6429725430061173
1.5114036983749617
-0.660878786498592
-2.6741588716188436
-4.362625780663428
-5.609590925869619
-6.3527223999494025
-6.581332153709244
-6.3288146123526205
-5.662400417522122
-4.671815948673697
-3.4585124885666243
-2.126805565166024
-0.7768428344438418
0.5019819362912161
1.6375213320986803
2.5792261480400556
3.2980872892118573
3.782199454462606
4.030101712563529
4.045140774233335
3.8341152157118996
3.41103624922229
2.803167071699841
2.0552619055737344
1.2293011772027256
0.3986462289867229
-0.36251356203416124
-0.9911216015084449
-1.4448819485698483
-1.7080594277079402
-1.7935425656922162
-1.7403808863412804
-1.6058662839415447
-1.4536127878105949
-1.3404202254207582
-1.303858105799251
-1.3529456422785382
-1.4651632081968962
-1.5908211945530004
-1.6628485326941167
-1.6098298082483034
-1.3712191494961028
-0.9134687293590815
-0.24383635206414714
0.5829458406956413
1.4686542261617137
2.2866813294326445
2.905866088429215
3.217848978465877
3.161393498989498
2.7379954971721436
2.014486917341747
1.1109011813279217
0.1764385590533775
-0.6403579173890156
-1.2207357093416977
-1.4982317889823744
-1.4696014769114778
-1.1916094649944295
-0.7647732411492887
-0.3088188576134546
0.06375492576501929
0.2702701434104114
0.27228165841565904
0.0791896484144301
-0.25903074276914095
-0.6669810306644546
-1.0616944181139611
-1.3683734671819496
-1.5313082356340977
-1.5194092237162156
-1.3276821841027782
-0.9763799918336673
-0.5077593959478202
0.020439745676992083
0.5439811002851068
1.001637709668267
1.3437475267793073
1.5386007044170937
1.5755241869395176
1.4645691961543896
1.2337730451063398
0.9246034900289664
0.5855845021454742
0.2649374296109196
0.003805119562564809
-0.16919682466131072
-0.24196999183476614
-0.2208375446917443
-0.12947184869255945
-0.004443733236825096
0.11205370362207095
0.18077846162495811
0.1734766880266432
0.078837671482803
-0.09484452226804133
-0.32116119094624684
-0.5612446189027553
-0.7721336109290904
-0.9156419747609481
-0.9662007368955738
-0.9164214131414945
-0.7786309785842779
-0.5815620539254815
-0.363608756054
-0.1651068140077766
-0.021262636187923394
0.04369534904800113
0.020331549296817075
-0.08527411649816243
-0.25325717371010376
-0.45175138212773397
-0.6375315992361216
-0.7574065529674467
-0.7534572162368257
-0.5729830641571377
-0.180944729974571
0.42812495748044227
1.2212061889340828
2.1232517021714745
3.0211805798899967
3.776755967070701
4.248082181737812
4.316081196227488
3.908882820036478
3.0173286137431723
1.6989020096319682
0.0712179315832048
-1.7030057485651502
-3.4373553391510616
-4.945667336642139
-6.064612367663736
-6.673244478130558
-6.707858918688435
-6.16869288261085
-5.116292450597884
-3.659408549382639
-1.938768167464993
-0.11040578597471726
1.6697349053616868
3.2593072987352443
4.540904085348296
5.431214964111167
5.88723106120134
5.907627056935988
5.528125134748228
4.812286715647788
3.8419782203119937
2.710941279790675
1.51914389165002
0.36230137461408113
-0.6837640665174337
-1.5770902085339524
-2.3141331079467187
-2.9214040631679294
-3.4363932273323687
-3.884777729535323
-4.262094518217525
-4.525815115143836
-4.6001001941796655
-4.391325712416457
-3.809950958630134
-2.7950378200420767
-1.338704607985336
0.49369454796247136
2.5539396534914025
4.6179351041988586
6.411769594760875
7.653254035899722
8.100214936110328
7.595283796268481
6.098885595475085
3.7056602824279685
0.642049714960633
-2.7557794230281423
-6.081492763163477
-8.910072263155053
-10.85514248270582
-11.62546944503049
-11.07071842216578
-9.206086512519411
-6.211162003282974
-2.405111795616618
1.7963167778020488
5.934958582811822
9.566967915767995
12.313436503644848
13.899530342845585
14.180864720231273
13.156055993608447
10.962675821685133
7.855434862698783
4.169328006811689
0.273315064223102
-3.4775319086947745
-6.782387875709273
-9.42143903614679
-11.26755763357176
-12.283836177858474
-12.509531647343211
-12.038652411538093
-10.994853666849323
-9.505139282402276
-7.676904267158093
-5.585344036278117
-3.2760508251574487
-0.781551880182168
1.855158866931512
4.55927181781649
7.211921133308211
9.650124317258172
11.679845358191159
13.100912687679777
13.738341614490635
13.472321273822073
12.26155071512136
10.157797597914465
7.309509671804832
3.951444414398213
0.3796416338727957
-3.0844796260465777
-6.134131348082244
-8.514040872478546
-10.049147254845776
-10.663612420691578
-10.389447664322502
-9.361794252344755
-7.798136402617116
-5.963430660259864
-4.128090880728288
-2.5268588745645264
-1.324424720042368
-0.5929268352893159
-0.30699852667632643
-0.3581549580684541
-0.584891599726778
-0.8139039058355967
-0.9054411204948873
-0.7896102591699525
-0.48046964677465365
-0.06179212244658164
0.3544474820093864
0.6865132593981222
0.9380410814677019
1.2289390718221342
1.7893074477995603
2.912889583659554
4.87606785609241
7.839130213560508
11.754077079107418
16.30337840359177
20.88865506249625
24.680924925333194
26.732787143651088
26.136324946930674
22.19734254740308
14.594582104103175
3.4969463087021686
-10.383930235245383
-25.82193900265752
-41.18954129475797
-54.64408335023581
-64.36265877920079
-68.7924247093737
-66.87922892479187
-58.238595631031345
-43.24209440641116
-23.007336626509463
0.7054267367325392
25.676909883604427
49.47105008853074
69.70644089771032
84.32359949827581
91.81619971749234
91.39856576337077
83.08844219399585
67.69505475603263
46.716453516051
22.163028276979468
-3.667635064776065
-28.436287043536794
-50.00011282555782
-66.61842087152058
-77.10579280747646
-80.91920584316043
-78.1736833448093
-69.58899017184181
-56.37656250397093
-40.081323951241586
-22.39714977577387
-4.977481081462212
10.736255839871058
23.648097847149458
33.08873106074531
38.83797111822376
41.09044881279682
40.374940901882496
37.44266698833063
33.13944060470999
28.275797229725782
23.511850037293456
19.27525881562346
15.725778512148777
12.769812592501827
10.118576428085799
7.3771732606214515
4.148817094596896
0.13641826684540873
-4.776901521571522
-10.483469624492374
-16.651274975638987
-22.768751080868217
-28.224011873355934
-32.39996158829606
-34.76566261132657
-34.950057022629075
-32.79099928158468
-28.35672956332612
-21.93864811257637
-14.017066903054726
-5.206570021113517
3.8094161431853295
12.346373631452199
19.78243994244653
25.61261870048097
29.48868586969874
31.242270097324678
30.89067193160549
28.624984886872536
24.78028179613925
19.790843202348686
14.137502925592843
8.29523593472382
2.686914438046378
-2.352751682189284
-6.5987347824575
-9.938927922959646
-12.359778854216668
-13.92028971198633
-14.722425902718541
-14.884539582312335
-14.521543320690188
-13.733021777602584
-12.598695758497097
-11.179850504093066
-9.525331059985263
-7.680063567607717
-5.693072501169273
-3.62251976871223
-1.5366110835246924
0.48974262989669437
2.381131962255914
4.068603910703651
5.496126359548474
6.625869654528945
7.4412849492375654
7.946917683167515
8.164524277923531
8.126088250170387
7.865009955793194
7.407834251259116
6.770252982078519
5.958187571615663
4.969408395051643
3.7938116462344094
2.4185885483956957
0.8437157670385673
-0.8959828196879115
-2.711345317035581
-4.451003514635107
-5.91236523600728
-6.872958544714509
-7.1350053280163594
-6.572002871980564
-5.167641610391831
-3.0389530006989283
-0.43708264551315035
2.2766663290442772
4.677074849926719
6.337361819791964
6.897771739048298
6.128418323305088
3.975402445700307
0.5826790601702
-3.7128871912712347
-8.41306842472799
-12.916329038862493
-16.59769906330994
-18.89612382932784
-19.392040478340963
-17.8640068619145
-14.318388110082571
-8.988440234078244
-2.3036289869900544
5.164527566270333
12.770803668847314
19.86835070058276
25.8741196320471
30.318739400316066
32.87492957415001
33.36373813534212
31.743875360697263
28.091935177892097
22.580341739134088
15.458590416577119
7.041462450367708
-2.2954650634925358
-12.115552475600843
-21.920031608204
-31.15099316447109
-39.2038735455424
-45.45420107934818
-49.30054176458911
-50.22171233393818
-47.84284068076939
-42.001572879441916
-32.80342578717416
-20.655138455990784
-6.266213854817683
9.387460106958356
25.136802601301707
39.721235246697
51.90697736178461
60.609098685459514
65.00437368943373
64.6221855784822
59.40190528228586
49.70860904223307
36.30448382927288
20.2792933326752
2.9481880465419983
-14.272199376621446
-29.996964201853295
-43.001763767782904
-52.3337951129568
-57.39329120865823
-57.97708466006479
-54.281095063312144
-46.86393557236097
